/*--------------------------------*- C++ -*----------------------------------*\
  =========                 |
  \\      /  F ield         | OpenFOAM: The Open Source CFD Toolbox
   \\    /   O peration     | Website:  https://openfoam.org
    \\  /    A nd           | Version:  11
     \\/     M anipulation  |
\*---------------------------------------------------------------------------*/
FoamFile
{
    format      ascii;
    class       volScalarField;
    location    "1500";
    object      p;
}
// * * * * * * * * * * * * * * * * * * * * * * * * * * * * * * * * * * * * * //

dimensions      [0 2 -2 0 0 0 0];

internalField   nonuniform List<scalar> 
4096
(
3.880178879e-10
-3.457868684e-05
-0.0001480131313
-0.0003329752332
-0.0005641946769
-0.0008208997235
-0.001086335627
-0.001347168359
-0.001593162793
-0.001816685002
-0.00201217555
-0.002175680914
-0.002304458173
-0.002396652055
-0.002451039417
-0.002466834465
-0.002443547571
-0.002380890642
-0.002278722291
-0.002137026405
-0.001955918065
-0.00173567111
-0.001476762001
-0.001179924934
-0.0008462135155
-0.0004770645623
-7.435990441e-05
0.0003595176843
0.0008216380186
0.001308489808
0.001815962704
0.00233934771
0.002873358713
0.003412175646
0.003949508699
0.004478687346
0.004992772841
0.005484690821
0.005947382213
0.006373968898
0.00675792966
0.007093281137
0.007374757916
0.007597985547
0.007759640197
0.007857588998
0.007891005791
0.007860458059
0.00776796221
0.007617006085
0.007412539396
0.007160934735
0.006869923549
0.006548512791
0.006206888378
0.005856310213
0.005508997416
0.005177995714
0.004876989437
0.004619930633
0.004420294775
0.004290311456
0.004239311873
0.004250638676
3.422775459e-05
-5.594785885e-07
-9.961895934e-05
-0.0002586172349
-0.0004571263228
-0.000678258782
-0.0009081357937
-0.00113534523
-0.001350815212
-0.00154754386
-0.00172025086
-0.001865037125
-0.001979080178
-0.002060374139
-0.002107516862
-0.002119543036
-0.00209580006
-0.002035862452
-0.001939480094
-0.00180655548
-0.001637145089
-0.001431480169
-0.001190002318
-0.0009134095118
-0.0006027083771
-0.000259268758
0.0001151231752
0.000518216815
0.0009472573153
0.001398957164
0.001869481871
0.002354452227
0.002848966122
0.003347639767
0.00384466735
0.004333904242
0.004808971653
0.005263379309
0.005690664811
0.006084546391
0.006439084865
0.006748849889
0.007009085061
0.007215866089
0.007366246194
0.007458383198
0.007491643377
0.007466678108
0.007385470576
0.007251351294
0.007068982771
0.006844315213
0.006584516476
0.006297880258
0.00599371636
0.005682224922
0.005374352925
0.005081622258
0.004815900327
0.004589013147
0.004412125494
0.004295701067
0.004249960434
0.004261723031
0.0001482417619
9.786995839e-05
-2.275919613e-06
-0.0001479752724
-0.0003244519887
-0.0005188682784
-0.0007202458983
-0.0009192576613
-0.001108244403
-0.00128110472
-0.001433092285
-0.001560588795
-0.001660883755
-0.001731976156
-0.001772405768
-0.001781116998
-0.001757355278
-0.001700594163
-0.001610490298
-0.00148686283
-0.001329693582
-0.001139144163
-0.0009155862333
-0.0006596411845
-0.0003722256104
-5.459908178e-05
0.0002915891363
0.0006642576283
0.001060857674
0.001478348236
0.00191318365
0.002361316336
0.002818217691
0.003278916554
0.003738054345
0.004189962763
0.004628761188
0.005048470715
0.005443143843
0.005807006697
0.006134609812
0.006420982843
0.00666178802
0.006853466829
0.006993374316
0.007079895698
0.007112540492
0.007092010265
0.007020237249
0.006900392396
0.006736862863
0.006535200268
0.00630204214
0.006045009578
0.00577258385
0.005493963126
0.005218897712
0.004957498934
0.004720005093
0.00451643192
0.004356095928
0.004248093107
0.004203370939
0.004211616193
0.0003363733799
0.0002575120821
0.000140689007
-7.051990959e-06
-0.0001764580779
-0.0003579739217
-0.0005430042172
-0.0007241395944
-0.0008951772714
-0.001051070895
-0.001187813258
-0.001302284258
-0.00139209197
-0.001455423195
-0.001490912616
-0.001497535237
-0.001474523697
-0.001421310102
-0.00133749077
-0.001222811513
-0.001077170643
-0.0009006366547
-0.0006934774394
-0.0004561978621
-0.0001895825655
0.0001052590824
0.0004268489047
0.0007732996201
0.001142281159
0.001530996269
0.00193616787
0.002354040428
0.002780398609
0.003210602737
0.003639639238
0.004062193887
0.004472743868
0.004865665901
0.005235359813
0.005576384491
0.005883602392
0.006152328045
0.006378475443
0.006558698796
0.006690521051
0.006772444783
0.006804040556
0.00678600875
0.006720211893
0.006609675899
0.006458559964
0.006272096259
0.006056501644
0.005818864415
0.005567009166
0.005309342157
0.005054678316
0.004812051055
0.004590500575
0.004398792298
0.004245088362
0.00413758364
0.004086679103
0.00408428374
0.0005750378674
0.0004590844421
0.0003153332363
0.0001555836325
-1.643121386e-05
-0.0001940663989
-0.0003708150206
-0.000541061774
-0.0007000540554
-0.0008438674561
-0.0009693419982
-0.00107398112
-0.001155837449
-0.001213401641
-0.00124550326
-0.001251228692
-0.001229858439
-0.001180824173
-0.001103684726
-0.0009981193456
-0.0008639360463
-0.0007010926263
-0.0005097277196
-0.0002901992043
-4.31272489e-05
0.000230560726
0.0005295858773
0.0008522772498
0.001196537214
0.001559815609
0.001939094998
0.002330889345
0.002731259156
0.003135843707
0.003539906968
0.003938406877
0.004326083206
0.004697561616
0.005047473469
0.005370588416
0.005661955947
0.005917051356
0.006131920906
0.006303320547
0.006428842387
0.006507023278
0.00653743036
0.006520719271
0.006458661813
0.006354141259
0.006211114912
0.006034545033
0.005830300543
0.005605032953
0.005366030537
0.005121054864
0.004878163651
0.00464552509
0.004431226285
0.00424304928
0.004088250368
0.003974067749
0.003909164498
0.003888263851
0.0008444173257
0.0006861338197
0.0005088791684
0.0003302210358
0.0001486235949
-3.184912315e-05
-0.0002065293282
-0.0003714568846
-0.0005232746697
-0.0006591852044
-0.0007769196674
-0.0008746705994
-0.0009510091904
-0.001004803094
-0.001035142824
-0.001041281403
-0.001022589694
-0.0009785281002
-0.0009086341951
-0.0008125250318
-0.0006899124352
-0.0005406292534
-0.000364664378
-0.0001622042336
6.632163339e-05
0.0003201932855
0.000598353908
0.0008993666053
0.001221377003
0.001562084173
0.001918722324
0.0022880556
0.002666388539
0.003049594975
0.003433159615
0.0038122436
0.004181769125
0.004536520822
0.004871263694
0.005180874619
0.005460483612
0.005705620186
0.005912359417
0.00607746183
0.006198500959
0.006273972585
0.006303380121
0.006287291439
0.006227363647
0.006126333722
0.005987974556
0.005817017601
0.005619044871
0.00540035444
0.005167804532
0.00492864201
0.004690321457
0.004460322003
0.004245967403
0.004054243172
0.003891652759
0.003764444176
0.00367893828
0.003633273508
0.001127635161
0.0009242629603
0.0007094952672
0.0005071676799
0.0003108673841
0.0001224027925
-5.516427785e-05
-0.0002193787801
-0.0003681951606
-0.000499909272
-0.000613145373
-0.0007068096562
-0.0007800286766
-0.0008320882654
-0.0008623797791
-0.000870357657
-0.000855510441
-0.0008173459437
-0.0007553902249
-0.0006691993675
-0.000558382609
-0.000422635119
-0.0002617785363
-7.580726557e-05
0.0001350615606
0.000370336637
0.0006292018304
0.000910468679
0.001212534491
0.001533348546
0.001870388943
0.002220652506
0.002580659464
0.002946479011
0.003313766501
0.003677825341
0.004033689162
0.00437622162
0.00470023392
0.005000617105
0.005272485214
0.005511324493
0.005713143057
0.005874614735
0.005993210567
0.006067311481
0.006096296109
0.006080598617
0.006021732613
0.005922278808
0.005785835869
0.005616935799
0.00542092704
0.005203830133
0.004972172194
0.004732807439
0.004492731704
0.004258898767
0.004038044726
0.003836534471
0.003660279138
0.003514617359
0.003403371635
0.003328549573
0.00141003702
0.001160500313
0.0009060504894
0.0006769808474
0.0004624013937
0.0002621492383
7.788230558e-05
-8.930628475e-05
-0.0002385884834
-0.0003692988897
-0.0004809297867
-0.000573096512
-0.0006454894763
-0.0006978281098
-0.0007298223081
-0.0007411444952
-0.0007314140208
-0.0007001943751
-0.0006470028423
-0.0005713316566
-0.0004726793672
-0.0003505908972
-0.0002047046333
-3.480476696e-05
0.0001591229983
0.0003768343755
0.0006177701956
0.000881003157
0.001165190036
0.001468531884
0.001788744926
0.00212304466
0.002468143682
0.002820273791
0.003175218714
0.003528372106
0.003874817806
0.004209428759
0.00452698522
0.004822309223
0.005090411365
0.005326644913
0.005526861339
0.005687560623
0.005806029323
0.005880459357
0.005910040936
0.005895023913
0.005836743187
0.005737605483
0.005601036823
0.005431392144
0.005233830657
0.005014162551
0.004778674271
0.004533940949
0.004286635251
0.004043340488
0.003810374098
0.003593656455
0.003398683687
0.00323004555
0.00308916371
0.002982235331
0.001678885193
0.001383186243
0.001088159736
0.0008305468259
0.0005953300926
0.0003806051433
0.0001867910826
1.374566742e-05
-0.0001388280682
-0.0002712399709
-0.0003838096504
-0.000476837904
-0.0005505672507
-0.000605146613
-0.0006406044558
-0.0006568326229
-0.0006535820859
-0.0006304708101
-0.0005870032395
-0.0005226004555
-0.000436639792
-0.0003285025199
-0.000197628093
-4.357334289e-05
0.0001339251054
0.0003348870708
0.0005590257461
0.000805687552
0.001073797325
0.00136181143
0.001667681721
0.001988832992
0.002322152879
0.002664010133
0.003010282801
0.003356411766
0.00369747932
0.004028307537
0.004343577793
0.004637968411
0.00490630638
0.005143728014
0.005345842332
0.005508890094
0.005629890949
0.005706771037
0.005738463809
0.005724977713
0.005667425803
0.005568014174
0.005429988332
0.005257538987
0.005055671237
0.004830043384
0.004586783549
0.004332293818
0.004073052341
0.00381542099
0.003565464417
0.003328836993
0.003110809291
0.002915424951
0.002741920477
0.002600890642
0.001922970021
0.001581791253
0.001246158877
0.0009591291588
0.0007018434756
0.0004708323723
0.0002654048391
8.428942376e-05
-7.385150599e-05
-0.0002102385326
-0.000325970476
-0.0004219985061
-0.0004990921143
-0.0005578117668
-0.0005984913391
-0.0006212317206
-0.0006259063059
-0.0006121782889
-0.0005795291161
-0.0005272971189
-0.0004547251499
-0.0003610159256
-0.0002453936904
-0.0001071707176
5.418296094e-05
0.0002389683708
0.0004471869362
0.000678472558
0.0009320288663
0.00120657432
0.001500298331
0.001810831252
0.002135225317
0.002469968211
0.002811006802
0.003153795186
0.003493371481
0.003824455581
0.004141570224
0.004439182368
0.004711860779
0.004954444555
0.005162216084
0.005331070933
0.005457676568
0.00553961157
0.005575477371
0.005564975423
0.005508944164
0.005409352138
0.005269246028
0.005092655046
0.004884455851
0.004650204799
0.004395946519
0.004128009594
0.003852800819
0.003576605433
0.003305398924
0.003044749007
0.0027998949
0.00257455115
0.00236601965
0.002189428893
0.002132246274
0.001746703236
0.001371024616
0.001054376398
0.0007742867882
0.0005258513987
0.0003073652066
0.000116512988
-4.90103802e-05
-0.0001912753872
-0.0003121100499
-0.0004130750995
-0.0004954338267
-0.0005601311786
-0.0006077840414
-0.0006386832921
-0.0006528078677
-0.0006498505047
-0.0006292543739
-0.000590259603
-0.0005319585495
-0.0004533586141
-0.0003534513145
-0.0002312862505
-8.60484546e-05
8.286256572e-05
0.0002757540293
0.0004925635368
0.0007327876553
0.0009954181985
0.001278889666
0.001581040941
0.001899086292
0.002229622672
0.00256864937
0.002911608957
0.003253461899
0.003588783163
0.003911884623
0.004216960315
0.004498250437
0.004750218749
0.004967736611
0.005146265768
0.005282031165
0.005372174759
0.005414881521
0.005409469662
0.005356438624
0.005257470478
0.005115382963
0.004934035356
0.004718191443
0.004473346766
0.004205529856
0.003921089192
0.003626478406
0.003328046952
0.003031841782
0.002743521151
0.002468485112
0.002210332183
0.0019646695
0.001751264621
0.002297552689
0.001869046623
0.001454289241
0.001108307955
0.0008051999077
0.000538719014
0.0003062152315
0.000104396264
-6.994906042e-05
-0.0002196862965
-0.0003473241343
-0.0004549902369
-0.000544404471
-0.0006168638422
-0.0006732399327
-0.0007139886525
-0.0007391721295
-0.0007484921608
-0.000741334358
-0.0007168219758
-0.0006738783504
-0.0006112968334
-0.0005278170594
-0.0004222062935
-0.000293344457
-0.0001403112152
3.752676348e-05
0.0002404305901
0.0004682084937
0.0007201425686
0.0009949266795
0.001290619026
0.001604602361
0.001933582395
0.002273604358
0.002620084424
0.002967881446
0.003311391398
0.003644670461
0.003961583838
0.004255976312
0.004521859211
0.004753606839
0.004946154103
0.005095186042
0.005197309458
0.00525019691
0.005252694103
0.005204883197
0.005108096719
0.004964879594
0.004778899975
0.004554813
0.004298084872
0.004014787504
0.003711376381
0.003394465163
0.0030706042
0.002746068602
0.002426779903
0.002118485066
0.001824866341
0.001540041563
0.00128852897
0.002410409778
0.001940544366
0.001487968243
0.001113295441
0.0007873417577
0.0005025853597
0.0002554791101
4.180478579e-05
-0.0001425041471
-0.0003010601265
-0.0004370072961
-0.0005529983152
-0.0006511711885
-0.0007331400718
-0.0007999997133
-0.0008523425977
-0.0008902882261
-0.0009135237656
-0.0009213551486
-0.0009127676493
-0.0008864949593
-0.000841095777
-0.0007750368865
-0.0006867816087
-0.0005748823429
-0.0004380756742
-0.0002753782127
-8.618096515e-05
0.0001296603076
0.0003717416601
0.0006390384643
0.0009298479337
0.001241737992
0.00157153274
0.001915327826
0.002268508919
0.002625819577
0.002981452004
0.003329169613
0.003662458602
0.003974704776
0.004259390406
0.004510304113
0.004721755219
0.004888782689
0.005007348073
0.00507450168
0.005088511843
0.00504894854
0.004956714866
0.004814022799
0.004624313149
0.0043921234
0.004122910769
0.003822841119
0.003498557149
0.003156940445
0.00280487457
0.002449015092
0.002095714185
0.001751244361
0.001419554723
0.001093434507
0.0008023006964
0.002462881887
0.001953420065
0.001464506491
0.001062048525
0.0007137102747
0.0004107414085
0.0001487303002
-7.742803239e-05
-0.0002726137739
-0.0004411443785
-0.0005867582608
-0.0007125933047
-0.0008211679172
-0.0009143781235
-0.0009935092133
-0.001059260268
-0.001111780633
-0.001150717416
-0.001175273076
-0.001184272207
-0.001176236691
-0.001149468374
-0.001102138446
-0.001032382544
-0.0009384004693
-0.0008185590967
-0.0006714967427
-0.0004962268184
-0.0002922382214
-5.958953042e-05
0.0002010071779
0.0004881178343
0.0007995237451
0.001132188267
0.001482274247
0.001845144709
0.002215425697
0.00258709124
0.002953583605
0.003307966274
0.003643106215
0.003951880519
0.004227400516
0.004463244572
0.004653689213
0.004793927147
0.004880260295
0.004910256321
0.004882858418
0.004798440293
0.004658801356
0.004467100825
0.00422773362
0.003946155026
0.003628664894
0.003282165436
0.002913908289
0.002531238116
0.002141339074
0.001751156366
0.001367660112
0.0009952334427
0.0006254503685
0.0002928321984
0.002447490307
0.001900335299
0.001376744377
0.0009476096257
0.0005775633244
0.0002566623482
-2.034710018e-05
-0.0002594261073
-0.0004662337001
-0.000645755902
-0.0008022882925
-0.0009394171143
-0.00106000536
-0.001166196771
-0.001259435076
-0.001340496059
-0.001409531166
-0.001466121602
-0.00150934199
-0.001537832842
-0.001549881166
-0.0015435086
-0.001516566436
-0.001466836793
-0.001392138991
-0.001290439887
-0.001159966546
-0.0009993191656
-0.0008075817373
-0.0005844275267
-0.0003302151726
-4.606927684e-05
0.0002660458461
0.0006032661105
0.0009618522826
0.001337166074
0.00172372686
0.00211528807
0.002504952704
0.00288532568
0.003248700106
0.003587273053
0.003893384243
0.004159768788
0.004379813248
0.004547802733
0.00465914597
0.004710565241
0.004700239141
0.004627888125
0.004494795963
0.004303764114
0.004059000589
0.003765949503
0.003431071888
0.003061592342
0.002665228209
0.002249908806
0.001823491616
0.001393673763
0.00096829087
0.0005523142278
0.0001361701108
-0.0002402367745
0.00235716633
0.001774356497
0.001217903006
0.0007633591244
0.0003724436103
3.405039155e-05
-0.000257900288
-0.0005102003905
-0.0007292578293
-0.0009206950438
-0.001089331398
-0.001239167791
-0.001373378624
-0.001494323355
-0.001603573772
-0.001701953824
-0.001789590358
-0.001865973581
-0.001930026401
-0.001980182028
-0.002014469368
-0.002030605883
-0.00202609751
-0.001998345156
-0.001944757077
-0.001862866079
-0.001750450125
-0.001605654373
-0.001427112224
-0.001214062538
-0.0009664589813
-0.0006850639736
-0.0003715328036
-2.850930312e-05
0.000340411255
0.000730625917
0.001136573302
0.001551797958
0.001969057945
0.002380473776
0.00277771647
0.003152231125
0.003495489926
0.003799265948
0.00405591673
0.004258664614
0.004401859489
0.004481209064
0.004493962467
0.004439034702
0.004317062606
0.004130386996
0.003882960654
0.00358018701
0.003228699496
0.002836096389
0.002410648893
0.00196099028
0.001495793874
0.001023666347
0.000553475932
9.092743446e-05
-0.0003746756005
-0.0007976803013
0.002185235106
0.001568945961
0.000981586298
0.0005030311938
9.220904998e-05
-0.000263120767
-0.0005698505254
-0.0008355806593
-0.001067441016
-0.001271661445
-0.0014535549
-0.001617506384
-0.001766971539
-0.001904496375
-0.002031752973
-0.002149587266
-0.002258076871
-0.002356597691
-0.002443898491
-0.002518183018
-0.00257719947
-0.002618337233
-0.002638730824
-0.002635370849
-0.00260522154
-0.002545344133
-0.002453024848
-0.002325905752
-0.00216211617
-0.001960401988
-0.001720249095
-0.001441992397
-0.001126910778
-0.0007773592666
-0.0003967298793
1.046421256e-05
0.0004386244218
0.0008811149661
0.001330358618
0.001777978575
0.002214985188
0.002632005076
0.003019547439
0.00336829941
0.003669439393
0.003914954775
0.004097948338
0.004212916589
0.004255983212
0.004225072273
0.004120008591
0.003942536921
0.003696256854
0.003386476249
0.003019991979
0.002604812747
0.002149842671
0.001664533906
0.00115851723
0.0006414678922
0.0001234570529
-0.0003889354937
-0.0009075419005
-0.001380501102
0.001925423222
0.00127797213
0.0006617974103
0.0001607393612
-0.0002689310449
-0.0006405587486
-0.0009618352542
-0.001241147792
-0.001486322633
-0.001704170132
-0.001900469259
-0.002079961528
-0.002246356858
-0.002402361919
-0.002549724569
-0.002689289678
-0.002821063953
-0.002944288363
-0.003057517445
-0.003158705272
-0.003245298158
-0.003314334353
-0.003362551012
-0.003386498576
-0.003382662518
-0.003347591982
-0.003278034446
-0.003171074908
-0.003024277511
-0.002835827114
-0.00260466742
-0.00233062667
-0.002014527791
-0.001658348333
-0.001265198107
-0.0008394281419
-0.0003866107415
8.648656401e-05
0.0005719797406
0.001060998428
0.001543867157
0.002010336667
0.00244986144
0.002851916181
0.003206340543
0.003503698058
0.003735632424
0.003895202264
0.003977174681
0.003978258665
0.00389726182
0.003735158012
0.003495059121
0.003182090734
0.002803178575
0.002366759885
0.001882439255
0.001360597682
0.0008119652903
0.0002474491641
-0.0003214987593
-0.000887280771
-0.001462910747
-0.001989756165
0.001571884214
0.0008957348971
0.0002529667706
-0.0002689896456
-0.0007163744529
-0.001103602315
-0.001439148907
-0.001732165679
-0.001991150014
-0.0022234671
-0.00243533643
-0.002631831208
-0.002816891907
-0.002993363538
-0.003163048946
-0.00332677265
-0.003484452428
-0.003635177152
-0.00377729023
-0.003908478635
-0.004025867928
-0.004126123859
-0.004205561225
-0.00426026053
-0.004286192765
-0.004279352271
-0.004235897152
-0.004152296119
-0.004025479968
-0.003852995476
-0.003633158728
-0.003365198653
-0.003049384446
-0.002687211619
-0.002281411816
-0.001836075488
-0.001356663286
-0.0008500029077
-0.0003242340053
0.0002113043489
0.0007462439084
0.001269416049
0.001769137064
0.002233544116
0.002650971923
0.003010356161
0.003301645694
0.003516202651
0.00364716747
0.003689765774
0.003641535693
0.00350245805
0.00327497767
0.002963911376
0.002576246509
0.002120842841
0.00160805794
0.001049305238
0.0004565571336
-0.0001578772179
-0.0007809752895
-0.001403971611
-0.002041135588
-0.002626389647
0.001119237436
0.0004170021714
-0.0002500110422
-0.0007911755818
-0.001255080227
-0.001657168675
-0.002006682467
-0.002313512602
-0.002586801514
-0.002834444112
-0.003063076586
-0.003278081579
-0.003483609667
-0.003682625651
-0.00387697067
-0.004067433853
-0.004253830302
-0.004435083799
-0.004609313663
-0.004773925965
-0.004925709815
-0.005060939718
-0.005175485049
-0.005264927672
-0.005324688447
-0.005350163052
-0.005336867031
-0.005280589389
-0.005177553327
-0.005024582257
-0.004819268637
-0.004560136817
-0.004246789676
-0.00388011269
-0.00346234782
-0.002997200626
-0.002489909269
-0.001947263394
-0.001377580034
-0.00079061594
-0.0001974152215
0.0003899105889
0.0009584704156
0.001494945697
0.001985998154
0.002418719775
0.002781106519
0.003062532773
0.003254200247
0.003349533421
0.003344494279
0.003237792279
0.003030971336
0.002728363558
0.002336909164
0.001865853059
0.001326338137
0.0007309049056
9.291201585e-05
-0.0005737497389
-0.0012542811
-0.001938586434
-0.002642286929
-0.003291069171
0.0005626162296
-0.0001629456555
-0.0008517342447
-0.001410339937
-0.001889520042
-0.002305699255
-0.002668862435
-0.002989612501
-0.003277709494
-0.003541553021
-0.003788173526
-0.004023243278
-0.004251105803
-0.004474831083
-0.004696286244
-0.00491621465
-0.005134319773
-0.005349352094
-0.005559198536
-0.00576097487
-0.00595112212
-0.006125508376
-0.0062795375
-0.00640826624
-0.006506530974
-0.00656908504
-0.006590747064
-0.006566560155
-0.006491961024
-0.006362957587
-0.006176313297
-0.005929730601
-0.00562201857
-0.005253306806
-0.004825213949
-0.004340910517
-0.003805274003
-0.003224927831
-0.002608256708
-0.001965352342
-0.001307887451
-0.0006489129017
-2.57450625e-06
0.0006162496281
0.001192384988
0.001710857621
0.002157433681
0.002519176966
0.002784994685
0.002946138281
0.002996625168
0.002933549379
0.00275725453
0.00247135107
0.002082570863
0.001600465705
0.001036968922
0.0004058295765
-0.000278063581
-0.000999047515
-0.001740319653
-0.002490273651
-0.003265995637
-0.003984021369
-0.0001022780237
-0.0008482665355
-0.001556247348
-0.002130458992
-0.002623628492
-0.003053105384
-0.003429590346
-0.003764367116
-0.004067784114
-0.004348720464
-0.004614579648
-0.004871306166
-0.005123422706
-0.005374093921
-0.005625205272
-0.005877449003
-0.006130413238
-0.006382672266
-0.006631877602
-0.006874850468
-0.007107677069
-0.00732580846
-0.007524166981
-0.007697261248
-0.007839311499
-0.007944386768
-0.008006554926
-0.008020046029
-0.007979428638
-0.007879798147
-0.007716976147
-0.007487715311
-0.00718989013
-0.0068227126
-0.006387020566
-0.005885274061
-0.005321822799
-0.004702962966
-0.004037001574
-0.003334245265
-0.002606910797
-0.001868949521
-0.001135778532
-0.0004239156142
0.0002494791159
0.0008671450543
0.001412328919
0.001869432975
0.002224670731
0.002466691338
0.002587130712
0.002581047783
0.002447208764
0.002188191079
0.001810291144
0.00132323652
0.0007397192187
7.475880963e-05
-0.0006550849403
-0.001432174481
-0.002237453286
-0.003057600042
-0.003911290303
-0.004704862342
-0.0008791193435
-0.001642505835
-0.002366993881
-0.002954917042
-0.003460754422
-0.003902715669
-0.004292184437
-0.004641090431
-0.004960339296
-0.005259264266
-0.005545621901
-0.005825614022
-0.006103932189
-0.006383829523
-0.006667207059
-0.006954705911
-0.007245800759
-0.007538892602
-0.007831400381
-0.008119852342
-0.008399978833
-0.008666808742
-0.008914772049
-0.009137810978
-0.009329502134
-0.00948319171
-0.009592145413
-0.009649714255
-0.009649516549
-0.009585635714
-0.009452833695
-0.009246777066
-0.008964254466
-0.008603392841
-0.008164048161
-0.00764778571
-0.007058228905
-0.006401150138
-0.005684593905
-0.004918919119
-0.0041167576
-0.003292878248
-0.002463944915
-0.001648160263
-0.0008647940188
-0.0001336016954
0.0005258509374
0.001094932265
0.001556722659
0.001896781401
0.002103852109
0.002170453793
0.002093307469
0.001873556568
0.001516753179
0.001032601592
0.0004344712587
-0.0002613144655
-0.001036391825
-0.001870935685
-0.002743358053
-0.003638389367
-0.004576424723
-0.005452418421
-0.001770901043
-0.002548546642
-0.003286771082
-0.0038864623
-0.004403615559
-0.004857227185
-0.005259325417
-0.005622447296
-0.005958022677
-0.006275813415
-0.00658391061
-0.006888761196
-0.007195219047
-0.007506624085
-0.007824895335
-0.008150628387
-0.00848319235
-0.008820824017
-0.009160718914
-0.00949912027
-0.00983140793
-0.01015218982
-0.01045539894
-0.01073439885
-0.01098210071
-0.01119109453
-0.01135379696
-0.0114626175
-0.01151014435
-0.01148934996
-0.01139381706
-0.01121798392
-0.0109573905
-0.01060891544
-0.01017120445
-0.009644712378
-0.009032114583
-0.008338429191
-0.007571211476
-0.006740662836
-0.005859650152
-0.00494362395
-0.004010418153
-0.003079917736
-0.002173586722
-0.001313857264
-0.0005233910616
0.0001757633224
0.0007630805182
0.001220486447
0.001533244855
0.001690736612
0.001687066009
0.001521435284
0.001198243069
0.0007268850835
0.0001212612121
-0.0006010093791
-0.001419641831
-0.002312402536
-0.003254866036
-0.004229547323
-0.005258691105
-0.006224532449
-0.00277988323
-0.003568564143
-0.004317689292
-0.004927168077
-0.005454258918
-0.005918662787
-0.00633300857
-0.006710398387
-0.007062751716
-0.007400233782
-0.007731253486
-0.008062493718
-0.008398968176
-0.008744106782
-0.009099854426
-0.00946677271
-0.009844139286
-0.01023004233
-0.0106214698
-0.01101439469
-0.01140385866
-0.01178405692
-0.01214842797
-0.01248975159
-0.0128002588
-0.01307175699
-0.0132957735
-0.01346371995
-0.01356707973
-0.0135976193
-0.01354762488
-0.01341016513
-0.01317936417
-0.01285066362
-0.01242127387
-0.01189032624
-0.01125926906
-0.01053210704
-0.009715639461
-0.008819651105
-0.007857007658
-0.006843644121
-0.005798424442
-0.004742851614
-0.003700613253
-0.00269695611
-0.001757894549
-0.0009092724941
-0.0001757148581
0.0004204785365
0.0008604281427
0.001129679326
0.001219032271
0.001125117202
0.0008506491129
0.0004043217559
-0.0001996677254
-0.0009424703535
-0.001801790511
-0.002752763183
-0.003767791122
-0.004826868632
-0.00595421441
-0.007017850487
-0.003907546731
-0.004703986985
-0.005461138838
-0.006078401916
-0.006614029569
-0.007088337088
-0.007514504646
-0.007906153944
-0.00827565839
-0.008633562127
-0.008988577457
-0.009347617662
-0.009715858333
-0.01009682788
-0.01049251075
-0.01090345231
-0.01132885938
-0.01176669385
-0.01221375886
-0.01266577912
-0.0131174777
-0.01356265292
-0.01399425909
-0.01440449514
-0.01478490556
-0.0151264973
-0.0154198767
-0.01565540972
-0.01582340841
-0.01591434558
-0.01591909972
-0.01582923256
-0.01563728828
-0.01533708285
-0.01492414228
-0.0143960643
-0.01375276536
-0.01299694538
-0.01213434085
-0.01117401078
-0.01012852372
-0.009014033994
-0.007850221692
-0.006660067616
-0.005469439327
-0.004306472296
-0.003200742362
-0.002182242004
-0.001280192839
-0.0005217487225
6.9334528e-05
0.0004739686805
0.0006788368353
0.0006772256843
0.0004694928207
6.310324941e-05
-0.0005277929307
-0.00128326265
-0.002178953519
-0.003187153623
-0.004276733848
-0.005424821563
-0.006657722804
-0.007827583686
-0.005154556456
-0.00595546841
-0.006717767154
-0.007340805398
-0.007883550422
-0.008366833684
-0.008804332137
-0.009210138849
-0.009597045092
-0.00997595104
-0.01035586113
-0.01074391782
-0.01114546589
-0.01156414655
-0.01200200382
-0.0124595911
-0.01293607175
-0.01342931056
-0.01393595572
-0.01445151277
-0.01497041332
-0.01548608242
-0.01599100867
-0.01647682185
-0.01693438278
-0.01735388994
-0.01772500744
-0.01803701857
-0.01827900862
-0.01844008004
-0.01850960258
-0.01847750257
-0.01833458637
-0.01807286042
-0.01768593232
-0.01716961531
-0.01652199579
-0.01574415027
-0.01484040952
-0.01381874989
-0.01269108667
-0.01147345626
-0.01018605866
-0.008853123155
-0.007502562715
-0.006165389766
-0.004874877593
-0.003665469312
-0.002571459336
-0.00162549952
-0.0008570110848
-0.0002906101715
5.532519157e-05
0.000169810773
5.000621426e-05
-0.0002985407015
-0.0008622120686
-0.001620243487
-0.002546245178
-0.003609464424
-0.004774860346
-0.00601630497
-0.0073622891
-0.008647239839
-0.006520736889
-0.007322869976
-0.00808746891
-0.008714287345
-0.009262715738
-0.009753996314
-0.01020224353
-0.01062197167
-0.01102635435
-0.01142662754
-0.01183208075
-0.01225008975
-0.01268618194
-0.0131441323
-0.01362607119
-0.0141325913
-0.01466284687
-0.01521464179
-0.01578450611
-0.01636776249
-0.0169585856
-0.01755005856
-0.01813423107
-0.01870218437
-0.01924410826
-0.01974939543
-0.02020675826
-0.02060437311
-0.02093005671
-0.02117147867
-0.02131641364
-0.02135303828
-0.02127027445
-0.02105814265
-0.02070813577
-0.02021398501
-0.01957167
-0.01878030451
-0.01784244398
-0.01676458345
-0.01555757195
-0.01423691824
-0.01282295863
-0.01134084166
-0.009820283557
-0.008295053401
-0.006802157421
-0.005380709553
-0.00407050075
-0.002910312009
-0.001936053003
-0.001178845531
-0.0006632026806
-0.0004054739763
-0.0004127272832
-0.0006822126059
-0.001201504553
-0.001949400682
-0.002897586892
-0.004012117389
-0.005253650104
-0.006592372505
-0.008059037735
-0.009468319094
-0.008005062524
-0.008805260522
-0.009569391836
-0.01019803311
-0.010750701
-0.01124893654
-0.01170722815
-0.01214046016
-0.01256215492
-0.01298386792
-0.01341517235
-0.01386368818
-0.01433514617
-0.0148334836
-0.01536095158
-0.01591822079
-0.01650447788
-0.01711750903
-0.01775376985
-0.01840844324
-0.01907548842
-0.01974768528
-0.02041667933
-0.02107303261
-0.02170628635
-0.02230504118
-0.0228570607
-0.02334940413
-0.02376859343
-0.02410082006
-0.02433219556
-0.02444905207
-0.02443829831
-0.02428780241
-0.02398677636
-0.02352657815
-0.02290082457
-0.02210629641
-0.02114339574
-0.02001670809
-0.01873555468
-0.01731443906
-0.01577336264
-0.01413795782
-0.01243938064
-0.0107139067
-0.009002181586
-0.007348093873
-0.005797264729
-0.004395185312
-0.00318507822
-0.002205608753
-0.001488618324
-0.001057087347
-0.000923548599
-0.001089153392
-0.001543542603
-0.002265649429
-0.003225477955
-0.004385805818
-0.005702606746
-0.007141918566
-0.008736811865
-0.01027996822
-0.00960566566
-0.01040093302
-0.01116196088
-0.0117905326
-0.01234599178
-0.01285006051
-0.01331753396
-0.01376361566
-0.01420214649
-0.01464499112
-0.01510201254
-0.01558109425
-0.01608820012
-0.01662746714
-0.01720131017
-0.01781052461
-0.0184543786
-0.01913069074
-0.01983589245
-0.02056507636
-0.02131203396
-0.02206928722
-0.02282811929
-0.02357861031
-0.02430968454
-0.02500917497
-0.0256639119
-0.02625984176
-0.02678218245
-0.02721562107
-0.02754455952
-0.02775341441
-0.02782697977
-0.0277508322
-0.02751173614
-0.02709841001
-0.02650192329
-0.02571631728
-0.02473946374
-0.02357359593
-0.02222601039
-0.02070967048
-0.01904368979
-0.01725364261
-0.01537163196
-0.01343604252
-0.01149090949
-0.009584847497
-0.007769508741
-0.006097579714
-0.004620378172
-0.003385174942
-0.002432429515
-0.001793184065
-0.001486893847
-0.001519966817
-0.001885238081
-0.002562576563
-0.003520720398
-0.004719191492
-0.00610892583
-0.007651320252
-0.009381795014
-0.01106858806
-0.01131986408
-0.01210744176
-0.01286292328
-0.01348962954
-0.01404643403
-0.01455511709
-0.01503071058
-0.01548868828
-0.015943185
-0.0164063725
-0.01688841966
-0.01739750377
-0.01793986247
-0.0185198805
-0.01914018933
-0.0198017647
-0.02050401315
-0.02124484281
-0.02202071731
-0.02282669396
-0.02365644969
-0.02450229915
-0.02535521074
-0.02620482672
-0.02703949389
-0.02784631162
-0.02861120406
-0.02931902342
-0.02995369114
-0.03049838391
-0.03093577057
-0.03124830721
-0.03141860053
-0.0314298314
-0.0312661859
-0.03091350773
-0.03036012569
-0.02959700708
-0.02861911711
-0.02742589257
-0.02602208997
-0.02441855599
-0.02263289469
-0.02068998128
-0.0186222429
-0.01646961802
-0.01427910313
-0.01210380338
-0.01000142474
-0.008032185715
-0.006256184533
-0.004730333853
-0.003505059543
-0.002621041836
-0.002106338014
-0.001974243251
-0.002222210017
-0.002832120581
-0.003772088733
-0.004998551
-0.006457113257
-0.008104029599
-0.009977081884
-0.01181738883
-0.01314421071
-0.01392166231
-0.01466941702
-0.01529259462
-0.01584930831
-0.01636126968
-0.01684367542
-0.0173122246
-0.0177813298
-0.01826347913
-0.01876917664
-0.0193069375
-0.01988332749
-0.02050303991
-0.02116898712
-0.0218823908
-0.02264286114
-0.02344845975
-0.0242957444
-0.02517979676
-0.02609423622
-0.02703122457
-0.02798146713
-0.02893421703
-0.02987728911
-0.03079709089
-0.03167867752
-0.03250583826
-0.03326122182
-0.03392650801
-0.03448263291
-0.03491007492
-0.03518921301
-0.03530076111
-0.03522622485
-0.03494844096
-0.03445275073
-0.03372681705
-0.032762331
-0.03155551278
-0.03010806759
-0.02842812952
-0.02653112324
-0.02444050124
-0.02218827147
-0.01981521204
-0.01737065988
-0.01491175927
-0.01250207073
-0.01020947638
-0.00810337924
-0.00625128021
-0.004714923164
-0.003546310634
-0.002783990258
-0.002450063771
-0.002548356944
-0.003064174875
-0.003965934849
-0.005207363611
-0.006728547808
-0.008480110259
-0.01050219296
-0.01250588846
-0.01507456745
-0.01583987663
-0.01657806535
-0.01719622491
-0.01775143007
-0.0182651935
-0.01875280439
-0.01923014898
-0.0197119135
-0.02021092711
-0.02073807562
-0.02130227388
-0.02191048723
-0.02256779387
-0.02327746484
-0.02404104449
-0.02485842087
-0.02572787976
-0.02664613994
-0.02760837045
-0.02860819261
-0.02963767154
-0.03068730299
-0.03174600196
-0.03280110031
-0.03383836053
-0.03484201334
-0.03579482672
-0.03667821416
-0.03747239018
-0.03815658098
-0.03870929796
-0.03910868583
-0.03933295675
-0.03936086402
-0.03917219464
-0.03874904478
-0.03807567717
-0.0371401274
-0.03593503296
-0.03445856809
-0.03271556635
-0.03071858265
-0.02848886652
-0.02605716345
-0.02346422978
-0.0207609276
-0.01800775456
-0.01527366694
-0.01263408133
-0.01016799865
-0.007954287618
-0.006067291637
-0.004572069375
-0.003519722849
-0.002943366713
-0.002855318347
-0.003246101334
-0.004085717891
-0.005325832626
-0.006900981042
-0.008755712803
-0.01093252779
-0.01310934932
-0.01710620517
-0.0178578859
-0.01858509999
-0.01919697232
-0.01974927861
-0.02026320032
-0.02075404848
-0.02123786894
-0.02172963431
-0.02224256028
-0.02278798356
-0.02337530314
-0.02401197654
-0.02470356211
-0.02545378325
-0.02626459653
-0.02713625156
-0.02806733556
-0.02905479926
-0.03009396402
-0.03117851293
-0.03230047015
-0.03345017434
-0.0346162528
-0.03578560354
-0.03694339269
-0.03807307512
-0.03915644606
-0.04017373189
-0.04110372837
-0.04192399472
-0.04261111185
-0.04314101625
-0.04348942423
-0.04363231437
-0.04354641959
-0.04321036824
-0.04260505128
-0.0417145033
-0.04052747196
-0.0390381763
-0.03724759915
-0.03516474797
-0.03280786669
-0.03020552744
-0.02739748168
-0.02443512074
-0.02138137184
-0.0183098436
-0.01530304832
-0.01244957613
-0.009840190198
-0.007562954208
-0.00569768523
-0.004310221859
-0.003447162002
-0.003131810826
-0.003362141841
-0.004111448981
-0.005330331987
-0.006947967761
-0.008902482729
-0.01123875182
-0.0135981491
-0.01923393229
-0.01997115382
-0.02068651629
-0.02129110407
-0.02183915685
-0.02235139223
-0.0228430769
-0.02333040453
-0.02382867008
-0.02435154887
-0.02491092692
-0.02551680061
-0.02617723869
-0.02689839777
-0.02768456616
-0.0285382165
-0.0294600539
-0.03044905067
-0.03150246325
-0.03261583053
-0.03378295529
-0.03499587304
-0.03624481385
-0.03751816359
-0.0388024321
-0.04008223568
-0.04134030182
-0.04255750427
-0.0437129366
-0.04478403285
-0.0457467439
-0.04657577836
-0.04724491876
-0.04772742939
-0.04799654374
-0.04802596512
-0.04779074639
-0.04726840548
-0.04643879835
-0.04528652911
-0.04380151309
-0.04198039966
-0.03982801983
-0.03735882778
-0.03459828637
-0.03158407735
-0.02836697618
-0.02501119354
-0.02159395564
-0.01820408776
-0.01493939522
-0.01190272029
-0.009196702802
-0.006917485009
-0.005147857109
-0.003950584157
-0.003362827476
-0.003392716461
-0.004019041014
-0.005192769967
-0.006838220054
-0.008886895136
-0.01138611167
-0.01393708168
-0.02145225443
-0.02217498405
-0.02287826419
-0.02347489876
-0.02401738508
-0.02452584628
-0.02501544745
-0.025502541
-0.02600281207
-0.02653050519
-0.02709819202
-0.02771661575
-0.02839460804
-0.02913906954
-0.02995498785
-0.03084547185
-0.03181178672
-0.03285337915
-0.03396788667
-0.03515112881
-0.03639708131
-0.03769783689
-0.03904355785
-0.04042242698
-0.04182060409
-0.04322219565
-0.04460924554
-0.04596175508
-0.04725774042
-0.04847333605
-0.04958295332
-0.05055950266
-0.05137468991
-0.05199940332
-0.05240419706
-0.05255979625
-0.05243773642
-0.05201206744
-0.05125851961
-0.05015731824
-0.04869383485
-0.04686000117
-0.04465592774
-0.04209155765
-0.03918833412
-0.03598077561
-0.03251779662
-0.02886356088
-0.02509760322
-0.02131392304
-0.01761875404
-0.01412677767
-0.01095568996
-0.008219266303
-0.006019381819
-0.004437783085
-0.003528693676
-0.003313599451
-0.003779554733
-0.004879861931
-0.006534877728
-0.00866950959
-0.01133367339
-0.01408458387
-0.02375556911
-0.02446473651
-0.02515648022
-0.02574488284
-0.02628053208
-0.02678283197
-0.02726680413
-0.02774900332
-0.02824561574
-0.02877161276
-0.0293404365
-0.02996377182
-0.03065140483
-0.03141115879
-0.03224888035
-0.03316845242
-0.03417181567
-0.03525898519
-0.03642805433
-0.03767518172
-0.03899456144
-0.04037837906
-0.04181675844
-0.0432977055
-0.04480705617
-0.04632843595
-0.04784323932
-0.04933063671
-0.05076761766
-0.0521290785
-0.05338796338
-0.05451546784
-0.05548131424
-0.05625411527
-0.05680184098
-0.05709232131
-0.05709377002
-0.05677656948
-0.05611264071
-0.05507760842
-0.05365217793
-0.05182329988
-0.04958593755
-0.04694490736
-0.04391680192
-0.04053191613
-0.03683602378
-0.03289178703
-0.02877951082
-0.02459689065
-0.02045736791
-0.01648673312
-0.01281773576
-0.009582697604
-0.006904488723
-0.004886662969
-0.003603979329
-0.003094967912
-0.003358333897
-0.00435230451
-0.005994687505
-0.00820413786
-0.01103347731
-0.01399188294
-0.0261384006
-0.0268360892
-0.0275177677
-0.0280981138
-0.02862568836
-0.02911906413
-0.02959310255
-0.03006465062
-0.03055056474
-0.03106676358
-0.03162780617
-0.03224657026
-0.03293403596
-0.03369916616
-0.03454885465
-0.03548791513
-0.0365190893
-0.03764305741
-0.03885844006
-0.04016178524
-0.04154753894
-0.04300800093
-0.04453327009
-0.04611118515
-0.04772726773
-0.04936467543
-0.05100417279
-0.05262412826
-0.05420054526
-0.05570713603
-0.05711544664
-0.05839504241
-0.05951376278
-0.06043805989
-0.06113343988
-0.06156496229
-0.06169773902
-0.06149837388
-0.06093531809
-0.05997952804
-0.05860701852
-0.05679962379
-0.05454687334
-0.05184798417
-0.04871399808
-0.04517002501
-0.04125745976
-0.0370359641
-0.03258491756
-0.02800394554
-0.02341205635
-0.01894489385
-0.01474968522
-0.01097768034
-0.007774268701
-0.00526749349
-0.003556276525
-0.002700322875
-0.002714024546
-0.003563843881
-0.005167082541
-0.007436915705
-0.01042960125
-0.01360205855
-0.02859568322
-0.02928535557
-0.02995953555
-0.03053251915
-0.03105078822
-0.03153199474
-0.03199086332
-0.03244468828
-0.03291124366
-0.03340769756
-0.03395005022
-0.03455269234
-0.03522809467
-0.03598662062
-0.03683643013
-0.03778344325
-0.03883133671
-0.03998155232
-0.04123330203
-0.04258356083
-0.04402704371
-0.04555616697
-0.04716099745
-0.0488291951
-0.05054595571
-0.0522939615
-0.05405334726
-0.05580169039
-0.05751403293
-0.05916294375
-0.06071862965
-0.06214910403
-0.06342042209
-0.06449699461
-0.0653420003
-0.06591788163
-0.06618683329
-0.06611176308
-0.06565789561
-0.06479163811
-0.06348436855
-0.06171280428
-0.05946090867
-0.05672199566
-0.05350103015
-0.04981713648
-0.04570621365
-0.0412234733
-0.03644561411
-0.03147222293
-0.02642586976
-0.02145027617
-0.01670594089
-0.01236276963
-0.008589639113
-0.005541433988
-0.003344862699
-0.002085289074
-0.001797476223
-0.002460231137
-0.00399315232
-0.006305267215
-0.009457121123
-0.01284900952
-0.03112310518
-0.03180987179
-0.03248041042
-0.03304730389
-0.03355498958
-0.03402014873
-0.03445745431
-0.03488489469
-0.03532151392
-0.03578613697
-0.03629662679
-0.0368692903
-0.03751845168
-0.03825618445
-0.03909216565
-0.04003361442
-0.04108528131
-0.04224946088
-0.04352600772
-0.04491234313
-0.04640344606
-0.04799182726
-0.04966748881
-0.0514178744
-0.05322781685
-0.05507949065
-0.05695237726
-0.05882325176
-0.06066619866
-0.0624526654
-0.06415156168
-0.06572941332
-0.06715057936
-0.06837754248
-0.06937129223
-0.07009180891
-0.07049854129
-0.07055099016
-0.07021109985
-0.06944125759
-0.06820819012
-0.06648363826
-0.06424602679
-0.0614826444
-0.0581920563
-0.05438681196
-0.05009639364
-0.04537025959
-0.04028072612
-0.03492528753
-0.02942780496
-0.02393783868
-0.01862731252
-0.01368377242
-0.009299830759
-0.00565902935
-0.002919282389
-0.00119630739
-0.0005505263241
-0.0009780576239
-0.002404490378
-0.004736745944
-0.008040952453
-0.01165631124
-0.03371753195
-0.03440847536
-0.03508074354
-0.0356434446
-0.0361391248
-0.03658351079
-0.03699140342
-0.03738186003
-0.03777568672
-0.03819390788
-0.03865679049
-0.03918305949
-0.03978933023
-0.04048974749
-0.04129578702
-0.04221617266
-0.04325686602
-0.04442109324
-0.04570938257
-0.04711959524
-0.04864694036
-0.05028397045
-0.05202055913
-0.05384386563
-0.05573829286
-0.05768544655
-0.05966410395
-0.06165020039
-0.06361684219
-0.0655343539
-0.06737036834
-0.06908996783
-0.07065588491
-0.07202877184
-0.07316755572
-0.074029897
-0.07457266213
-0.07475237867
-0.07452743182
-0.07385693012
-0.07270298187
-0.07103258857
-0.06881880121
-0.06604293651
-0.06269705035
-0.05878677123
-0.05433449883
-0.04938287083
-0.04399829215
-0.0382741629
-0.03233323784
-0.02632832411
-0.02044033433
-0.01487265919
-0.009841043178
-0.005558755695
-0.002217895308
3.075703079e-05
0.001095327549
0.0009565375955
-0.0003219030549
-0.002647730225
-0.006094548771
-0.009935941072
-0.03637753735
-0.03708210683
-0.03776324346
-0.03832429595
-0.03880624049
-0.03922397336
-0.03959274459
-0.03993323384
-0.0402686864
-0.04062304003
-0.04101965278
-0.04148028354
-0.04202435815
-0.04266850527
-0.04342630652
-0.04430820068
-0.04532148642
-0.04647037762
-0.04775607693
-0.04917684456
-0.05072804903
-0.05240219468
-0.05418892631
-0.05607501528
-0.05804433397
-0.06007782665
-0.06215348533
-0.0642463397
-0.0663284698
-0.0683690495
-0.07033442933
-0.07218826707
-0.07389171412
-0.07540366635
-0.07668109332
-0.07767946617
-0.07835323079
-0.07865623745
-0.07854333352
-0.07797079828
-0.0768963477
-0.07528253587
-0.07309731056
-0.0703162227
-0.06692491166
-0.06292198999
-0.05832239897
-0.05316119439
-0.04749762163
-0.04141918157
-0.03504516398
-0.02852883881
-0.02205719854
-0.01584693674
-0.01013539667
-0.005165713633
-0.001166454748
0.001672057635
0.003220358426
0.003429297892
0.002346044277
5.806029856e-05
-0.003518420298
-0.007586837194
-0.03910408547
-0.03983458096
-0.040533779
-0.04109634597
-0.04156225186
-0.0419458597
-0.04226340119
-0.0425379785
-0.0427961968
-0.04306583617
-0.04337420654
-0.04374684497
-0.04420659157
-0.04477301761
-0.04546213263
-0.04628629177
-0.04725423106
-0.04837117161
-0.04963894833
-0.05105613357
-0.05261813854
-0.05431728478
-0.05614284562
-0.05808106152
-0.06011513723
-0.06222522893
-0.06438843078
-0.06657877115
-0.06876722728
-0.07092176677
-0.07300742488
-0.07498642595
-0.07681835715
-0.07846040269
-0.07986764982
-0.08099348718
-0.08179007929
-0.08220878948
-0.08220109569
-0.0817207563
-0.08072138652
-0.07916140051
-0.0770039913
-0.07421926793
-0.07078671659
-0.06669807142
-0.061960734
-0.05660176113
-0.05067235387
-0.04425263694
-0.03745629029
-0.03043426777
-0.02337644144
-0.01650963411
-0.01009032531
-0.004390587217
0.0003232015121
0.003817214905
0.005918130831
0.006539429868
0.005704677255
0.003491275762
-0.0001984176865
-0.004493236827
-0.04190142739
-0.04267359573
-0.04340241661
-0.04397017125
-0.04441674611
-0.04475654103
-0.04500761269
-0.04519662562
-0.0453547828
-0.04551490135
-0.04570930629
-0.04596819526
-0.0463185069
-0.04678324668
-0.04738117064
-0.04812672245
-0.04903013008
-0.05009758628
-0.05133145713
-0.05273048155
-0.05428994036
-0.05600178534
-0.05785472795
-0.05983429177
-0.06192283809
-0.06409957375
-0.06634055083
-0.06861867124
-0.07090370501
-0.07316233057
-0.0753582073
-0.07745208875
-0.0794019847
-0.08116338014
-0.08268952083
-0.08393178475
-0.08484014795
-0.08536361094
-0.08545065746
-0.08505227495
-0.08411875454
-0.0826044669
-0.08046824208
-0.07767514635
-0.07419889708
-0.07002467554
-0.06515252761
-0.05960143716
-0.05341408163
-0.0466621588
-0.03945196767
-0.03192958347
-0.02428449736
-0.01675005224
-0.009598569229
-0.00312900847
0.002354244007
0.006570709869
0.009297093093
0.01040135294
0.009875107706
0.007778946879
0.003996302434
-0.0005227110521
-0.04477830945
-0.04561207925
-0.046384784
-0.04696166368
-0.04738398252
-0.04766717251
-0.0478324122
-0.04791153157
-0.04794197799
-0.04796312251
-0.04801359634
-0.04812927987
-0.04834196005
-0.04867857646
-0.04916091793
-0.04980563056
-0.05062441609
-0.05162432501
-0.05280807557
-0.05417435393
-0.05571807023
-0.05743055961
-0.05929972906
-0.06131015384
-0.06344313681
-0.06567674027
-0.06798579987
-0.07034193855
-0.0727135891
-0.07506603289
-0.07736146737
-0.07955911116
-0.08161535436
-0.08348396291
-0.08511634575
-0.08646190138
-0.0874684614
-0.08808273043
-0.08825064108
-0.08791990569
-0.08703832709
-0.08555629376
-0.08342863912
-0.0806157971
-0.07708615832
-0.07281879971
-0.06780680089
-0.06206129823
-0.05561636242
-0.04853468542
-0.04091390502
-0.03289306616
-0.02465821164
-0.01644542403
-0.008538938934
-0.001261493462
0.005045596487
0.01005314132
0.01348221424
0.01514664234
0.0149964441
0.01306690219
0.009215755792
0.004476230732
-0.04774963735
-0.04867002197
-0.04950389166
-0.05009362772
-0.05048415182
-0.05069357922
-0.05074816264
-0.05068712635
-0.05055632696
-0.05040358679
-0.05027537877
-0.05021441477
-0.05025811393
-0.05043781786
-0.05077855995
-0.05129920466
-0.05201280213
-0.05292704003
-0.05404470983
-0.05536413585
-0.05687953922
-0.05858132512
-0.06045629807
-0.06248780745
-0.06465584438
-0.06693709991
-0.06930498975
-0.07172967998
-0.07417811681
-0.07661405797
-0.07899813228
-0.08128793668
-0.08343817418
-0.08540084302
-0.08712548614
-0.08855951493
-0.08964862662
-0.0903372578
-0.09056894193
-0.09028810223
-0.08944029373
-0.08797210799
-0.08583466446
-0.08298412984
-0.07938400722
-0.075007763
-0.06984201839
-0.06389050424
-0.0571789376
-0.04976088012
-0.04172456862
-0.03320041697
-0.02436838068
-0.01546362894
-0.006778043919
0.001345848951
0.00853216175
0.01440223362
0.01861662372
0.02092619687
0.02122841705
0.01952274855
0.01563224162
0.01067716117
-0.05083881476
-0.05187701114
-0.0527926011
-0.05339788523
-0.05374497711
-0.05385732872
-0.05376915707
-0.05353014429
-0.05319736502
-0.05282942305
-0.05248241098
-0.0522071104
-0.05204733529
-0.0520392039
-0.05221107256
-0.05258389016
-0.05317178008
-0.05398270688
-0.05501913231
-0.0562786039
-0.05775424781
-0.05943515437
-0.06130667046
-0.06335059236
-0.06554530976
-0.06786589243
-0.07028410227
-0.07276844813
-0.07528423491
-0.07779356282
-0.0802553721
-0.08262553607
-0.08485698493
-0.08689987852
-0.0887018375
-0.09020824519
-0.09136263988
-0.09210717725
-0.09238301185
-0.09213133548
-0.09129550556
-0.08981842749
-0.08764767714
-0.0847354352
-0.0810406915
-0.07653173955
-0.07118923397
-0.0650100448
-0.05801203125
-0.0502398716
-0.04177217363
-0.03272973106
-0.02328437311
-0.01366711065
-0.004173207481
0.004839583393
0.0129642975
0.0197734304
0.02486318339
0.0279126659
0.02875455825
0.02733964504
0.02344437194
0.01827967905
-0.05408108952
-0.05527579049
-0.05629701053
-0.05691807375
-0.05720375868
-0.05718702752
-0.05691427878
-0.05644981165
-0.05586550528
-0.05523354056
-0.0546216146
-0.05408983296
-0.05368905704
-0.05346037486
-0.05343533168
-0.05363661194
-0.05407893662
-0.05477001066
-0.05571141463
-0.05689938327
-0.05832544498
-0.05997691077
-0.06183725874
-0.06388634716
-0.06610064813
-0.06845337355
-0.07091443717
-0.0734505259
-0.07602509265
-0.07859838539
-0.08112751384
-0.08356650979
-0.08586642683
-0.08797549279
-0.08983932014
-0.09140118486
-0.09260239382
-0.0933827453
-0.09368093804
-0.09343504694
-0.09258587815
-0.09107313242
-0.08884108142
-0.08583794166
-0.08201826018
-0.07734543525
-0.07179453387
-0.06535606062
-0.05804054812
-0.04988421457
-0.04095621956
-0.03136733449
-0.02127990679
-0.01091816735
-0.0005768341957
0.009375862331
0.01850621937
0.02633982379
0.03240586578
0.03630316187
0.03778611982
0.03674120544
0.03288245041
0.02751474082
-0.05752842312
-0.05892732856
-0.06008114659
-0.06071338777
-0.06090998338
-0.06071986777
-0.06020769151
-0.05945793722
-0.05856177618
-0.05760821602
-0.05667865882
-0.05584367684
-0.05516158791
-0.05467833932
-0.05442821735
-0.05443499914
-0.05471327022
-0.05526972478
-0.05610433811
-0.05721135808
-0.05858010805
-0.06019556536
-0.06203891428
-0.06408777548
-0.0663163848
-0.06869571717
-0.07119350368
-0.07377435342
-0.0763997482
-0.07902800525
-0.08161429842
-0.0841107145
-0.08646633678
-0.08862737518
-0.09053735311
-0.09213736193
-0.09336640124
-0.09416182219
-0.09445976218
-0.09419544127
-0.0933064025
-0.09172926735
-0.08940433784
-0.08627612199
-0.08229492991
-0.07741973389
-0.07162083891
-0.06488243627
-0.05720766973
-0.04862465726
-0.03919337744
-0.02901448238
-0.01824011296
-0.007085851649
0.004157426863
0.01511555501
0.02533287095
0.03429102817
0.04145070739
0.04632224841
0.04856697437
0.04798801476
0.0442158582
0.03865210785
-0.06125669807
-0.06291812909
-0.06423351892
-0.0648635867
-0.06492862201
-0.06450341124
-0.06367947327
-0.06256879289
-0.06128729839
-0.05994443313
-0.0586373407
-0.05744788708
-0.05644181947
-0.05566936799
-0.05516667172
-0.05495757239
-0.05505546838
-0.05546503996
-0.05618373538
-0.05720298484
-0.0585092467
-0.06008465058
-0.06190754265
-0.06395275166
-0.06619186952
-0.06859344524
-0.0711229156
-0.073742659
-0.0764119826
-0.07908709825
-0.08172112027
-0.08426408793
-0.08666302147
-0.08886202472
-0.0908024443
-0.0924230963
-0.09366057698
-0.09444967842
-0.09472383735
-0.09441544415
-0.09345834721
-0.09178642725
-0.08933592089
-0.08604734006
-0.08186662258
-0.07674752976
-0.07065448664
-0.06356579167
-0.05547888593
-0.0464146719
-0.03642324455
-0.02559453934
-0.0140698755
-0.002054775167
0.01016624514
0.022216991
0.03362459784
0.04383038365
0.05222591496
0.05822509838
0.06137978228
0.06138645583
0.05776345554
0.05201107424
-0.06537658145
-0.06737090941
-0.0688763309
-0.06947566913
-0.06934420032
-0.06859749979
-0.06736598866
-0.06579855463
-0.06404228574
-0.06223078929
-0.06047860865
-0.05887910421
-0.05750472227
-0.05640872462
-0.05562762371
-0.0551838115
-0.05508806715
-0.0553417668
-0.05593869493
-0.05686657206
-0.05810819294
-0.05964211083
-0.06144326486
-0.06348340101
-0.06573122049
-0.06815251131
-0.07071015695
-0.07336412746
-0.07607143559
-0.07878608838
-0.08145905261
-0.08403824366
-0.08646854952
-0.08869190114
-0.09064739954
-0.09227151036
-0.09349834128
-0.09426002354
-0.09448715733
-0.09410914853
-0.09305605265
-0.09125863492
-0.08864882587
-0.08516284838
-0.08074192183
-0.07533463009
-0.06889963639
-0.06140886621
-0.0528516461
-0.0432399262
-0.03261592468
-0.0210607147
-0.008703027975
0.00426419207
0.01756537696
0.03082547551
0.04355864732
0.05516952229
0.06498036861
0.07230050371
0.0765537222
0.0773008361
0.07390856836
0.06797638232
-0.07005024059
-0.07246039998
-0.0741784625
-0.07469265439
-0.07426559242
-0.07307596309
-0.07130955877
-0.06916385474
-0.06682416416
-0.06445162292
-0.06217893986
-0.06011008993
-0.05832242617
-0.05687005663
-0.05578762329
-0.05509396183
-0.05479535905
-0.05488828299
-0.05536154061
-0.05619808403
-0.05737615445
-0.05887006437
-0.06065091591
-0.06268690558
-0.06494350426
-0.0673835328
-0.06996714671
-0.07265177963
-0.0753920597
-0.07813972179
-0.08084353327
-0.08344924484
-0.08589957737
-0.08813425548
-0.09009009782
-0.09170117482
-0.09289904781
-0.09361311041
-0.09377101446
-0.0932990257
-0.09212332059
-0.09017115939
-0.0873698836
-0.08365101448
-0.07895052275
-0.07321114358
-0.06638500976
-0.05843676214
-0.04934752363
-0.0391199631
-0.0277849367
-0.01541024676
-0.002114217811
0.01192151988
0.02643557117
0.04105867275
0.05529607766
0.06851877102
0.0799791984
0.08887298526
0.09447396941
0.09617016559
0.09312099359
0.0870225031
-0.07551768367
-0.07843703014
-0.08037374791
-0.0807048308
-0.07983113112
-0.07802734047
-0.07555653855
-0.07267859911
-0.06962407013
-0.06658374407
-0.0637075645
-0.06110751751
-0.05886254101
-0.05702415861
-0.05562194381
-0.05466837317
-0.05416288578
-0.05409508781
-0.05444740655
-0.05519684334
-0.05631613144
-0.05777473048
-0.05953937498
-0.061574361
-0.06384167481
-0.06630100269
-0.06890965779
-0.07162246551
-0.07439162816
-0.0771665891
-0.07989391256
-0.0825171909
-0.08497698971
-0.08721084024
-0.08915328871
-0.09073601253
-0.09188801589
-0.09253592399
-0.09260437367
-0.09201636922
-0.09069416242
-0.08856112819
-0.08553973467
-0.08155632695
-0.07654099953
-0.07042980074
-0.063167261
-0.05470936262
-0.04502732605
-0.03411247911
-0.02198271747
-0.008691250023
0.005661191037
0.02091052764
0.03680496986
0.05298747917
0.06896246691
0.08407106503
0.0974941483
0.1083023827
0.1155926461
0.1185312317
0.1159897262
0.1097516339
-0.08213943605
-0.08566291599
-0.08778650036
-0.08776341408
-0.08621281695
-0.08355293508
-0.08015208807
-0.07634751515
-0.07242044499
-0.06859073232
-0.06502171559
-0.06182818134
-0.05908520943
-0.05683670108
-0.05510281041
-0.0538860641
-0.05317614349
-0.05295380069
-0.05319341246
-0.05386465707
-0.0549339625
-0.05636529648
-0.05812060559
-0.06016001386
-0.06244185298
-0.06492258028
-0.06755662594
-0.07029620593
-0.07309112288
-0.07588857345
-0.0786329764
-0.08126583187
-0.08372562106
-0.08594775441
-0.08786457673
-0.08940543782
-0.09049683956
-0.09106267614
-0.09102457316
-0.09030221967
-0.08881396613
-0.08647896939
-0.08321459565
-0.07894154381
-0.07358336454
-0.06706847762
-0.05933252092
-0.05032108359
-0.03999320234
-0.02832592838
-0.01532049302
-0.001010864699
0.01452408394
0.03114359607
0.04862068003
0.06661047965
0.08462125117
0.1019763104
0.1177848516
0.1309776547
0.1404399036
0.1450499176
0.143272399
0.1369549771
-0.09046790203
-0.0946672568
-0.0968664548
-0.09619534324
-0.09361667541
-0.08975880995
-0.08512847939
-0.08015377685
-0.07516762517
-0.07041320395
-0.06605871943
-0.06221275888
-0.05893824494
-0.05626441327
-0.05419634743
-0.05272216626
-0.05181878564
-0.05145563627
-0.05159707983
-0.05220441701
-0.0532369831
-0.05465274063
-0.05640854919
-0.05846020469
-0.06076232724
-0.0632681569
-0.0659292985
-0.06869544702
-0.07151411431
-0.07433037261
-0.07708662633
-0.07972242061
-0.08217429362
-0.08437567896
-0.08625686464
-0.0877450156
-0.08876426829
-0.08923591088
-0.08907865651
-0.08820892561
-0.08654127986
-0.08399043247
-0.08046854388
-0.07589027807
-0.07017202482
-0.06323363058
-0.05500045108
-0.04540570858
-0.03439353513
-0.02192302579
-0.007973841124
0.007445750337
0.0242869772
0.04244294325
0.06172244605
0.08181309033
0.1022360598
0.1223029579
0.141065027
0.1572987835
0.1696318923
0.1765633339
0.1759719907
0.169715722
-0.1013703671
-0.1062323309
-0.1082345219
-0.1064149104
-0.1022728121
-0.09673525091
-0.09048142201
-0.08403642986
-0.07777632426
-0.07195290298
-0.06672348479
-0.06217614764
-0.05834964926
-0.05524928033
-0.05285802659
-0.05114479547
-0.05006993105
-0.04958877283
-0.04965423007
-0.05021821097
-0.05123234915
-0.05264829308
-0.05441770434
-0.05649206762
-0.05882239038
-0.06135884557
-0.0640503931
-0.06684440482
-0.06968630915
-0.07251926637
-0.07528388221
-0.07791796506
-0.08035633108
-0.08253066133
-0.08436941466
-0.08579780142
-0.08673782343
-0.08710838995
-0.08682551439
-0.08580252296
-0.08395040708
-0.08117937814
-0.07739647641
-0.07251010653
-0.06642904187
-0.05906375696
-0.05032803068
-0.04014073987
-0.02842820521
-0.01512740434
-0.0001905883692
0.01640774888
0.03465995946
0.05450794698
0.0758158343
0.09832829295
0.1216114556
0.1449816339
0.1674463587
0.187636166
0.20386708
0.2141313967
0.2154523437
0.2095832241
-0.1162465465
-0.1215268077
-0.1227363303
-0.1189204802
-0.112401707
-0.1045118864
-0.0961254216
-0.08785142749
-0.08008208753
-0.07304824126
-0.06686995134
-0.0615935112
-0.05721735587
-0.0537111974
-0.05102788616
-0.049111015
-0.04790054764
-0.04733571295
-0.04735667521
-0.04790527208
-0.04892518302
-0.05036175292
-0.052161613
-0.05427219411
-0.05664119529
-0.05921604718
-0.0619433946
-0.06476861317
-0.06763536846
-0.07048522272
-0.07325729164
-0.0758879527
-0.07831060611
-0.08045548938
-0.08224954688
-0.08361635621
-0.0844761141
-0.08474568675
-0.0843387242
-0.08316577775
-0.08113460647
-0.07815108488
-0.07411745378
-0.06893588069
-0.062507348
-0.0547324786
-0.04551251753
-0.03475034239
-0.02235180321
-0.008227658191
0.007703409604
0.02550976297
0.04523809142
0.06689814423
0.09043628101
0.1156912017
0.1423237917
0.1697155091
0.1968519234
0.2222495979
0.2438871928
0.2590775436
0.2635898578
0.2588505216
-0.1374349487
-0.1423135467
-0.1414863162
-0.1342468144
-0.1241293459
-0.1129676975
-0.1018144729
-0.09130807585
-0.08179720663
-0.0734390485
-0.06627621842
-0.06028370789
-0.05539891974
-0.05154183438
-0.048625399
-0.0465628527
-0.04527088691
-0.0446710882
-0.04469028114
-0.04526022187
-0.04631695226
-0.04779999804
-0.04965151774
-0.05181546405
-0.05423679098
-0.05686072325
-0.05963209475
-0.06249475725
-0.06539105782
-0.06826138214
-0.07104376054
-0.07367353371
-0.07608307556
-0.07820157112
-0.07995484789
-0.08126525949
-0.0820516208
-0.08222919498
-0.08170972578
-0.08040145465
-0.0782093775
-0.07503546356
-0.07077772124
-0.06533242254
-0.05859298122
-0.05045018605
-0.0407924001
-0.02950557159
-0.01647324055
-0.001576696926
0.01530436356
0.03428991175
0.05549482723
0.07901834746
0.1049223677
0.1331896768
0.163648776
0.1958481062
0.2288693685
0.2611381901
0.2903593278
0.3129972382
0.3230140283
0.3210673745
-0.1690437786
-0.1712821109
-0.1658579411
-0.1528139668
-0.1373036004
-0.1216639888
-0.1070092901
-0.09387105567
-0.08244218587
-0.072723465
-0.06462015768
-0.05799716322
-0.05270508662
-0.0485997684
-0.04554726726
-0.04342661983
-0.04212988641
-0.04156100629
-0.04163418144
-0.04227213512
-0.04340442593
-0.04496590005
-0.04689530972
-0.04913409908
-0.05162534619
-0.05431284512
-0.05714031184
-0.06005069827
-0.06298560133
-0.06588475549
-0.06868559979
-0.07132291155
-0.07372850079
-0.07583096028
-0.07755546679
-0.07882362944
-0.07955338097
-0.0796589077
-0.07905060595
-0.07763499933
-0.07531492897
-0.07198917823
-0.06755230376
-0.06189539396
-0.05490500942
-0.04646277891
-0.03644471028
-0.02472004195
-0.01114964539
0.00441605544
0.02213956487
0.04219879242
0.06478843943
0.09011780846
0.1183998094
0.1498210083
0.1844746044
0.2222264445
0.2624722902
0.303778953
0.3436445149
0.3777579608
0.3976896382
0.4023657471
-0.2184552822
-0.2124908405
-0.1973350469
-0.1745993383
-0.1511642296
-0.129576903
-0.1106860967
-0.09464415443
-0.08128834476
-0.07033646246
-0.06147632051
-0.05441806838
-0.04890532755
-0.04471935001
-0.04167573596
-0.03961957812
-0.03842027734
-0.03796674733
-0.0381632838
-0.03892611704
-0.0401805773
-0.0418587779
-0.04389772139
-0.0462377453
-0.04882123916
-0.05159157828
-0.05449223155
-0.05746601088
-0.06045443696
-0.06339720229
-0.0662317168
-0.06889272469
-0.07131198344
-0.07341799761
-0.07513580065
-0.07638677821
-0.07708852569
-0.07715473198
-0.0764950716
-0.07501502896
-0.07261602131
-0.06919464888
-0.06464293176
-0.0588478691
-0.05169042519
-0.0430444995
-0.03277534631
-0.02073722839
-0.006770099301
0.00930498492
0.02769204622
0.04862818494
0.07239327136
0.09932021076
0.1298022742
0.1642887488
0.2032495321
0.2470686931
0.2957938013
0.3486625575
0.4034302723
0.4552387656
0.4931745348
0.5131723745
-0.297854419
-0.2713165612
-0.2367310697
-0.1983380827
-0.1637245196
-0.1347136039
-0.111155676
-0.092320458
-0.0773745577
-0.06558858693
-0.05636125278
-0.04921447818
-0.04377413979
-0.03974860238
-0.03690909472
-0.03507415468
-0.03409767256
-0.03385982124
-0.03426025114
-0.03521298811
-0.03664258244
-0.0384811728
-0.04066621979
-0.04313873126
-0.04584185187
-0.04871972577
-0.05171656719
-0.05477589219
-0.05783987779
-0.06084882415
-0.06374070145
-0.06645076828
-0.06891125063
-0.07105107287
-0.07279563265
-0.07406661138
-0.07478181127
-0.07485500774
-0.07419579295
-0.07270932011
-0.07029635842
-0.0668525536
-0.0622683391
-0.05642805176
-0.04920881725
-0.04047897787
-0.0300957588
-0.0179018646
-0.003720583163
0.01265120974
0.03145297684
0.05297447456
0.07757508178
0.1057098511
0.1379627697
0.1750844428
0.2180219004
0.267903543
0.3258911433
0.3927436454
0.4677472323
0.545885358
0.6135800631
0.6642950956
-0.432209289
-0.3535290203
-0.2802551757
-0.2185413003
-0.170030632
-0.1332413216
-0.1057198884
-0.08508125037
-0.06950670338
-0.057714511
-0.04879083637
-0.04208193749
-0.03712009327
-0.0335661797
-0.03116905009
-0.0297384168
-0.02912643192
-0.02921499424
-0.02990697844
-0.03112010627
-0.03278258348
-0.03482993089
-0.03720263391
-0.03984435958
-0.04270057336
-0.04571744312
-0.04884095415
-0.05201618289
-0.05518669347
-0.05829403156
-0.06127729765
-0.06407278634
-0.06661368137
-0.06882979763
-0.07064736218
-0.07198882536
-0.07277269205
-0.07291335908
-0.07232092511
-0.07090096361
-0.06855442863
-0.06517706461
-0.06065884558
-0.05488311892
-0.0477253213
-0.03905106306
-0.02871332409
-0.01654835639
-0.00236970496
0.01404052846
0.03294449927
0.05466751801
0.0796260822
0.1083696134
0.1416424663
0.1804746505
0.2263085777
0.2811562168
0.3477418205
0.4294701582
0.5293808571
0.6453612452
0.76339276
0.8752583
-0.7304930842
-0.4694162529
-0.3095348721
-0.2190259479
-0.1585609885
-0.1172714857
-0.08927829937
-0.06970973354
-0.05562857108
-0.04535997852
-0.03783390734
-0.03234292251
-0.02841890616
-0.02574253769
-0.02408700927
-0.02328535017
-0.02321009859
-0.02376015917
-0.02485226938
-0.02641534596
-0.02838661794
-0.0307088997
-0.03332860897
-0.03619428029
-0.03925541545
-0.04246156978
-0.04576160868
-0.04910309113
-0.0524317514
-0.05569105913
-0.0588218443
-0.06176197699
-0.0644460941
-0.06680536634
-0.06876729863
-0.07025555637
-0.07118980763
-0.07148556641
-0.0710539932
-0.06980182234
-0.06763105702
-0.06443840205
-0.06011474411
-0.05454430976
-0.04760335012
-0.03915819671
-0.02906241471
-0.0171526258
-0.003242364901
0.01288700545
0.03149987024
0.05292694074
0.07759702953
0.1060871791
0.1392035914
0.1781151637
0.2245772453
0.2813093482
0.3526350058
0.4454705581
0.5699953912
0.7388542971
0.9742507807
1.301476506
-1.424916723
-0.6454772698
-0.3290773394
-0.2093454655
-0.1365310289
-0.09170871051
-0.06550173453
-0.04902917593
-0.03793414519
-0.03025823693
-0.02488167245
-0.02113064626
-0.01860738806
-0.01706362942
-0.01633197767
-0.01629244187
-0.01685381303
-0.01794263222
-0.01949667114
-0.0214609411
-0.02378509902
-0.02642166804
-0.02932475279
-0.03244906316
-0.03574913838
-0.03917870783
-0.04269015047
-0.04623402932
-0.04975868643
-0.05320988886
-0.05653051928
-0.05966030683
-0.06253559418
-0.0650891373
-0.06724993356
-0.0689430724
-0.07008960069
-0.0706063895
-0.070406022
-0.06939664925
-0.06748168459
-0.06455943527
-0.06052261733
-0.05525759545
-0.04864321937
-0.04054910072
-0.03083307947
-0.01933750089
-0.005883731841
0.009735976229
0.02777073223
0.04852982967
0.07241254518
0.09995710156
0.1319247745
0.1694516138
0.2143357755
0.2696092544
0.3407449375
0.4382094831
0.5817935267
0.8108694986
1.250205188
2.170669538
)
;

boundaryField
{
    movingWall
    {
        type            zeroGradient;
    }
    fixedWalls
    {
        type            zeroGradient;
    }
    frontAndBack
    {
        type            empty;
    }
}


// ************************************************************************* //
