/*--------------------------------*- C++ -*----------------------------------*\
  =========                 |
  \\      /  F ield         | OpenFOAM: The Open Source CFD Toolbox
   \\    /   O peration     | Website:  https://openfoam.org
    \\  /    A nd           | Version:  11
     \\/     M anipulation  |
\*---------------------------------------------------------------------------*/
FoamFile
{
    format      ascii;
    class       volScalarField;
    location    "1100";
    object      p;
}
// * * * * * * * * * * * * * * * * * * * * * * * * * * * * * * * * * * * * * //

dimensions      [0 2 -2 0 0 0 0];

internalField   nonuniform List<scalar> 
4096
(
1.177578315e-09
-3.456684032e-05
-0.0001479094686
-0.0003326928738
-0.0005636671193
-0.0008200790213
-0.001085189757
-0.001345678476
-0.001591320355
-0.001814489188
-0.002009631183
-0.002172796882
-0.002301246316
-0.002393126443
-0.002447215943
-0.002462730668
-0.002439182617
-0.00237628539
-0.002273899386
-0.002132010346
-0.001950735213
-0.001730349608
-0.001471331576
-0.001174416591
-0.0008406591027
-0.0004714962249
-6.880943249e-05
0.0003650195921
0.0008270625571
0.001313810905
0.001821157866
0.002344398852
0.00287825292
0.003416905841
0.003954074175
0.004483094137
0.004997033917
0.005488826086
0.005951418291
0.006377938703
0.00676187174
0.007097238811
0.007378778214
0.00760211798
0.007763935393
0.007862097238
0.007895775498
0.00786553428
0.007773385146
0.007622809709
0.007418750199
0.00716757064
0.006876993011
0.006556014105
0.006214809197
0.005864627296
0.005517676621
0.005186992274
0.00488624863
0.004629389122
0.004429883116
0.004299958082
0.004248949711
0.004260231648
3.421955543e-05
-5.568341074e-07
-9.953458359e-05
-0.0002583744151
-0.000456666512
-0.000677538493
-0.0009071243339
-0.001134022811
-0.001349170852
-0.001545573416
-0.00171795538
-0.001862421563
-0.001976152461
-0.002057144542
-0.002103997636
-0.002115748236
-0.002091745498
-0.002031565722
-0.001934960637
-0.001801834613
-0.001632245998
-0.001426427812
-0.001184823242
-0.0009081315625
-0.0005973602985
-0.0002538796941
0.0001205242755
0.0005236018702
0.0009525998436
0.001404233052
0.001874670149
0.002359535831
0.002853932598
0.003352481895
0.003849383639
0.004338499278
0.00481345629
0.005267770679
0.005694986139
0.006088826605
0.006443358005
0.00675315432
0.007013462503
0.007220360492
0.007370902484
0.007463245942
0.007496755397
0.007472079097
0.007391195757
0.007257430168
0.007075437995
0.006851161631
0.006591760344
0.006305518668
0.006001736883
0.005690605485
0.005383061932
0.005090619005
0.004825135774
0.004598431253
0.004421665439
0.00430529973
0.004259553871
0.004271271368
0.0001481408781
9.779210317e-05
-2.270171234e-06
-0.0001478212217
-0.000324100066
-0.0005182806367
-0.0007193946012
-0.0009181234003
-0.001106815018
-0.001279373759
-0.001431057773
-0.00155825225
-0.001658249464
-0.001729050691
-0.001769197699
-0.001777636753
-0.001753615119
-0.001696608212
-0.001606274589
-0.001482435338
-0.001325074207
-0.001134354643
-0.0009106499732
-0.0006545829895
-0.0003670713231
-4.937512399e-05
0.0002968563088
0.0006695421446
0.001066134924
0.001483595585
0.001918381162
0.002366447485
0.002823270036
0.003283882343
0.003742930984
0.004194753151
0.004633473921
0.005053120114
0.005447749809
0.005811594364
0.006139209015
0.006425627399
0.006666514843
0.006858314884
0.00699838347
0.007085105478
0.007117988805
0.007097732122
0.007026263534
0.006906748724
0.006743568566
0.006542267539
0.006309475368
0.006052804883
0.005780728843
0.005502436893
0.005227671045
0.004966534814
0.004729259467
0.004525854873
0.004365633447
0.004257688031
0.004212959775
0.00422115522
0.0003360884281
0.0002572749126
0.0001405511766
-7.038407414e-06
-0.000176252181
-0.0003575439816
-0.0005423262465
-0.0007231962882
-0.0008939568796
-0.001049566147
-0.001186020449
-0.001300202533
-0.001389722813
-0.001452770102
-0.001487980929
-0.001494332098
-0.001471058075
-0.001417592872
-0.001333534792
-0.001218631688
-0.001072783918
-0.0008960619585
-0.0006887355353
-0.0004513111089
-0.0001845745828
0.0001103638408
0.0004320256631
0.000778523868
0.001147529296
0.001536246294
0.001941400078
0.002359238109
0.002785548729
0.003215696559
0.003644672775
0.004067168252
0.004477665494
0.00487054661
0.0052402167
0.005581239632
0.005888482352
0.006157263217
0.006383499208
0.006563846544
0.006695829083
0.006777949126
0.006809775751
0.006792006632
0.00672650043
0.006616278114
0.006465492998
0.006279370591
0.006064120506
0.005826823413
0.005575296122
0.005317937168
0.005063554045
0.004821173217
0.004599828637
0.004408280421
0.004254686701
0.004147238273
0.004096326593
0.004093878819
0.0005744957003
0.0004586258584
0.0003150010025
0.0001554155305
-1.640349083e-05
-0.0001938178354
-0.0003703263892
-0.0005403186791
-0.0006990460622
-0.0008425873091
-0.0009677849814
-0.001072144586
-0.001153720517
-0.00121100505
-0.001242829339
-0.001248281433
-0.001226643617
-0.001177349493
-0.001099959964
-0.0009941564475
-0.0008597491758
-0.0006966981356
-0.0005051440331
-0.0002854466086
-3.822758534e-05
0.0002355844629
0.0005347100304
0.0008574780677
0.001201791484
0.001565101334
0.001944392098
0.002336180351
0.002736529941
0.003141084143
0.003545111382
0.003943574406
0.004331218065
0.004702673204
0.005052576302
0.00537570187
0.00566710382
0.005922261241
0.006137223396
0.00630874829
0.006434429026
0.0065128023
0.006543433914
0.006526976985
0.006465199669
0.006360980556
0.006218271377
0.006042028093
0.005838112802
0.005613169874
0.005374480352
0.005129798688
0.004887175806
0.004654773593
0.004440673468
0.004252652551
0.004097963187
0.003983839065
0.003918932809
0.003897984304
0.0008435627021
0.0006854067696
0.000508313881
0.0003298399273
0.0001484487471
-3.17998012e-05
-0.0002062418543
-0.000370920305
-0.0005224804011
-0.00065812651
-0.000775591263
-0.0008730684116
-0.000949130262
-0.001002645617
-0.001032706269
-0.001038566723
-0.001019599555
-0.0009752671231
-0.0009051091676
-0.0008087450766
-0.0006858891086
-0.0005363765602
-0.0003601986932
-0.0001575441231
7.115569489e-05
0.0003251792968
0.0006034688185
0.0009045868766
0.001226679242
0.001567445818
0.001924122356
0.00229347526
0.002671812133
0.003055010596
0.003438559597
0.003817624891
0.004187133612
0.004541875485
0.004876620582
0.005186250645
0.005465900155
0.005711102497
0.005917935859
0.006083162954
0.006204358462
0.006280018179
0.006309644359
0.006293802549
0.006234146414
0.006133408477
0.005995356306
0.005824715335
0.005627061077
0.005408684833
0.005176438012
0.004937560819
0.00469950153
0.00446973346
0.004255575122
0.004064007442
0.003901530053
0.003774386491
0.003688887753
0.003643186877
0.001126430244
0.0009232350507
0.0007086703605
0.0005065524183
0.0003104741251
0.0001222421993
-5.508367556e-05
-0.0002190497181
-0.0003676111723
-0.0004990644007
-0.0006120340066
-0.0007054265028
-0.0007783688728
-0.0008301475927
-0.0008601549596
-0.0008678466958
-0.0008527129845
-0.0008142636239
-0.0007520269635
-0.0006655616175
-0.0005544795159
-0.0004184785873
-0.0002573831921
-7.119030919e-05
0.0001398806133
0.0003753363226
0.0006343592093
0.0009157599002
0.001217935437
0.00153883554
0.001875939488
0.002226246029
0.002586278234
0.002952108945
0.003319397616
0.003683452151
0.004039311062
0.004381843101
0.0047058646
0.00500627157
0.005278182657
0.005517088162
0.005718999511
0.005880592943
0.00599934087
0.00607362446
0.006102821413
0.006087363787
0.006028761961
0.005929592401
0.005793448664
0.005624856966
0.005429159489
0.005212370275
0.004981009929
0.004741926347
0.004502109417
0.004268507467
0.004047851707
0.003846502745
0.003670368089
0.003524782206
0.003413559255
0.003338718781
0.001408460927
0.001159153839
0.0009049519195
0.0006761210694
0.0004617831533
0.0002617760285
7.775723175e-05
-8.917965264e-05
-0.0002382058251
-0.0003686550734
-0.0004800189235
-0.0005719121434
-0.0006440248823
-0.0006960767099
-0.0007277781234
-0.0007388026402
-0.0007287711924
-0.0006972493099
-0.0006437567185
-0.0005677884176
-0.0004688459506
-0.0003464773574
-0.0002003241471
-3.017351805e-05
0.0001639860569
0.0003819078797
0.0006230308419
0.0008864262782
0.001170750267
0.001474203905
0.001794504232
0.002128868346
0.002474011502
0.002826169071
0.003181128798
0.003534288773
0.003880737732
0.004215353798
0.00453292249
0.004828271003
0.005096414777
0.005332711402
0.005533015954
0.005693831129
0.005812445157
0.0058870505
0.005916836715
0.005902051808
0.005844027689
0.005745167059
0.005608891034
0.005439548955
0.005242293971
0.005022929973
0.004787737111
0.00454328443
0.004296238902
0.00405317865
0.003820416499
0.003603868795
0.003409028236
0.00324048086
0.003099641964
0.002992717418
0.001676933197
0.001381517918
0.001086786104
0.000829443322
0.0005944901416
0.0003800253219
0.0001864692956
1.368198619e-05
-0.0001386313025
-0.0002707783123
-0.0003830768214
-0.0004758261927
-0.0005492680179
-0.0006035508772
-0.0006387035236
-0.0006546187321
-0.0006510490273
-0.0006276145032
-0.0005838222345
-0.0005190963427
-0.0004328175025
-0.0003243705046
-0.0001931983725
-3.886142333e-05
0.0001389004518
0.0003401041572
0.0005644604489
0.0008113139036
0.001079588209
0.001367739362
0.001673719668
0.001994955197
0.002328336083
0.002670234622
0.003016532845
0.003362676056
0.00370375151
0.004034586599
0.004349868176
0.004644279989
0.004912654191
0.005150131773
0.005352325739
0.005515479954
0.005636616136
0.005713661342
0.005745548725
0.005732285208
0.005674981145
0.005575838858
0.00543809916
0.005265947355
0.005064382642
0.004839057178
0.004596092932
0.004341886057
0.00408290916
0.003825519098
0.003575776088
0.003339330666
0.003121450123
0.002926174826
0.002752737083
0.002611736681
0.001920652799
0.001579811767
0.00124452133
0.0009577940336
0.0007007953028
0.0004700612111
0.0002649037751
8.405538763e-05
-7.381782621e-05
-0.0002099330881
-0.0003253863529
-0.0004211265344
-0.0004979215744
-0.0005563311589
-0.0005966891813
-0.0006190973428
-0.000623430606
-0.0006093544254
-0.0005763531123
-0.0005237683585
-0.0004508467488
-0.0003567949686
-0.0002408413242
-0.0001023020963
5.934887926e-05
0.0002444091722
0.000452877238
0.0006843846241
0.0009381333363
0.001212841036
0.001506697208
0.001817333152
0.00214180344
0.002476599315
0.002817671636
0.003160478926
0.003500064376
0.003831153387
0.004148274439
0.004445900251
0.004718605142
0.004961233328
0.005169071649
0.005338019264
0.005464746192
0.005546832403
0.005582879473
0.005572587735
0.00551679328
0.005417461183
0.005277633688
0.005101334796
0.004893435422
0.004659485898
0.004405524794
0.004137874831
0.00386293733
0.003586992583
0.003316011729
0.003055558746
0.002810869627
0.002585656031
0.002377217818
0.002200684461
0.002129589162
0.00174443681
0.001369146648
0.001052833078
0.0007730542963
0.0005249137943
0.0003067112656
0.0001161369872
-4.910895322e-05
-0.0001910924722
-0.0003116377386
-0.0004123024614
-0.0004943478172
-0.0005587175923
-0.0006060284781
-0.0006365720986
-0.0006503290275
-0.0006469944456
-0.0006260146725
-0.0005866335646
-0.0005279476508
-0.0004489687949
-0.0003486931127
-0.0002261747753
-8.060319751e-05
8.861807843e-05
0.0002817927362
0.0004988554813
0.0007393007525
0.001002119113
0.001285744734
0.001588017102
0.001906152646
0.002236751906
0.00257581821
0.002918798574
0.003260658665
0.003595979181
0.003919078051
0.004224155463
0.00450545763
0.004757453944
0.004975020782
0.005153624061
0.005289491871
0.005379768135
0.005422638518
0.005417420612
0.00536461196
0.00526589154
0.005124072957
0.004943010512
0.00472746241
0.00448291827
0.004215400612
0.003931252063
0.003636920764
0.003338751189
0.003042785919
0.002754679454
0.002479828566
0.00222182913
0.001976288362
0.001762970499
0.002294595038
0.001866530485
0.001452206368
0.001106591046
0.0008038174326
0.0005376496502
0.0003054440584
0.0001039154943
-7.014058777e-05
-0.000219584007
-0.0003469186809
-0.0004542685482
-0.0005433508634
-0.000615461159
-0.0006714706746
-0.0007118360669
-0.0007366212288
-0.0007455306426
-0.0007379534062
-0.0007130169226
-0.0006696491859
-0.000606648551
-0.0005227598301
-0.0004167554653
-0.0002875203782
-0.0001341388863
4.401820379e-05
0.0002472085311
0.0004752376592
0.0007273859456
0.001002346501
0.00129817775
0.001612264389
0.001941315755
0.002281381191
0.002627881331
0.002975680361
0.003319180238
0.00365244354
0.003969342061
0.004263727125
0.004529616291
0.004761389527
0.004953986603
0.005103096407
0.005205328406
0.005258356523
0.005261026467
0.005213419052
0.00511686419
0.00497390305
0.004788199097
0.004564402079
0.004307972372
0.0040249759
0.003721862246
0.003405239475
0.003081652828
0.002757372901
0.002438317328
0.002130229592
0.001836789428
0.0015521167
0.001300721858
0.002407204228
0.0019378282
0.001485727581
0.001111450439
0.0007858539135
0.0005014286748
0.0002546356665
4.126540363e-05
-0.0001427406488
-0.0003009880849
-0.0004366154153
-0.0005522709424
-0.0006500896335
-0.0007316839318
-0.0007981481668
-0.0008500756376
-0.0008875878028
-0.0009103748158
-0.0009177464884
-0.000908692714
-0.0008819523771
-0.0008360897648
-0.0007695774614
-0.0006808846117
-0.0005685692736
-0.0004313733407
-0.0002683182038
-7.879895708e-05
0.0001373253962
0.0003796486495
0.0006471449554
0.0009381113415
0.001250117383
0.00157999084
0.001923831575
0.002277029707
0.002634334259
0.002989943669
0.003337628116
0.003670880869
0.003983094854
0.004267759243
0.004518669069
0.004730139315
0.004897213623
0.005015857041
0.005083122052
0.005097277755
0.005057893468
0.004965870262
0.004823416842
0.004633969691
0.004402061138
0.004133142685
0.003833374205
0.003509392395
0.003168073067
0.002816294435
0.002460707293
0.002107659636
0.001763420152
0.001431935381
0.001105998427
0.000815013874
0.00245949366
0.001950565327
0.001462166191
0.001060131372
0.0007121716219
0.000409551366
0.0001478687248
-7.797097682e-05
-0.0002728386022
-0.0004410437138
-0.0005863183003
-0.00071179533
-0.0008199898238
-0.0009127959303
-0.0009914985182
-0.001056797621
-0.0011088448
-0.00114729051
-0.001171341538
-0.001179827621
-0.001171276414
-0.001143995984
-0.001096163984
-0.001025922564
-0.0009314778803
-0.0008112028153
-0.0006637411491
-0.0004881110386
-0.0002838052453
-5.088518006e-05
0.0002099353523
0.0004972216374
0.000808756243
0.001141506189
0.001491638667
0.001854521097
0.0022247851
0.002596411183
0.002962848756
0.003317168881
0.003652246274
0.003960965672
0.004236445655
0.00447227116
0.004662724354
0.004803002423
0.004889410425
0.004919517711
0.004892267656
0.004808032677
0.004668609516
0.004477153519
0.004238054752
0.003956762932
0.003639571909
0.003293377753
0.002925426073
0.002543055846
0.002153446064
0.001763537329
0.001380295449
0.001008100806
0.0006385329437
0.000306096049
0.002443996312
0.001897414463
0.001374372946
0.000945686114
0.0005760378612
0.0002555020122
-2.1163843e-05
-0.0002599089621
-0.0004663817876
-0.0006455594695
-0.0008017304415
-0.0009384755479
-0.001058654124
-0.001164407947
-0.001257180396
-0.001337748413
-0.001406265984
-0.00146231808
-0.001504984156
-0.001532910438
-0.001544390336
-0.00153745238
-0.001509955031
-0.001459687649
-0.001384476647
-0.001282295628
-0.001151377848
-0.0009903289546
-0.000798237474
-0.0005747801281
-0.0003203178444
-3.597638238e-05
0.0002762806854
0.0006135928974
0.0009722255062
0.001347544523
0.001734074963
0.002125576963
0.002515161034
0.002895440196
0.003258715974
0.003597193891
0.003903221843
0.004169542547
0.004389549298
0.004557532823
0.004668906124
0.004720394268
0.004710177049
0.004637974534
0.004505068577
0.004314257346
0.004069744385
0.003776968435
0.003442384534
0.003073210965
0.002677158723
0.002262151002
0.001836039604
0.001406516499
0.0009814123494
0.0005656953444
0.0001497988629
-0.0002263943644
0.00235365424
0.001771452118
0.001215578456
0.0007615041265
0.0003710040816
3.299130515e-05
-0.0002586009704
-0.0005105514174
-0.0007292561706
-0.0009203278882
-0.001088578145
-0.001238002037
-0.001371770114
-0.001492239857
-0.001600982847
-0.001698824468
-0.001785894484
-0.001861687349
-0.001925131356
-0.001974666045
-0.002008327397
-0.002023840477
-0.002018719136
-0.001990372286
-0.001936216056
-0.001853790776
-0.001740881372
-0.001595639205
-0.001416702934
-0.001203315559
-0.0009554336519
-0.0006738213616
-0.0003601339096
-1.701160269e-05
0.000351954913
0.0007421668246
0.001148068405
0.001563211089
0.001980360801
0.002391646674
0.002788748837
0.003163121697
0.003506246625
0.003809905437
0.004066463649
0.004269150521
0.004412321539
0.004491688492
0.004504502924
0.004449680546
0.00432785721
0.004141371168
0.003894171242
0.003591655756
0.003240452182
0.002848152298
0.002423020582
0.001973683648
0.001508808513
0.001036995989
0.0005671085542
0.0001048474356
-0.0003604753018
-0.0007832337288
0.002181802188
0.00156614964
0.0009793951612
0.0005013277384
9.093608026e-05
-0.0002639993957
-0.0005703564256
-0.0008357207687
-0.001067209381
-0.001271041504
-0.00145252174
-0.001616028962
-0.001765014844
-0.00190202348
-0.002028726953
-0.002145972964
-0.002253842493
-0.002351716214
-0.002438348877
-0.002511951221
-0.002570279225
-0.002610730627
-0.00263044864
-0.002626432674
-0.002595655652
-0.002535187149
-0.002442321167
-0.002314706779
-0.002150479347
-0.001948389642
-0.001707927135
-0.001429429101
-0.001114175203
-0.0007645170774
-0.0003838420724
2.334059252e-05
0.0004514379218
0.0008938211459
0.001342921209
0.001790370429
0.002227188965
0.002644013636
0.003031363909
0.0033799369
0.003680920366
0.003926310082
0.004109215945
0.004224140046
0.004267209928
0.004236351675
0.004131390257
0.003954068775
0.003707983512
0.003398437592
0.003032222019
0.002617338817
0.002162684961
0.001677705334
0.001172023657
0.0006553084812
0.0001376242735
-0.0003744533971
-0.0008927468155
-0.001365426973
0.001922175116
0.001275383274
0.0006598335816
0.0001592775362
-0.0002699499963
-0.0006411710489
-0.000962061126
-0.001240991491
-0.001485774506
-0.001703209178
-0.001899065646
-0.002078079051
-0.0022439553
-0.002399399275
-0.00254615911
-0.002685081837
-0.002816178017
-0.002938693962
-0.003051190834
-0.003151630396
-0.003237467485
-0.003305749484
-0.003353223051
-0.003376448268
-0.003371920145
-0.003336197027
-0.00326603503
-0.003158527009
-0.00301124398
-0.002822376494
-0.002590872591
-0.002316563578
-0.002000274071
-0.001643978614
-0.001250782384
-0.0008250326135
-0.0003722961865
0.0001006664218
0.0005859795945
0.001074782547
0.001557410299
0.0020236247
0.002462891623
0.00286469709
0.003218891607
0.003516048729
0.003747820985
0.003907274311
0.003989181349
0.003990254668
0.003909303397
0.003747300872
0.003507356501
0.003194591645
0.002815926335
0.002379790987
0.001895782607
0.001374274241
0.0008259880955
0.0002618235865
-0.0003067751346
-0.0008722153446
-0.001447499837
-0.001974033409
0.001568933444
0.0008934593804
0.0002513302137
-0.0002701139425
-0.0007170463021
-0.001103856934
-0.00143900414
-0.001731622225
-0.001990193745
-0.002222071901
-0.002433466965
-0.002629445601
-0.002813944301
-0.002989806481
-0.003158835595
-0.003321858766
-0.003478798161
-0.00362874861
-0.003770060818
-0.003900430175
-0.004016991536
-0.004116420589
-0.004195042473
-0.004248948192
-0.004274119154
-0.004266559792
-0.004222437745
-0.004138230479
-0.00401087655
-0.003837929298
-0.003617709981
-0.003349451375
-0.003033425161
-0.002671124643
-0.002265277111
-0.00181996916
-0.001340656341
-0.0008341593661
-0.0003086093137
0.0002266647071
0.0007613055753
0.001284156668
0.001783546824
0.002247625911
0.002664741115
0.003023839921
0.003314881929
0.003529238544
0.003660057677
0.003702570362
0.003654317892
0.003515281946
0.003287905926
0.002977003121
0.00258955548
0.002134415868
0.001621933831
0.001063514115
0.0004711202507
-0.0001429473743
-0.0007656752539
-0.001388303831
-0.002025090268
-0.002609999754
0.001116701886
0.0004151507956
-0.000251215754
-0.0007918620465
-0.001255307634
-0.00165697012
-0.002006072423
-0.002312487336
-0.002585341672
-0.002832517812
-0.003060642427
-0.003275091537
-0.003480011833
-0.003678366779
-0.003871998505
-0.004061699229
-0.004247289021
-0.004427698261
-0.004601054271
-0.004764772285
-0.004915651503
-0.005049977192
-0.005163629926
-0.00525220295
-0.005311128446
-0.005335813103
-0.005321782931
-0.005264836624
-0.005161206079
-0.005007722196
-0.004801983507
-0.004542519058
-0.004228935073
-0.003862115829
-0.003444299405
-0.002979187417
-0.00247201336
-0.001929560086
-0.001360136005
-0.0007734876135
-0.0001806473338
0.0004062861495
0.0009744354417
0.001510496113
0.002001144041
0.002433484937
0.002795527582
0.003076657823
0.003268087044
0.003363247253
0.00335810554
0.003251373887
0.003044596111
0.002742101699
0.002350825946
0.001880006873
0.001340778957
0.0007456732584
0.0001080385286
-0.0005582444272
-0.001238386753
-0.001922299771
-0.002625591401
-0.003273996608
0.0005606173637
-0.0001642587793
-0.0008523994937
-0.00141048539
-0.001889202914
-0.002304949394
-0.002667689942
-0.002988008361
-0.003275648398
-0.003538996705
-0.003785074002
-0.004019545929
-0.004246752296
-0.004469762055
-0.004690443754
-0.004909544375
-0.005126772958
-0.005340887255
-0.005549782913
-0.005750585634
-0.005939747338
-0.006113147718
-0.006266202706
-0.006393981328
-0.006491332203
-0.006553020621
-0.006573876629
-0.00654895399
-0.006473699083
-0.006344128281
-0.006157012067
-0.005910058481
-0.005602080828
-0.005233208858
-0.004805057854
-0.004320794329
-0.003785291675
-0.003205166846
-0.002588796009
-0.001946260444
-0.001289220731
-0.0006307141278
1.512831734e-05
0.0006334440403
0.001209074409
0.001727061202
0.00217318563
0.002534525344
0.002799999686
0.002960870043
0.003011161202
0.002947971718
0.002771646746
0.002485795302
0.002097145018
0.001615240983
0.001052007788
0.0004211843
-0.0002623517221
-0.0009829485555
-0.00172381555
-0.002473354534
-0.003248637399
-0.003966254104
-0.0001036169454
-0.0008489257702
-0.001556264172
-0.002129959027
-0.002622665611
-0.003051705056
-0.003427757326
-0.003762086282
-0.004065023517
-0.004345434888
-0.004610714043
-0.004866798926
-0.005118208739
-0.005368107469
-0.005618382466
-0.005869730153
-0.00612174485
-0.006373008804
-0.006621182992
-0.006863099345
-0.007094855779
-0.007311915801
-0.007509214696
-0.007681274267
-0.007822327919
-0.00792645759
-0.007987743543
-0.008000427472
-0.007959088601
-0.007858831782
-0.007695486632
-0.007465812347
-0.007167688573
-0.006800329054
-0.00636456889
-0.005862864128
-0.005299561048
-0.004680949832
-0.004015329173
-0.003312995264
-0.002586152413
-0.001848737731
-0.001116152568
-0.0004048978197
0.0002678839852
0.0008849500204
0.001429564404
0.001886145821
0.002240922612
0.002482556584
0.002602693633
0.002596399571
0.002462444143
0.002203404863
0.001825574886
0.00133867546
0.0007553896756
9.07262054e-05
-0.0006387672894
-0.001415465989
-0.002220326945
-0.003040038352
-0.003893260718
-0.004686392519
-0.0008796752539
-0.001642395836
-0.002366253735
-0.002953667756
-0.003459045158
-0.003900566409
-0.004289593643
-0.004638036097
-0.004956782201
-0.005255151727
-0.005540891386
-0.005820196597
-0.006097755724
-0.006376821629
-0.006659297745
-0.006945829943
-0.00723589975
-0.007527916823
-0.007819310308
-0.008106619948
-0.008385588615
-0.008651258502
-0.008898073411
-0.009119989655
-0.009310597942
-0.009463258319
-0.009571249859
-0.009627936204
-0.009626947331
-0.009562377133
-0.009428996598
-0.00922247977
-0.008939621384
-0.008578551952
-0.008139125211
-0.007622902831
-0.007033505467
-0.006376700098
-0.00566052328
-0.004895323618
-0.004093720344
-0.003270467658
-0.002442212839
-0.001627140447
-0.0008445009965
-0.0001140302033
0.0005447259482
0.001113154952
0.001574354909
0.001913900755
0.002120549025
0.002186828362
0.002109465706
0.001889606487
0.001532800857
0.00104874746
0.000450806844
-0.0002447091312
-0.001019449917
-0.001853604586
-0.002725600497
-0.003620179109
-0.004557719753
-0.005433243132
-0.001770553006
-0.002547554287
-0.003285167679
-0.003884362092
-0.004401061651
-0.004854233001
-0.005255882238
-0.005618525514
-0.005953575231
-0.006270779706
-0.006578220279
-0.006882337703
-0.007187983003
-0.007498496295
-0.007815799533
-0.008140493673
-0.008471955327
-0.008808430655
-0.009147126137
-0.00948429728
-0.009815337271
-0.01013486819
-0.01043683772
-0.01071462442
-0.01096115447
-0.01116903269
-0.01133069004
-0.01143854966
-0.01148521238
-0.01146366216
-0.01136749175
-0.01119114788
-0.0109301775
-0.01058146454
-0.01014365344
-0.009617195907
-0.009004765073
-0.008311374427
-0.007544571839
-0.006714548718
-0.005834159423
-0.004918839525
-0.003986405761
-0.003056723978
-0.002151237529
-0.001292356859
-0.0005027215369
0.0001956417174
0.0007822283026
0.001238983019
0.001551185799
0.001708230277
0.0017042295
0.001538390052
0.001215110368
0.0007437815486
0.0001382948624
-0.0005837424472
-0.001402059761
-0.002294439184
-0.00323647249
-0.004210687319
-0.00523931209
-0.006204654624
-0.002778514526
-0.003566580435
-0.004315120447
-0.004924119456
-0.005450766277
-0.005914731984
-0.006328622879
-0.006705519958
-0.007057325159
-0.007394190218
-0.007724514449
-0.008054974863
-0.008390582706
-0.008734768581
-0.009089480868
-0.009455287151
-0.009831473254
-0.01021613743
-0.01060627934
-0.01099788503
-0.01138601032
-0.01176486541
-0.01212790434
-0.01246792278
-0.01277716768
-0.01304746217
-0.01327034883
-0.01343725389
-0.01353967434
-0.0135693891
-0.01351869545
-0.01338067146
-0.01314944914
-0.01282047643
-0.01239096417
-0.01186004165
-0.0112291548
-0.01050230467
-0.009686283855
-0.008790867656
-0.007828909506
-0.006816329445
-0.005771973879
-0.004717325913
-0.003676051278
-0.002673373312
-0.001735282042
-0.0008875968741
-0.0001549188629
0.0004404744374
0.0008797232079
0.001148389089
0.001237284294
0.001143046235
0.0008683919257
0.000422011969
-0.000181904465
-0.0009245204945
-0.00178355564
-0.002734162079
-0.003748761739
-0.004807363364
-0.00593416898
-0.006997279859
-0.003905046808
-0.004700908994
-0.005457508322
-0.006074313316
-0.006609510079
-0.007083384073
-0.007509092644
-0.007900236311
-0.008269171011
-0.008626427563
-0.008980708952
-0.009338922942
-0.009706243122
-0.01008619909
-0.01048077938
-0.01089053596
-0.0113146845
-0.01175119765
-0.01219689104
-0.01264750317
-0.01309777209
-0.01354151192
-0.01397169337
-0.01438053215
-0.01475958954
-0.01509988912
-0.01539205342
-0.01562646389
-0.01579344713
-0.01588348933
-0.01588748094
-0.01579699405
-0.01560458157
-0.01530406672
-0.01489097767
-0.01436291129
-0.01371978167
-0.01296428598
-0.01210215487
-0.01114243853
-0.01009769373
-0.00898406009
-0.007821200096
-0.006632074228
-0.005442527276
-0.004280669901
-0.003176051662
-0.00215863802
-0.001257623716
-0.0005001368885
9.009010816e-05
0.0004939891548
0.0006982590934
0.0006961971532
0.0004881657096
8.162860716e-05
-0.0005092709324
-0.001264611761
-0.002160057306
-0.003167914235
-0.004257074583
-0.005404682038
-0.006637025825
-0.007806337848
-0.005150822956
-0.005951201115
-0.006712986471
-0.00733559293
-0.00787792369
-0.008360780739
-0.008797818151
-0.009203107946
-0.009589424138
-0.00996765386
-0.01034679259
-0.01073397768
-0.0111345524
-0.01155215971
-0.01198884827
-0.01244517874
-0.012920324
-0.01341216033
-0.01391734909
-0.01443141042
-0.0149487917
-0.01546293457
-0.0159663449
-0.01645067007
-0.01690678857
-0.01732491637
-0.01769473465
-0.01800554305
-0.01824644225
-0.01840654893
-0.01847524566
-0.01844246993
-0.01829903757
-0.01803696302
-0.01764985808
-0.01713353558
-0.01648608017
-0.01570856647
-0.01480532025
-0.01378430981
-0.01265743935
-0.01144073105
-0.01015436759
-0.00882255785
-0.007473191552
-0.006137255334
-0.004847994643
-0.003639823399
-0.002547006339
-0.001602166239
-0.0008346970409
-0.0002691906974
7.599461008e-05
0.0001898890497
6.96603907e-05
-0.0002791421582
-0.0008429059207
-0.001600877791
-0.002526684165
-0.003589592119
-0.004754583854
-0.005995549706
-0.007340963717
-0.00862534534
-0.006515677462
-0.00731732807
-0.008081459021
-0.008707876475
-0.009255910757
-0.009746775268
-0.01019456173
-0.01061376368
-0.01101753785
-0.01141710755
-0.01182175376
-0.01223884763
-0.01267391557
-0.01313073485
-0.01361144109
-0.01411663487
-0.01464548061
-0.0151957944
-0.01576412019
-0.01634579601
-0.01693501305
-0.01752487186
-0.01810744022
-0.01867381779
-0.01921421289
-0.01971803654
-0.020174019
-0.02057035377
-0.02089487375
-0.02113526353
-0.02127931131
-0.02131520559
-0.02123187829
-0.02101935838
-0.02066914496
-0.02017496925
-0.01953280981
-0.01874177914
-0.01780442859
-0.01672724601
-0.01552107014
-0.01420139624
-0.01278854387
-0.01130764152
-0.009788382167
-0.008264508607
-0.006772998196
-0.005352933972
-0.004044074806
-0.002885169508
-0.001912096747
-0.001155949951
-0.0006412179527
-0.000384231544
-0.0003920465197
-0.0006619082151
-0.001181394174
-0.00192931205
-0.002877363836
-0.003991624469
-0.00523277677
-0.00657102852
-0.00803711642
-0.009445812581
-0.007998596624
-0.008798370038
-0.009562084724
-0.01019036021
-0.01074265769
-0.01124049033
-0.01169832412
-0.01213102316
-0.01255209338
-0.0129730781
-0.01340354251
-0.01385110243
-0.01432148821
-0.01481863997
-0.0153448147
-0.01590069157
-0.0164854681
-0.01709694335
-0.01773158755
-0.01838459973
-0.0190499564
-0.0197204557
-0.02038776201
-0.02104245663
-0.0216741001
-0.02227131218
-0.02282187511
-0.02331286599
-0.02373082365
-0.02406195514
-0.02429238612
-0.02440846117
-0.02439709952
-0.02424617811
-0.02394491595
-0.02348467199
-0.02285906356
-0.02206486967
-0.02110248925
-0.01997650152
-0.0186962183
-0.01727613056
-0.0157362238
-0.0141021111
-0.01240492574
-0.01068091714
-0.008970701616
-0.007318135761
-0.005768806837
-0.00436817117
-0.003159416921
-0.002181176913
-0.001465263743
-0.001034634378
-0.0009018050121
-0.001067918357
-0.001522615198
-0.00224483695
-0.00320460314
-0.004364712666
-0.005681165725
-0.007120022448
-0.008714337518
-0.01025689758
-0.00959772607
-0.01039263284
-0.01115330099
-0.01178154631
-0.01233666237
-0.01284034455
-0.01330736614
-0.01375291105
-0.01419080438
-0.01463289919
-0.01508905102
-0.0155671398
-0.01607312951
-0.01661116055
-0.01718365425
-0.01779141514
-0.01843372285
-0.01910840956
-0.01981192205
-0.02053936978
-0.02128456237
-0.02204004079
-0.02279710788
-0.02354586385
-0.02427525305
-0.02497312838
-0.02562633948
-0.02622085132
-0.02674189926
-0.02717418652
-0.02750212954
-0.02771015773
-0.02778307593
-0.02770646971
-0.02746711084
-0.02705371946
-0.02645736687
-0.02567209238
-0.02469576521
-0.02353061308
-0.02218392398
-0.0206686497
-0.01900388898
-0.01721519789
-0.01533465762
-0.01340062743
-0.01145711355
-0.009552698314
-0.007738998965
-0.0060686652
-0.004592977439
-0.003359170238
-0.002407669764
-0.001769489798
-0.001464064022
-0.001497787179
-0.001863490476
-0.002541048378
-0.003499213108
-0.004697527817
-0.006086956183
-0.007628919196
-0.009358822011
-0.01104501352
-0.01131039833
-0.01209768489
-0.01285286873
-0.01347929201
-0.01403578425
-0.0145441005
-0.01501925144
-0.01547669203
-0.01593054203
-0.01639296224
-0.01687411465
-0.01738217356
-0.01792337725
-0.01850211444
-0.01912102363
-0.01978109029
-0.0204817331
-0.02122087442
-0.02199499395
-0.02279916664
-0.02362708825
-0.02447109328
-0.02532217063
-0.02616998341
-0.02700289932
-0.02780803835
-0.02857134468
-0.02927768963
-0.02991101262
-0.03045450682
-0.03089085591
-0.03120252894
-0.03137214348
-0.03138288928
-0.0312189596
-0.03086620086
-0.03031294349
-0.02955015342
-0.02857279349
-0.02738029546
-0.02597740803
-0.02437496724
-0.02259056352
-0.02064905516
-0.01858284891
-0.01643185913
-0.0142430544
-0.01206950817
-0.009968891311
-0.008001384479
-0.006227046468
-0.004702750467
-0.003478884827
-0.00259609644
-0.002082415697
-0.001951119348
-0.002199651354
-0.002809895974
-0.003749978897
-0.004976357169
-0.006434665074
-0.008081182473
-0.009953677116
-0.01179338401
-0.01313318217
-0.01391041698
-0.01465794064
-0.01528088247
-0.01583731833
-0.01634893621
-0.01683091246
-0.01729892827
-0.01776738197
-0.01824875142
-0.01875353439
-0.01929024357
-0.01986544593
-0.02048383928
-0.02114834352
-0.02186019065
-0.02261900359
-0.02342285886
-0.02426833102
-0.02515052011
-0.02606306517
-0.02699814863
-0.02794649714
-0.0288973855
-0.02983865022
-0.03075672016
-0.03163667113
-0.03246231207
-0.03321631005
-0.03388036164
-0.03443541788
-0.03486197009
-0.03514040796
-0.03525145391
-0.0351766201
-0.034898747
-0.03440317625
-0.03367757062
-0.03271361815
-0.03150753436
-0.03006101711
-0.02838219067
-0.0264864672
-0.02439728378
-0.02214662968
-0.01977526078
-0.01733248786
-0.01487542504
-0.01246759863
-0.01017685297
-0.008072550601
-0.006222150663
-0.004687355955
-0.003520131019
-0.002758991196
-0.002426014128
-0.002525011726
-0.003041286613
-0.003943264824
-0.005184692047
-0.006705683362
-0.008456888576
-0.01047843675
-0.0124815413
-0.01506195626
-0.0158271271
-0.01656515543
-0.01718312997
-0.01773809526
-0.01825154225
-0.01873874083
-0.01921556039
-0.01969667381
-0.02019490071
-0.02072112119
-0.02128424816
-0.0218912486
-0.02254720569
-0.02325539851
-0.02401738225
-0.02483305828
-0.02570072794
-0.02661712749
-0.0275774451
-0.02857532256
-0.02960284647
-0.03065053476
-0.03170732493
-0.03276057129
-0.0337960584
-0.03479803828
-0.03574929906
-0.03663127292
-0.03742419134
-0.03810729544
-0.03865910932
-0.03905778807
-0.03928155169
-0.03930915918
-0.0391204011
-0.03869737237
-0.0380243376
-0.03708932769
-0.03588497533
-0.03440944761
-0.03266756879
-0.03067188222
-0.02844362346
-0.02601352123
-0.02342231189
-0.02072083382
-0.01796955688
-0.01523740519
-0.01259975886
-0.01013557856
-0.007923690204
-0.006038393549
-0.004544705285
-0.003493689964
-0.002918432271
-0.002831229771
-0.003222598206
-0.004062544373
-0.005302749227
-0.006877775868
-0.008732201619
-0.01090851468
-0.01308476283
-0.01709200883
-0.01784363305
-0.01857076087
-0.01918250215
-0.01973460997
-0.0202482462
-0.02073870371
-0.02122201265
-0.02171313321
-0.02222527223
-0.02276976127
-0.02335599782
-0.02399144145
-0.02468165584
-0.02543037289
-0.02623956045
-0.027109482
-0.02803874097
-0.02902430624
-0.0300615191
-0.03114408393
-0.03226404725
-0.03341177077
-0.03457590518
-0.03574337174
-0.0368993594
-0.03802734494
-0.03910914423
-0.04012500264
-0.04105373294
-0.04187290915
-0.04255912453
-0.04308832531
-0.04343623487
-0.04357883643
-0.04349286542
-0.04315694746
-0.04255197587
-0.04166197966
-0.04047570088
-0.03898735107
-0.03719790383
-0.03511635568
-0.03276093781
-0.03016020742
-0.02735389842
-0.02439338139
-0.02134155888
-0.01827201042
-0.01526721447
-0.01241572266
-0.009808255718
-0.007532832531
-0.005669225264
-0.004283230529
-0.003421410527
-0.003107044289
-0.003338091335
-0.00408784496
-0.005306917535
-0.006924511673
-0.008878781378
-0.01121459117
-0.01357344185
-0.01921816605
-0.01995541547
-0.0206707686
-0.02127528218
-0.02182318126
-0.02233516615
-0.02282648665
-0.02331332197
-0.02381095558
-0.02433305461
-0.02489150041
-0.02549628819
-0.02615548902
-0.02687526516
-0.02765991368
-0.02851191895
-0.02943200044
-0.03041914722
-0.03147063465
-0.03258202228
-0.03374713507
-0.03495803182
-0.03620496656
-0.03747634947
-0.03875871454
-0.04003670164
-0.04129306082
-0.04250868694
-0.04366269283
-0.04473252958
-0.04569416264
-0.04652231246
-0.04719077056
-0.04767280728
-0.04794165941
-0.04797103131
-0.04773597167
-0.04721399927
-0.04638496461
-0.0452334646
-0.04374940615
-0.04192942891
-0.03977835308
-0.03731062088
-0.03455168186
-0.03153920259
-0.02832394091
-0.02497008654
-0.02155484061
-0.01816699842
-0.01490433002
-0.01186963742
-0.00916551614
-0.006888062139
-0.005120020221
-0.003924114589
-0.003337474097
-0.003368207449
-0.003995097712
-0.005169121444
-0.006814617983
-0.00886311776
-0.01136192795
-0.013912388
-0.02143495137
-0.02215779506
-0.0228611449
-0.02345776463
-0.02400014524
-0.02450839505
-0.02499766366
-0.02548429032
-0.02598394957
-0.02651087835
-0.02707764398
-0.02769498868
-0.02837174655
-0.02911482402
-0.02992921768
-0.03081804841
-0.03178259618
-0.03282232504
-0.0339348921
-0.03511613838
-0.03636006272
-0.03765878207
-0.03900248371
-0.04037937573
-0.041775643
-0.0431754164
-0.04456076308
-0.04591170595
-0.04720628069
-0.04842063888
-0.04952920615
-0.05050490419
-0.05131944693
-0.05194372748
-0.05234830178
-0.05250389402
-0.05238203474
-0.05195677025
-0.05120382755
-0.05010342166
-0.04864091429
-0.04680822641
-0.04460545723
-0.0420425381
-0.03914089999
-0.0359350483
-0.03247388292
-0.02882155058
-0.02505756566
-0.0212759025
-0.01758276432
-0.01409279619
-0.01092365233
-0.008189062346
-0.005990854176
-0.004410729521
-0.00350287363
-0.003288744757
-0.003755383418
-0.004856093668
-0.006511250361
-0.008645785385
-0.0113096062
-0.01406005369
-0.02373678001
-0.0244461486
-0.02513804248
-0.02572649171
-0.02626208624
-0.02676421799
-0.0272478946
-0.02772965898
-0.02822568758
-0.02875094465
-0.0293188681
-0.02994114184
-0.03062755432
-0.03138593456
-0.03222213822
-0.03314006042
-0.03414165697
-0.03522696084
-0.03639408566
-0.03763921241
-0.03895655919
-0.04033833686
-0.04177469534
-0.0432536669
-0.04476111357
-0.04628068618
-0.04779380318
-0.04927965719
-0.05071525759
-0.05207551781
-0.053333396
-0.05446009834
-0.05542535433
-0.05619778022
-0.05674534611
-0.05703587888
-0.05703758647
-0.05672084171
-0.05605756469
-0.0550233666
-0.05359894088
-0.05177122572
-0.0495351718
-0.04689558332
-0.04386904103
-0.0404858282
-0.03679170666
-0.0328493254
-0.02873897381
-0.02455832803
-0.02042080493
-0.01645216434
-0.01278511848
-0.009551946063
-0.006875470329
-0.004859197922
-0.003577844704
-0.003069906556
-0.003334067425
-0.004328549074
-0.005971171601
-0.008180610961
-0.01100968091
-0.01396768112
-0.0261181936
-0.02681617064
-0.02749808046
-0.02807853621
-0.02860610985
-0.02909936485
-0.02957315036
-0.03004430278
-0.03052966953
-0.03104516242
-0.0316053362
-0.03222306738
-0.03290933812
-0.03367311677
-0.03452130601
-0.03545873179
-0.03648815123
-0.03761026294
-0.03882370847
-0.04012505908
-0.04150878577
-0.04296721473
-0.04449047208
-0.04606642407
-0.04768061951
-0.04931624235
-0.05095408196
-0.05257252957
-0.05414760885
-0.05565304919
-0.05706041043
-0.05833926792
-0.05945746725
-0.06038146277
-0.06107675896
-0.06150841025
-0.06164152055
-0.06144268003
-0.06088033792
-0.05992543551
-0.05855397289
-0.05674776947
-0.05449634017
-0.05179888842
-0.04866644371
-0.04512410497
-0.04121325694
-0.03699355153
-0.03254435745
-0.02796528672
-0.02337532999
-0.01891010754
-0.01471681589
-0.01094666701
-0.007745006394
-0.005239829985
-0.003530013397
-0.002675221772
-0.002689818493
-0.003540252573
-0.005143830863
-0.007413744662
-0.01040624371
-0.01357836371
-0.02857414334
-0.02926419066
-0.02993868304
-0.0305118404
-0.03103016479
-0.03151130198
-0.03196996604
-0.03242344194
-0.03288949536
-0.0333852875
-0.03392681397
-0.03452846364
-0.03520270865
-0.03595991736
-0.03680825823
-0.03775366345
-0.03879982534
-0.03994820453
-0.04119803462
-0.04254631477
-0.04398778611
-0.04551489257
-0.0471177295
-0.04878398564
-0.05049888525
-0.05224513795
-0.05400290434
-0.05574978536
-0.0574608437
-0.05910866558
-0.06066347136
-0.06209328394
-0.06336416372
-0.06444052238
-0.06528553522
-0.06586163761
-0.0661310138
-0.06605655423
-0.06560347859
-0.06473817845
-0.06343201363
-0.06166168362
-0.05941113466
-0.05667366493
-0.05345422563
-0.04977192969
-0.04566266695
-0.04118164162
-0.03640554561
-0.03143395815
-0.02638943876
-0.02141569358
-0.01667319903
-0.0123318304
-0.00856042603
-0.005513826064
-0.003318692079
-0.002060343929
-0.001773509399
-0.002436973981
-0.003970333078
-0.006282623936
-0.009434382833
-0.01282601232
-0.0311003337
-0.03178756026
-0.03245849147
-0.0330256233
-0.03353342262
-0.03399856781
-0.03443572312
-0.03486286878
-0.03529904081
-0.03576305699
-0.03627277484
-0.03684449848
-0.03749255249
-0.03822901445
-0.03906356934
-0.04000344816
-0.04105341713
-0.04221579001
-0.0434904438
-0.04487482493
-0.04636393971
-0.04795032782
-0.04962402126
-0.05137249395
-0.05318060851
-0.05503056809
-0.05690188103
-0.05877134676
-0.06061307105
-0.06239851893
-0.06409661357
-0.06567388984
-0.06709471112
-0.06832155976
-0.0693154203
-0.07003626382
-0.07044352611
-0.07049668896
-0.07015768357
-0.06938888532
-0.0681569974
-0.0664337396
-0.06419751639
-0.06143559783
-0.05814653308
-0.05434285874
-0.05005404762
-0.04532955173
-0.0402416836
-0.03488793483
-0.02939216301
-0.02390392153
-0.01859512145
-0.01365328787
-0.009271003172
-0.005631770539
-0.002893459669
-0.001171742517
-0.0005270005024
-0.0009553227192
-0.002382286087
-0.004714814095
-0.008019024107
-0.01163421192
-0.0336936458
-0.03438513173
-0.03505787091
-0.03562087474
-0.03611672852
-0.03656115966
-0.0369689622
-0.03735918639
-0.03775263037
-0.03817031059
-0.03863248737
-0.03915788137
-0.03976310692
-0.04046231164
-0.04126697835
-0.0421858423
-0.04322488074
-0.04438733942
-0.04567376973
-0.04708205913
-0.04860744537
-0.05024251136
-0.05197716221
-0.05379858894
-0.05569122574
-0.0576367084
-0.05961384223
-0.06159858789
-0.06356407363
-0.06548064199
-0.06731593929
-0.06903505655
-0.07060072997
-0.07197361033
-0.07311261822
-0.07397540286
-0.07451881525
-0.07469936374
-0.07447541028
-0.07380605471
-0.07265337771
-0.0709843561
-0.0687720169
-0.0659976547
-0.06265330619
-0.05874458446
-0.05429387816
-0.04934381853
-0.04396080825
-0.03823824838
-0.03229889604
-0.0262955597
-0.02040914927
-0.01484304572
-0.009812974367
-0.005532175108
-0.0021927079
5.46902301e-05
0.001118188903
0.0009785455045
-0.0003005087426
-0.002626702972
-0.006073628654
-0.009914946401
-0.03635266849
-0.03705785973
-0.03773954311
-0.03830096185
-0.03878314106
-0.03920098168
-0.03956972894
-0.03991005624
-0.04024520058
-0.04059909052
-0.04099507562
-0.04145490848
-0.041998012
-0.04264101608
-0.04339750826
-0.04427793811
-0.04528961981
-0.04643678724
-0.04772066706
-0.04913954685
-0.05068882522
-0.05236103854
-0.05414586481
-0.05603010885
-0.05799767602
-0.06002954215
-0.06210372864
-0.06419529162
-0.06627633387
-0.06831604773
-0.07028079744
-0.07213424926
-0.0738375577
-0.07534961622
-0.07662738656
-0.07762632685
-0.07830086549
-0.07860483143
-0.07849304367
-0.07792177046
-0.07684869862
-0.07523635369
-0.07305265555
-0.07027312906
-0.06688339058
-0.06288203382
-0.05828398626
-0.05312429558
-0.04746220477
-0.04138521758
-0.03501263051
-0.02849772192
-0.02202749131
-0.01581863428
-0.01010848768
-0.005140169411
-0.001142217614
0.00169508377
0.003242312588
0.003450359735
0.002366423623
7.798319001e-05
-0.003498710946
-0.007567156705
-0.03907838039
-0.03980957257
-0.04050938941
-0.04107238435
-0.0415385866
-0.04192236804
-0.0422399576
-0.04251445176
-0.04277244654
-0.0430417109
-0.04334954379
-0.04372147333
-0.04418033425
-0.04474569702
-0.04543357569
-0.04625633538
-0.04722272752
-0.04833799364
-0.04960399356
-0.05101932835
-0.05257944091
-0.05427668662
-0.05610037386
-0.05803677849
-0.06006914
-0.06217764781
-0.06433942695
-0.06652853341
-0.06871596814
-0.07086971786
-0.07295483179
-0.07493354276
-0.07676544064
-0.07840770648
-0.07981541861
-0.08094195123
-0.08173944956
-0.08215925349
-0.08215280841
-0.0816738583
-0.08067598848
-0.07911758065
-0.07696179605
-0.07417871355
-0.0707477921
-0.06666074286
-0.06192494981
-0.05656745861
-0.05063946609
-0.04422109977
-0.0374260487
-0.03040528036
-0.02334868228
-0.01648309077
-0.01006499267
-0.004366457249
0.0003461525812
0.003839039453
0.005938919567
0.006559315547
0.005723829998
0.003509891539
-0.0001801218779
-0.004475078409
-0.04187504678
-0.0426479813
-0.04337748818
-0.04394572991
-0.04439266282
-0.04473270018
-0.04498389788
-0.04517291492
-0.0453309436
-0.04549078723
-0.04568475658
-0.04594303697
-0.04629255864
-0.04675632386
-0.04735309148
-0.04809731425
-0.04899923538
-0.05006506857
-0.0512972059
-0.05269441651
-0.05425201471
-0.05596198812
-0.05781308534
-0.05979086739
-0.06187773227
-0.06405292186
-0.06629252068
-0.06856945963
-0.07085353347
-0.0731114405
-0.07530685451
-0.07740053764
-0.07935050214
-0.08111222931
-0.08263895511
-0.08388204187
-0.08479144474
-0.0853161388
-0.08540457484
-0.08500771503
-0.08407582656
-0.08256324182
-0.08042875548
-0.0776373996
-0.07416285993
-0.0699902902
-0.06511971418
-0.05957010038
-0.05338411866
-0.04663346757
-0.03942445522
-0.0319031734
-0.02425913501
-0.01672570657
-0.009575230021
-0.003106678494
0.002375561424
0.00659102589
0.009316447808
0.01041982568
0.009892819693
0.007796054047
0.004012986277
-0.000506275936
-0.04475142806
-0.04558602681
-0.04635947859
-0.0469369009
-0.04735963893
-0.04764314299
-0.04780859267
-0.047887812
-0.04791823531
-0.04793921621
-0.04798936747
-0.04810455307
-0.04831654795
-0.04865228567
-0.04913355598
-0.04977701313
-0.050594374
-0.05159271073
-0.05277476883
-0.05413926642
-0.05568114919
-0.05739179031
-0.05925913618
-0.06126780175
-0.06339912867
-0.06563121621
-0.06793893417
-0.07029393592
-0.0726646801
-0.07501646882
-0.07731151446
-0.07950904447
-0.08156545135
-0.08343449699
-0.08506757989
-0.08641408194
-0.08742181246
-0.08803744887
-0.0882068923
-0.08787781783
-0.08699800957
-0.08551781361
-0.08339202453
-0.0805810382
-0.07705320933
-0.07278758263
-0.06777721065
-0.06203320945
-0.0555896375
-0.04850918373
-0.04088949285
-0.03286962653
-0.0246356529
-0.0164236858
-0.008517993765
-0.00124134288
0.005064932082
0.01007163802
0.01349986256
0.01516346406
0.01501250354
0.01308230539
0.00923063875
0.004490753464
-0.04772244403
-0.04864371206
-0.04947838223
-0.0500687119
-0.05045971529
-0.05066953105
-0.05072441451
-0.05066358275
-0.05053287593
-0.05038009418
-0.05025168687
-0.05019034454
-0.05023347017
-0.05041239621
-0.05075215497
-0.05127161815
-0.05198385113
-0.05289656411
-0.05401257737
-0.05533024919
-0.05684383858
-0.05854379117
-0.06041695334
-0.06244671661
-0.06461311309
-0.06689287281
-0.06925944754
-0.07168303526
-0.07413060902
-0.07656594835
-0.0789496976
-0.08123946287
-0.08338994965
-0.08535315192
-0.08707860176
-0.08851369324
-0.08960410033
-0.09029423116
-0.09052758657
-0.09024854871
-0.08940265131
-0.08793644273
-0.08580100061
-0.0829524505
-0.07935425534
-0.07497984478
-0.06981580789
-0.06386584984
-0.05715567003
-0.04973882194
-0.04170354504
-0.03318026755
-0.02434897078
-0.01544485967
-0.006759858748
0.001363463002
0.008549179881
0.01441860663
0.01863229743
0.0209411346
0.02124262012
0.01953626392
0.0156451498
0.01068960043
-0.05081151267
-0.05185063676
-0.05276707136
-0.05337299458
-0.05372062442
-0.05383344144
-0.05374566619
-0.05350697133
-0.05317441033
-0.05280655885
-0.05245947969
-0.05218392745
-0.0520236953
-0.05201488901
-0.05218586182
-0.05255756913
-0.05314414989
-0.0539535924
-0.05498838913
-0.05624612387
-0.05771996322
-0.05939904063
-0.06126874757
-0.06331092503
-0.06550400598
-0.06782310118
-0.07024001118
-0.07272327776
-0.07523823299
-0.07774700047
-0.08020853668
-0.08257872447
-0.08481049669
-0.08685400887
-0.08865687052
-0.09016444716
-0.09132025315
-0.09206641481
-0.09234405294
-0.09209431549
-0.09126053556
-0.08978557481
-0.08761696508
-0.08470684424
-0.08101415802
-0.07650715843
-0.07116646328
-0.06498891201
-0.0579923403
-0.05022141202
-0.04175473183
-0.03271310317
-0.02326837841
-0.01365160516
-0.004158095286
0.004854342961
0.01297868959
0.01978739353
0.02487662762
0.02792549899
0.0287667152
0.02735110594
0.02345515221
0.01828988774
-0.05405389629
-0.05524955683
-0.0562716546
-0.05689339605
-0.05717967605
-0.05716349036
-0.05689124102
-0.05642721404
-0.05584326118
-0.05521152784
-0.05459967405
-0.05406777199
-0.0536666573
-0.05343740211
-0.0534115468
-0.05361178186
-0.05405284459
-0.05474246526
-0.05568225742
-0.05686849475
-0.05829274908
-0.05994237726
-0.06180090499
-0.06384823823
-0.06606089409
-0.06841212685
-0.07087189012
-0.07340690609
-0.07598065863
-0.07855341879
-0.08108231258
-0.08352138167
-0.08582168254
-0.08793143877
-0.08979625158
-0.09135937892
-0.09256210324
-0.09334419277
-0.09364431142
-0.09340049205
-0.09255350439
-0.09104301932
-0.08881325532
-0.08581237628
-0.08199488872
-0.07732414551
-0.07177517285
-0.06533844103
-0.05802445305
-0.0498694061
-0.0409424503
-0.0313543602
-0.02126750092
-0.01090613756
-0.0005650376532
0.009387505678
0.01851771931
0.02635112189
0.03241684915
0.03631368994
0.03779606156
0.03675046833
0.03289097621
0.02752260176
-0.05750157072
-0.05890145252
-0.06005616837
-0.06068911994
-0.06088636636
-0.0606968798
-0.06018531298
-0.05943612979
-0.05854046612
-0.0575872853
-0.05665794401
-0.05582297426
-0.055140663
-0.05465693842
-0.05440608045
-0.05441187236
-0.05468891724
-0.05524393668
-0.0560769416
-0.05718222192
-0.05854914819
-0.06016274543
-0.06200424756
-0.06405132658
-0.06627826685
-0.06865608923
-0.07115256671
-0.07373234265
-0.07635692877
-0.07898466745
-0.08157075007
-0.08406727392
-0.08642332554
-0.08858511082
-0.09049614199
-0.09209749231
-0.09332813683
-0.09412539618
-0.09442537222
-0.09416324551
-0.09327651229
-0.09170176515
-0.08937925432
-0.08625343908
-0.08227457937
-0.07740160714
-0.07160477762
-0.06486823503
-0.05719509651
-0.04861345317
-0.03918326786
-0.02900518889
-0.01823136719
-0.007077413701
0.004165750575
0.01512389274
0.02534127055
0.03429945064
0.0414590329
0.04633029981
0.04857455913
0.04799496498
0.04422203502
0.03865753928
-0.06123043188
-0.06289283797
-0.06420913085
-0.06483993396
-0.06490567505
-0.06448118117
-0.06365797005
-0.06254799997
-0.06126715381
-0.05992482038
-0.05861808876
-0.05742877747
-0.05642259789
-0.05564975828
-0.05514639054
-0.05493634323
-0.05503303414
-0.05544117346
-0.05615824816
-0.0571757339
-0.058480139
-0.06005364447
-0.06187465162
-0.06391804334
-0.06615545958
-0.0685554958
-0.07108363202
-0.07370228372
-0.07637078964
-0.07904538687
-0.08167920792
-0.08422230301
-0.08662169601
-0.08882148697
-0.09076301147
-0.09238506758
-0.09362422699
-0.09441525113
-0.09469154086
-0.09438544686
-0.09343076954
-0.09176135959
-0.08931340051
-0.08602735418
-0.08184910719
-0.07673237081
-0.07064152357
-0.06355481873
-0.05546966747
-0.04640693367
-0.0364166835
-0.02558885023
-0.01406475477
-0.002049940819
0.01017103646
0.02222192038
0.03362976162
0.04383577802
0.05223143122
0.05823053876
0.06138490218
0.06139101302
0.05776722589
0.05201403475
-0.06535115787
-0.06734643841
-0.06885275166
-0.06945284323
-0.06932213538
-0.06857624475
-0.06734558533
-0.06577900792
-0.0640235431
-0.06221273205
-0.06046105397
-0.0588618147
-0.05748742029
-0.0563911087
-0.05560938519
-0.05516465006
-0.05506770453
-0.05531995729
-0.05591523536
-0.05684130935
-0.05808102754
-0.05961299875
-0.0614122185
-0.0634504874
-0.06569655822
-0.06811626742
-0.07067254246
-0.07332539184
-0.0760318608
-0.07874598218
-0.08141874148
-0.08399806549
-0.08642884613
-0.08865301084
-0.09060964981
-0.0922352108
-0.09346377702
-0.0942274491
-0.09445679135
-0.09408116986
-0.09303059109
-0.09123578887
-0.08862864059
-0.08514531825
-0.08072698943
-0.07532218659
-0.06888952374
-0.06140087922
-0.05284553756
-0.04323541189
-0.03261270168
-0.02105845532
-0.008701393198
0.00426551828
0.01756668178
0.03082699194
0.04356052572
0.05517180723
0.06498298102
0.07230324462
0.07655630946
0.07730295894
0.07390991586
0.06797687466
-0.07002592227
-0.07243698755
-0.07415591292
-0.0746708701
-0.07424462584
-0.07305590531
-0.07129048449
-0.0691457885
-0.066807059
-0.06443535324
-0.06216330617
-0.06009483165
-0.058307239
-0.05685461157
-0.05577158516
-0.05507700628
-0.05477718756
-0.05486863134
-0.05534019332
-0.05617488076
-0.05735099021
-0.05884289283
-0.06062174879
-0.06265581111
-0.06491060435
-0.06734899926
-0.06993119637
-0.07261466867
-0.0753540774
-0.07810118376
-0.08080477428
-0.08341061136
-0.08586142011
-0.08809692189
-0.09005392472
-0.09166648139
-0.09286612894
-0.09358223055
-0.09374240231
-0.09327287025
-0.09209976131
-0.09015030279
-0.08735178351
-0.08363567342
-0.07893789076
-0.0732011185
-0.06637743872
-0.05843144395
-0.04934421308
-0.03911837569
-0.02778475649
-0.01541113191
-0.002115824875
0.01191953759
0.02643354225
0.04105687726
0.05529471791
0.06851794818
0.07997887983
0.0888729923
0.09447400191
0.09616985551
0.09311994585
0.08702057671
-0.07549473118
-0.0784149103
-0.08035244416
-0.08068429979
-0.07981147752
-0.07800870057
-0.07553901926
-0.07266224101
-0.06960882662
-0.06656947699
-0.0636940526
-0.06109447306
-0.05884963046
-0.05701102414
-0.05560822358
-0.05465371931
-0.05414698043
-0.05407765309
-0.05442821761
-0.05517573409
-0.05629299246
-0.05774951368
-0.05951209258
-0.06154508355
-0.06381052799
-0.06626816312
-0.06887534791
-0.07158694774
-0.07435519845
-0.07712957006
-0.0798566462
-0.0824800312
-0.08494029506
-0.08717496599
-0.08911857982
-0.09070279657
-0.09185659639
-0.09250657431
-0.09257733165
-0.0919918332
-0.09067228138
-0.08854201667
-0.08552345493
-0.08154288986
-0.07653036322
-0.07042187066
-0.06316189125
-0.05470635833
-0.04502644715
-0.03411344492
-0.02198521318
-0.008694933328
0.005656678105
0.0209055426
0.03679986497
0.05298257934
0.06895801951
0.08406722859
0.09749094874
0.1082996831
0.115590152
0.1185285354
0.1159863561
0.1097473856
-0.08211809457
-0.08564230646
-0.08776664327
-0.08774433458
-0.08619467832
-0.08353591998
-0.08013633282
-0.076333071
-0.07240725936
-0.06857864851
-0.06501048589
-0.06181748778
-0.05907468782
-0.05682596487
-0.05509147244
-0.05387375655
-0.05316253222
-0.05293859785
-0.05317638644
-0.05384563564
-0.0549128347
-0.05634201434
-0.05809518311
-0.06013252467
-0.06241242685
-0.06489139855
-0.06752391628
-0.07026223628
-0.0730561949
-0.07585301561
-0.07859713664
-0.08123007024
-0.08369030215
-0.08591323996
-0.08783121831
-0.08937356988
-0.09046677284
-0.09103469153
-0.09099891638
-0.09027909722
-0.08879353577
-0.08646135318
-0.08319986369
-0.07892971499
-0.07357440512
-0.06706230118
-0.05932898963
-0.0503200105
-0.03999435492
-0.02832903305
-0.01532524116
-0.001016919378
0.01451707866
0.03113600473
0.04861287091
0.06660278605
0.08461396926
0.1019696527
0.1177789061
0.1309723438
0.1404349651
0.145044928
0.1432668242
0.13694855
-0.09044838184
-0.09464834174
-0.09684821402
-0.09617788389
-0.0936002236
-0.08974359338
-0.08511465887
-0.08014140764
-0.07515664196
-0.07040342599
-0.06604986901
-0.06220448625
-0.05893015556
-0.05625609376
-0.05418738978
-0.05271218556
-0.05180743611
-0.05144262393
-0.05158216802
-0.05218743082
-0.05321781162
-0.05463133747
-0.05638493109
-0.05843444883
-0.06073456743
-0.06323857882
-0.06589813423
-0.06866296895
-0.07148062851
-0.07429621187
-0.07705214293
-0.07968797893
-0.08214026267
-0.08434242505
-0.08622474416
-0.08771436812
-0.08873541004
-0.08920912865
-0.08905420233
-0.08818701265
-0.08652207362
-0.08397406162
-0.0804550854
-0.07587975818
-0.0701644175
-0.0632288575
-0.05499838291
-0.04540616722
-0.03439629729
-0.02192782752
-0.007980383547
0.007437794284
0.02427795468
0.04243321268
0.06171236901
0.08180301206
0.1022262972
0.1222937695
0.1410565604
0.1572910304
0.1696246481
0.1765561894
0.1759643709
0.1697073015
-0.1013528169
-0.1062152375
-0.1082180135
-0.1063991865
-0.1022581627
-0.09672194499
-0.09046963847
-0.08402622091
-0.07776760584
-0.07194546637
-0.06671702078
-0.06217027511
-0.05834394577
-0.05524331147
-0.05285136704
-0.0511370485
-0.0500607449
-0.04957784903
-0.04964132994
-0.05020315978
-0.05121503776
-0.05262867778
-0.0543958051
-0.0564679651
-0.05879622189
-0.06133080018
-0.06402070606
-0.06681335143
-0.06965419816
-0.07248643308
-0.07525068126
-0.07788476313
-0.0803234996
-0.08249856914
-0.08433842098
-0.08576824898
-0.08671003205
-0.08708265053
-0.08680208355
-0.08578161894
-0.08393220177
-0.08116400565
-0.07738401955
-0.07250059794
-0.06642246261
-0.05906003646
-0.05032704804
-0.04014232626
-0.02843214747
-0.01513344967
-0.0001984501315
0.0163983844
0.03464942538
0.05449658767
0.0758039972
0.09831631653
0.121599658
0.1449702961
0.1674356843
0.1876262167
0.2038577267
0.214122279
0.2154428758
0.209573032
-0.11623102
-0.121511576
-0.1227215871
-0.1189065218
-0.1123888847
-0.104500505
-0.09611567185
-0.08784335259
-0.08007558065
-0.07304306423
-0.06686576505
-0.06158990564
-0.05721388728
-0.05370741543
-0.05102335379
-0.04910533012
-0.04789335498
-0.0473267129
-0.04734562999
-0.04789200909
-0.0489095959
-0.05034380098
-0.05214131919
-0.05424964176
-0.05661652398
-0.05918944781
-0.06191510379
-0.06473890715
-0.06760455656
-0.07045364054
-0.07322529398
-0.07585590636
-0.07827888271
-0.08042445817
-0.08221956781
-0.08358777318
-0.08444924861
-0.08472083198
-0.0843161397
-0.08314568521
-0.08111718277
-0.07813646839
-0.07410573206
-0.06892709193
-0.06250147968
-0.05472946745
-0.04551225091
-0.03475266081
-0.02235650402
-0.008234500482
0.007694699006
0.02549948251
0.04522655706
0.06688568138
0.09042321668
0.1156778558
0.1423104686
0.169702486
0.1968394328
0.222237773
0.2438759845
0.2590666742
0.2635787694
0.2588388077
-0.1374213673
-0.1423000954
-0.1414732524
-0.1342345276
-0.1241182443
-0.1129581171
-0.1018066114
-0.0913019641
-0.08179271386
-0.07343590841
-0.06627406604
-0.06028211307
-0.05539742297
-0.05153997538
-0.04862273566
-0.04655898064
-0.04526545088
-0.04466379031
-0.04468088621
-0.04524856014
-0.04630292009
-0.04778355702
-0.04963269248
-0.05179433888
-0.05421350578
-0.05683546855
-0.0596051062
-0.06246630964
-0.06536145865
-0.06823096494
-0.07101287792
-0.07364255034
-0.07605236108
-0.07817149314
-0.07992576511
-0.08123751512
-0.08202553629
-0.0822050642
-0.08168780972
-0.08038197716
-0.07819251918
-0.07502136591
-0.07076647586
-0.06532407253
-0.05858752001
-0.05044755738
-0.04079249945
-0.02950824879
-0.01647830359
-0.001583916994
0.01529524587
0.03427917916
0.05548277768
0.07900528567
0.104908597
0.1331754917
0.1636344561
0.19583391
0.2288555241
0.2611248716
0.2903465725
0.3129848739
0.3230015688
0.3210544056
-0.1690318963
-0.1712702039
-0.1658463173
-0.1528030981
-0.137293949
-0.1216559198
-0.1070030066
-0.09386657571
-0.08243935673
-0.07272199914
-0.06461967121
-0.05799721172
-0.05270520165
-0.04859948482
-0.04554614285
-0.04342425153
-0.04212592139
-0.04155514949
-0.0416262003
-0.04226186187
-0.04339175812
-0.04495079954
-0.04687780043
-0.04911426377
-0.05160332235
-0.05428882021
-0.05711451788
-0.06002340601
-0.06295711396
-0.06585540213
-0.06865572868
-0.07129288316
-0.07369868093
-0.07580171316
-0.07752714832
-0.07879658071
-0.0795279221
-0.0796353321
-0.07902917506
-0.07761593836
-0.07529842138
-0.07197536798
-0.0675412862
-0.06188721695
-0.05489967225
-0.04646023235
-0.03644485803
-0.02472274329
-0.01115471899
0.004408826375
0.02213042628
0.04218801193
0.06477629792
0.09010459109
0.1183857966
0.149806468
0.1844597863
0.2222115772
0.2624575797
0.303764564
0.3436305708
0.3777443905
0.3976760694
0.4023517933
-0.2184446693
-0.2124800674
-0.1973244512
-0.1745894618
-0.1511555902
-0.1295698951
-0.1106809294
-0.09464083663
-0.08128670802
-0.07033620234
-0.0614770397
-0.05441931601
-0.04890663306
-0.04472024846
-0.04167578732
-0.039618382
-0.03841748334
-0.03796206207
-0.03815647529
-0.0389170169
-0.04016908124
-0.04184484482
-0.04388137126
-0.04621905606
-0.04880034285
-0.05156865634
-0.0544675097
-0.05743975338
-0.06042694052
-0.06336878967
-0.06620273021
-0.06886351898
-0.07128291933
-0.07338943491
-0.07510809164
-0.07636026121
-0.077063519
-0.07713152815
-0.07647393231
-0.07499618072
-0.07259965038
-0.06918090152
-0.0646319075
-0.05883962099
-0.05168495884
-0.04304177314
-0.03277527227
-0.02073967567
-0.006774897401
0.009298040988
0.02768318963
0.04861766956
0.0723813632
0.09930717859
0.1297883798
0.1642742378
0.2032346271
0.2470535903
0.2957786722
0.3486475493
0.4034155207
0.4552242987
0.4931601214
0.513157696
-0.2978444877
-0.2713063608
-0.236720949
-0.1983286456
-0.1637163458
-0.1347071192
-0.1111510936
-0.09231777761
-0.07737359676
-0.06558903152
-0.05636270142
-0.04921648001
-0.04377622603
-0.03975031057
-0.03690998708
-0.03507383202
-0.0340957842
-0.03385607194
-0.03425440546
-0.03520487284
-0.03663208726
-0.03846824964
-0.04065088091
-0.04312104643
-0.04582194462
-0.04869776901
-0.05169277815
-0.05475052688
-0.05781322508
-0.06082119943
-0.06371244019
-0.06642221932
-0.06888276949
-0.07102301505
-0.07276834708
-0.07404043406
-0.07475705924
-0.07483197343
-0.07417473902
-0.0726904752
-0.07027991265
-0.06683865606
-0.06225709467
-0.05641951975
-0.04920301046
-0.04047586283
-0.03009525707
-0.01790385531
-0.003724906655
0.01264474703
0.03144459629
0.05296441808
0.0775636034
0.1056972075
0.1379492101
0.1750701987
0.2180071767
0.2678885125
0.3258759468
0.3927283998
0.4677320452
0.5458703079
0.6135650678
0.6642799386
-0.4321994012
-0.3535187895
-0.2802449656
-0.2185317784
-0.1700224265
-0.1332348788
-0.105715417
-0.08507874308
-0.0695059744
-0.05771524612
-0.04879263656
-0.04208435529
-0.03712266251
-0.03356843879
-0.03117055993
-0.02973877456
-0.02912528115
-0.02921203211
-0.02990196053
-0.03111284937
-0.0327729666
-0.03481789493
-0.03718818008
-0.03982754674
-0.04268151452
-0.04569630117
-0.04881793695
-0.05199153787
-0.05516070172
-0.05826700164
-0.06124955917
-0.06404468331
-0.06658556554
-0.06880202185
-0.07062027382
-0.07196276003
-0.0727479675
-0.07289026962
-0.07229973653
-0.07088190806
-0.06853770133
-0.06516282036
-0.06064719612
-0.05487413117
-0.04771901648
-0.03904741686
-0.0287122679
-0.01654977962
-0.002373458477
0.01403462764
0.03293666225
0.054657977
0.07961508248
0.1083574042
0.1416292906
0.1804607348
0.2262941216
0.2811413847
0.3477267384
0.4294549182
0.5293655345
0.6453459078
0.763377427
0.8752428796
-0.7304827825
-0.4694055738
-0.3095241917
-0.2190159979
-0.1585524181
-0.1172647532
-0.08927362584
-0.06970711948
-0.05562783944
-0.04536082273
-0.03783593288
-0.03234568212
-0.02842192941
-0.02574535468
-0.02408916935
-0.02328643656
-0.02320973929
-0.02375803497
-0.02484811921
-0.02640897017
-0.02837787978
-0.03069772516
-0.03331498548
-0.03617825417
-0.03923708853
-0.04244109519
-0.04573918597
-0.04907896089
-0.05240618935
-0.05566436991
-0.05879435502
-0.06173403056
-0.06441804251
-0.06677756397
-0.06874009564
-0.07022929229
-0.07116480527
-0.07146212612
-0.07103238775
-0.0697822916
-0.06761380455
-0.06442359175
-0.06010249734
-0.05453470337
-0.04759641558
-0.03915392004
-0.02906073759
-0.01715344765
-0.00324554612
0.01288163914
0.03149252234
0.05291783736
0.07758641174
0.1060752942
0.1391906834
0.1781014631
0.2245629582
0.2812946472
0.3526200231
0.4454553845
0.5699800849
0.7388389014
0.9742353267
1.301460991
-1.424905988
-0.6454661612
-0.3290662035
-0.2093350683
-0.1365220415
-0.0917016128
-0.0654967823
-0.04902640109
-0.03793339361
-0.03025921455
-0.02488398668
-0.0211338428
-0.01861098253
-0.01706713325
-0.01633491869
-0.01629438039
-0.01685435389
-0.01794143361
-0.01949345059
-0.02145547912
-0.02377724083
-0.02641132363
-0.02931189562
-0.03243372771
-0.03573141672
-0.0391587454
-0.04266814113
-0.04621020987
-0.04973333067
-0.05318330127
-0.05650302844
-0.05963225868
-0.06250734518
-0.06506104761
-0.0672223603
-0.06891636314
-0.07006408718
-0.07058238183
-0.07038380307
-0.06937646986
-0.06746375957
-0.06454393979
-0.06050968401
-0.05524731227
-0.04863562859
-0.04054419863
-0.03083081728
-0.0193377866
-0.005886433206
0.0097310276
0.02776373571
0.04852100933
0.0724021425
0.0999453671
0.1319119587
0.1694379567
0.2143214968
0.2695945434
0.3407299446
0.4381943156
0.5817782501
0.8108541445
1.250189765
2.17065405
)
;

boundaryField
{
    movingWall
    {
        type            zeroGradient;
    }
    fixedWalls
    {
        type            zeroGradient;
    }
    frontAndBack
    {
        type            empty;
    }
}


// ************************************************************************* //
