/*--------------------------------*- C++ -*----------------------------------*\
  =========                 |
  \\      /  F ield         | OpenFOAM: The Open Source CFD Toolbox
   \\    /   O peration     | Website:  https://openfoam.org
    \\  /    A nd           | Version:  11
     \\/     M anipulation  |
\*---------------------------------------------------------------------------*/
FoamFile
{
    format      ascii;
    class       volScalarField;
    location    "1800";
    object      p;
}
// * * * * * * * * * * * * * * * * * * * * * * * * * * * * * * * * * * * * * //

dimensions      [0 2 -2 0 0 0 0];

internalField   nonuniform List<scalar> 
4096
(
9.526395546e-10
-3.457817324e-05
-0.0001480178264
-0.0003329902895
-0.000564223997
-0.0008209461182
-0.001086400972
-0.001347253755
-0.001593268742
-0.001816811551
-0.002012322418
-0.002175847581
-0.002304643949
-0.00239685612
-0.002451260843
-0.002467072228
-0.002443800552
-0.002381157626
-0.002279001956
-0.002137317321
-0.001956218694
-0.001735979811
-0.001477077038
-0.001180244499
-0.0008465357495
-0.0004773875901
-7.468187128e-05
0.0003591985695
0.0008213234363
0.00130818128
0.00181566154
0.002339054967
0.002873075143
0.003411901662
0.003949244341
0.004478432262
0.004992526272
0.005484451606
0.005947148797
0.006373739361
0.006757701751
0.007093052328
0.007374525463
0.007597746559
0.00775939172
0.007857328098
0.007890729644
0.007860164034
0.007767647963
0.007616669634
0.007412179195
0.007160549738
0.006869513264
0.006548077318
0.006206428437
0.00585582716
0.005508493242
0.005177473032
0.004876451438
0.004619381013
0.004419737583
0.004289750867
0.0042387518
0.004250081221
3.42294348e-05
-5.583052248e-07
-9.96224917e-05
-0.0002586299669
-0.0004571516805
-0.0006782993104
-0.0009081932885
-0.001135420848
-0.001350909596
-0.001547657251
-0.001720383198
-0.001865188121
-0.001979249368
-0.002060560925
-0.002107720528
-0.002119762763
-0.002096034926
-0.002036111429
-0.001939742049
-0.001806829168
-0.001637429158
-0.001431773162
-0.001190302687
-0.0009137156317
-0.0006030185707
-0.0002595813251
0.0001148099237
0.0005179045173
0.0009469475165
0.001398651271
0.001869181107
0.002354157587
0.002848678332
0.003347359247
0.003844394188
0.004333638169
0.004808712035
0.005263125146
0.005690414747
0.006084298738
0.006438837635
0.006748600844
0.007008831765
0.007215605978
0.007365976646
0.007458101612
0.007491347255
0.007466365134
0.007385138694
0.007250998783
0.00706860831
0.006843917936
0.006584096017
0.006297436788
0.005993250604
0.005681738167
0.005373847015
0.005081099567
0.004815363716
0.004588465884
0.004411571127
0.004295143279
0.004249402953
0.004261168182
0.0001482489952
9.78758859e-05
-2.274838173e-06
-0.0001479828111
-0.0003244710432
-0.0005189010615
-0.0007202940432
-0.0009193222966
-0.001108326239
-0.001281204134
-0.001433209392
-0.001560723507
-0.001661035822
-0.001732145193
-0.001772591277
-0.00178131837
-0.001757571797
-0.001700825006
-0.001610734528
-0.001487119399
-0.001329961329
-0.00113942182
-0.0009158724349
-0.000659934483
-0.000372524498
-5.490201686e-05
0.0002912836972
0.0006639511946
0.001060551681
0.001478044005
0.001912882344
0.002361018918
0.002817924887
0.003278628816
0.003737771824
0.004189685289
0.004628488259
0.005048201494
0.005442877168
0.005806741103
0.006134343556
0.006420713951
0.006661514338
0.006853186083
0.006993084179
0.007079593865
0.00711222475
0.007091678571
0.007019887801
0.006900023699
0.00673647379
0.006534790108
0.006301610636
0.006044556957
0.005772110834
0.005493470936
0.005218388052
0.004956973963
0.004719467381
0.004515884377
0.004355541705
0.004247535539
0.004202813728
0.004211061888
0.0003363914154
0.0002575273458
0.0001406984916
-7.051318296e-06
-0.0001764686032
-0.0003579974979
-0.0005430422454
-0.0007241930854
-0.0008952469115
-0.001051157108
-0.001187916261
-0.001302404101
-0.001392228567
-0.00145557634
-0.001491081999
-0.001497720441
-0.001474724199
-0.001421525266
-0.001337719847
-0.001223053633
-0.001077424818
-0.0009009017796
-0.0006937523029
-0.0004564811597
-0.000189872919
0.0001049630998
0.0004265487385
0.0007729967004
0.001141976862
0.00153069188
0.001935864537
0.002353739126
0.002780100098
0.003210307528
0.003639347561
0.004061905678
0.00447245875
0.004865383184
0.005235078499
0.005576103292
0.005883319756
0.006152042199
0.006378184439
0.006558400567
0.006690213481
0.006772125767
0.00680370808
0.006785660956
0.006719847149
0.006609292861
0.006458157633
0.006271674023
0.006056059314
0.005818402248
0.005566527873
0.005308842898
0.005054162686
0.004811521053
0.004589958567
0.004398240957
0.004244530594
0.004137022592
0.004086118474
0.00408372617
0.0005750709531
0.0004591126542
0.0003153540848
0.0001555949199
-1.643133441e-05
-0.0001940793867
-0.0003708419978
-0.0005411035807
-0.0007001113008
-0.0008439405635
-0.0009694312428
-0.001074086657
-0.001155959328
-0.00121353982
-0.001245657603
-0.001251398966
-0.001230044307
-0.001181025185
-0.001103900313
-0.0009983488096
-0.0008641785611
-0.0007013472379
-0.0005099933528
-0.0002904746756
-4.341128387e-05
0.000230269469
0.0005292887787
0.0008519756953
0.001196232558
0.001559509135
0.001938787877
0.002330582597
0.002730953603
0.003135539942
0.00353960532
0.003938107396
0.004325785646
0.004697265428
0.005047177806
0.005370292146
0.005661657681
0.005916749484
0.006131613642
0.006303005985
0.006428518564
0.006506688239
0.00653708223
0.006520356321
0.006458282527
0.006353744394
0.00621069955
0.006034110623
0.005829846935
0.00560456041
0.005365539747
0.005120546928
0.004877640067
0.004644987723
0.004430677333
0.004242491226
0.004087685927
0.003973499899
0.003908596826
0.003887698973
0.0008444686672
0.0006861777173
0.0005089136308
0.0003302447625
0.0001486353009
-3.185048127e-05
-0.0002065445656
-0.0003714866399
-0.0005233194435
-0.0006592453897
-0.0007769955723
-0.0008747624615
-0.0009511171822
-0.001004927321
-0.001035283317
-0.001041438107
-0.001022762452
-0.0009787166441
-0.0009088381284
-0.0008127438222
-0.0006901454085
-0.0005408755924
-0.0003649231273
-0.0001624743099
6.604142476e-05
0.0003199042283
0.0005980573472
0.0008990639143
0.001221069547
0.001561773268
0.001918409196
0.002287741344
0.00266607407
0.003049280987
0.003432846556
0.003811931647
0.004181458167
0.004536210453
0.004870953209
0.00518056303
0.005460169672
0.00570530242
0.005912036171
0.00607713132
0.006198161335
0.006273621997
0.006303016785
0.006286913709
0.006226970075
0.006125923123
0.005987546054
0.005816570671
0.005618579369
0.005399870615
0.005167303033
0.004928123871
0.004689788083
0.004459775136
0.004245409092
0.004053675733
0.003891078731
0.003763866358
0.003678360048
0.003632697384
0.001127706957
0.0009243244242
0.0007095448873
0.0005072050759
0.0003108918385
0.0001224136852
-5.516744308e-05
-0.0002193964264
-0.0003682276646
-0.000499956981
-0.0006132086142
-0.0007068887382
-0.0007801238831
-0.0008321998426
-0.0008625079182
-0.0008705024744
-0.0008556719575
-0.000817524064
-0.0007555847204
-0.0006694098616
-0.0005586085681
-0.0004228758485
-0.0002620331827
-7.607482534e-05
0.0001347822263
0.0003700467805
0.0006289027902
0.0009101618469
0.001212221274
0.001533030326
0.001870067032
0.002220328105
0.002580333607
0.002946152519
0.003313439956
0.003677499063
0.004033363187
0.004375895684
0.004699907461
0.005000289273
0.005272154886
0.005510990314
0.005712803476
0.005874268061
0.00599285503
0.006066945295
0.006095917545
0.006080206068
0.00602132466
0.005921854279
0.005785393892
0.00561647584
0.005420448928
0.005203334077
0.004971658784
0.004732277633
0.004492186806
0.0042583404
0.004037474798
0.003835955139
0.00365969277
0.003514026568
0.003402779519
0.003327958534
0.001410130479
0.001160580371
0.0009061160822
0.0006770325139
0.0004624389774
0.0002621725378
7.789114138e-05
-8.931211988e-05
-0.0002386092407
-0.0003693348683
-0.0004809813298
-0.0005731639962
-0.0006455732936
-0.0006979286442
-0.0007299399085
-0.0007412794467
-0.0007315665162
-0.0007003644881
-0.0006471905042
-0.0005715366375
-0.0004729012622
-0.0003508291197
-0.0002049584144
-3.507316221e-05
0.0001588410948
0.0003765402104
0.0006174651287
0.0008806886277
0.001164867524
0.001468202868
0.001788410834
0.00212270683
0.002467803293
0.002819931817
0.003174875894
0.003528028918
0.003874474442
0.004209085113
0.004526640875
0.004821963462
0.005090063188
0.005326293069
0.005526504365
0.005687196899
0.00580565713
0.005880076946
0.005909646595
0.005894616039
0.005836320351
0.00573716649
0.005600580767
0.005430918441
0.005233339081
0.005013653241
0.004778147735
0.004533398048
0.00428607718
0.004042768743
0.003809790445
0.003593062895
0.003398082419
0.003229438992
0.003088554651
0.002981626052
0.001679000587
0.00138328508
0.001088241378
0.0008306127134
0.0005953806123
0.0003806404974
0.0001868113951
1.375093537e-05
-0.0001388379806
-0.0002712653224
-0.000383850807
-0.0004768953154
-0.0005506414211
-0.0006052380663
-0.0006407136992
-0.0006569601095
-0.000653728178
-0.0006306357459
-0.0005871871036
-0.0005228031552
-0.0004368610395
-0.0003287418221
-0.0001978847484
-4.384644672e-05
0.0001336366486
0.0003345845266
0.0005587105222
0.0008053611636
0.001073461354
0.001361467481
0.001667331371
0.001988477743
0.00232179409
0.002663648952
0.003009920145
0.003356048297
0.003697115406
0.004027943237
0.004343212848
0.004637602243
0.004905938112
0.005143356495
0.005345466177
0.00550850774
0.00562950071
0.005706371176
0.005738052604
0.005724553531
0.00566698717
0.005567559837
0.00542951731
0.005257050614
0.005055165194
0.004829519708
0.004586242636
0.004331736413
0.004072479509
0.00381483409
0.003564865065
0.003328227031
0.00311019075
0.002914800054
0.002741291692
0.002600260145
0.001923106719
0.001581908243
0.001246255915
0.0009592085582
0.0007019061422
0.0004708788883
0.0002654356097
8.430462922e-05
-7.38519049e-05
-0.0002102547715
-0.0003260029581
-0.0004220477661
-0.0004991587777
-0.0005578965046
-0.0005985948212
-0.0006213545697
-0.0006260490533
-0.0006123413337
-0.0005797126904
-0.0005275012588
-0.0004549496734
-0.0003612604193
-0.0002456575037
-0.0001074529663
5.388338328e-05
0.0002386527722
0.0004468567977
0.0006781294982
0.0009316745984
0.001206210604
0.001499926922
0.00181045385
0.002134843486
0.002469583307
0.002810619947
0.003153407244
0.003492983022
0.003824066851
0.004141181136
0.004438792497
0.004711469377
0.004954050575
0.005161818219
0.005330667668
0.005457266238
0.005539192429
0.005575047664
0.005564533462
0.005508488397
0.005408881215
0.00526875886
0.005092150847
0.004883934169
0.004649665535
0.004395389928
0.004127436271
0.003852211679
0.00357600168
0.003304782015
0.003044120617
0.002799256893
0.002573905557
0.00236536862
0.00218877452
0.002132402798
0.001746836961
0.001371135676
0.00105446794
0.000774360205
0.0005259076224
0.0003074048936
0.0001165364736
-4.900306546e-05
-0.0001912844797
-0.0003121360107
-0.0004131185662
-0.0004954955605
-0.0005602120083
-0.0006078848073
-0.0006388047909
-0.0006529508007
-0.0006500154303
-0.0006294416671
-0.0005904694209
-0.0005321908059
-0.0004536129623
-0.0003537271395
-0.0002315826705
-8.636433217e-05
8.252860357e-05
0.0002754035618
0.000492198312
0.0007324095454
0.0009950291487
0.00127849164
0.001580635869
0.001898675977
0.002229208706
0.00256823311
0.002911191502
0.003253044045
0.003588365368
0.003911466995
0.004216542602
0.004497832036
0.004749798727
0.004967313744
0.005145838588
0.005281598022
0.005371733887
0.005414431113
0.005409007949
0.005355963946
0.005256981358
0.005114878162
0.004933513929
0.004717652768
0.004472790569
0.00420495621
0.003920498514
0.003625871434
0.003327424712
0.003031205556
0.00274287244
0.002467825609
0.002209663733
0.001963993944
0.001750583995
0.002297726736
0.001869194909
0.001454412249
0.001108409619
0.00080528207
0.0005387829205
0.0003062617544
0.0001044258587
-6.993632561e-05
-0.000219690688
-0.0003473461972
-0.0004550307339
-0.0005444643171
-0.0006169440385
-0.0006733415003
-0.0007141125691
-0.0007393192696
-0.0007486632422
-0.0007415298951
-0.0007170422409
-0.000674123344
-0.000611566264
-0.0005281103333
-0.000422522515
-0.0002936824384
-0.0001406694976
3.714988049e-05
0.0002400370095
0.0004678002741
0.0007197218696
0.0009944957049
0.001290179966
0.001604157293
0.001933133184
0.002273152628
0.002619631541
0.002967428463
0.003310939019
0.003644219018
0.003961133277
0.004255526197
0.004521408744
0.004753154891
0.004945699261
0.005094726669
0.005196843762
0.005249723017
0.005252210143
0.005204387374
0.005107587395
0.004964355346
0.004778359655
0.004554255775
0.004297510247
0.004014195336
0.003710766871
0.003393838836
0.00306996188
0.002745411378
0.002426109089
0.00211780218
0.001824173047
0.001539339407
0.001287819951
0.002410598277
0.001940704311
0.001488100448
0.00111340457
0.0007874300613
0.0005026543556
0.0002555298449
4.183779593e-05
-0.0001424887921
-0.0003010627567
-0.0004370285705
-0.000553039147
-0.0006512326683
-0.0007332233901
-0.0008001060851
-0.0008524731904
-0.0008904440929
-0.0009137057855
-0.000921563974
-0.0009130036632
-0.0008867582415
-0.0008413860813
-0.0007753536281
-0.000687123863
-0.0005752488552
-0.0004384648799
-0.0002757882684
-8.660978906e-05
0.0001292149866
0.0003712822448
0.0006385674287
0.0009293677625
0.001241251073
0.001571041248
0.001914833689
0.002268013807
0.002625324838
0.002980958625
0.003328678185
0.003661969303
0.00397421737
0.004258904253
0.0045098182
0.004721268201
0.00488829295
0.005006853793
0.005074000911
0.005088002594
0.005048428857
0.004956182916
0.004813476936
0.004623751984
0.004391545842
0.00412231606
0.003822228851
0.003497927266
0.003156293226
0.002804210605
0.002448335252
0.002095019583
0.001750536332
0.001418834753
0.001092703854
0.0008015613452
0.002463081029
0.001953588083
0.001464644499
0.001062161856
0.0007138015355
0.0004108123446
0.0001487820877
-7.739481895e-05
-0.0002725991041
-0.0004411486825
-0.0005867823439
-0.0007126382591
-0.0008212350327
-0.0009144687995
-0.0009936248736
-0.001059402281
-0.001111950237
-0.001150915656
-0.001175500742
-0.001184529791
-0.001176524345
-0.00114978589
-0.001102485238
-0.001032757646
-0.0009388025435
-0.0008189864558
-0.0006719473804
-0.0004966984514
-0.0002927283413
-6.009546345e-05
0.0002004882062
0.000487588636
0.0007989870582
0.001131646615
0.001481729902
0.001844599684
0.002214881681
0.002586549544
0.002953045121
0.003307431455
0.00364257506
0.003951352581
0.004226874926
0.004462720076
0.00465316423
0.004793399834
0.004879728626
0.004909718172
0.004882311654
0.004797882856
0.004658231342
0.004466516556
0.004227133702
0.003945538392
0.003628030822
0.003281513567
0.002913238612
0.002530550954
0.002140635051
0.001750436372
0.001366925291
0.0009944850971
0.000624689478
0.0002920607429
0.002447695606
0.001900507159
0.001376884191
0.0009477233187
0.0005776538085
0.0002567315449
-2.029793362e-05
-0.0002593964043
-0.0004662235117
-0.0006457657971
-0.0008023192573
-0.0009394704497
-0.001060082581
-0.001166299506
-0.001259564975
-0.001340654702
-0.001409719989
-0.001466341817
-0.00150959453
-0.001538118304
-0.001550199776
-0.00154386018
-0.00151695039
-0.001467252103
-0.001392584224
-0.001290913218
-0.001160465787
-0.0009998418122
-0.0008081250201
-0.0005849884747
-0.0003307906816
-4.665617487e-05
0.0002654506872
0.0006026656072
0.0009612490897
0.001336562596
0.001723125169
0.002114689852
0.002504359202
0.002884737668
0.003248117863
0.003586696369
0.003892812428
0.00415920071
0.004379247381
0.004547237226
0.004658578719
0.004709993984
0.004699661542
0.004627301875
0.004494198861
0.004303154154
0.004058376024
0.0037653089
0.003430414163
0.003060916781
0.002664534467
0.002249196896
0.001822761881
0.001392926847
0.000967527707
0.0005515359304
0.0001353773776
-0.0002410419601
0.002357372668
0.001774527385
0.001218040074
0.0007634688116
0.0003725290736
3.411367524e-05
-0.0002578578977
-0.000510178383
-0.0007292563814
-0.0009207149029
-0.001089373766
-0.001239234209
-0.001373470858
-0.001494443284
-0.00160372329
-0.001702134741
-0.001789804311
-0.001866221961
-0.001930310285
-0.001980502122
-0.002014825968
-0.002030998839
-0.002026526209
-0.001998808522
-0.001945253571
-0.001863393725
-0.00175100654
-0.001606236813
-0.001427717636
-0.00121468763
-0.0009671002917
-0.0006857179391
-0.0003721958657
-2.917810901e-05
0.000339739788
0.0007299546299
0.001135904706
0.001551134162
0.0019684006
0.002379824028
0.002777074935
0.003151597877
0.003494864501
0.003798647374
0.004055303567
0.004258055022
0.004401251299
0.004480599872
0.004493349725
0.004438415823
0.004316435061
0.004129748405
0.003882308867
0.003579520176
0.003228016112
0.002835395331
0.002409929429
0.001960252065
0.001495036932
0.001022891044
0.000552682969
9.01177197e-05
-0.0003755016548
-0.0007985207099
0.002185436811
0.001569110532
0.0009817155721
0.0005031320317
9.228478941e-05
-0.0002630680168
-0.0005698195034
-0.0008355709609
-0.001067452989
-0.001271696055
-0.001453613602
-0.001617590988
-0.001767084089
-0.001904639025
-0.002031927878
-0.002149796477
-0.002258322243
-0.0023568808
-0.002444220564
-0.002518544875
-0.002577601475
-0.002618779263
-0.002639212251
-0.002635890528
-0.002605777823
-0.00254593488
-0.002453647469
-0.002326557248
-0.002162793189
-0.001961100894
-0.001720966041
-0.0014427234
-0.00112765181
-0.0007781064972
-0.0003974797505
9.715027974e-06
0.0004378789247
0.0008803757482
0.001329627794
0.001777257728
0.002214275328
0.002631306618
0.003018860201
0.003367622625
0.003668771751
0.003914294474
0.004097293164
0.004212264001
0.004255330446
0.004224416444
0.004119346809
0.003941866389
0.003695574971
0.00338578069
0.003019280761
0.002604084275
0.002149095767
0.001663767818
0.001157731616
0.0006406628006
0.0001226329228
-0.0003897779784
-0.0009084026316
-0.001381378097
0.001925614131
0.001278124586
0.0006619134141
0.0001608260951
-0.0002688701307
-0.0006405215407
-0.0009618205729
-0.001241155389
-0.001486353072
-0.001704224639
-0.001900549575
-0.002080069765
-0.002246495363
-0.002402533143
-0.002549930946
-0.002689533517
-0.002821347338
-0.002944613064
-0.003057884848
-0.003159116313
-0.003245753275
-0.003314833454
-0.003363093446
-0.003387083133
-0.00338328743
-0.003348254945
-0.003278732652
-0.00317180509
-0.003025036001
-0.002836609914
-0.002605470279
-0.002331445155
-0.002015357374
-0.001659184662
-0.001266037098
-0.0008402659342
-0.0003874437904
8.566139163e-05
0.0005711650866
0.001060196376
0.001543079178
0.002009563584
0.002449103411
0.002851172707
0.003205610488
0.003502979704
0.003734923537
0.003894500185
0.003976476427
0.003977561044
0.003896561552
0.003734451848
0.003494343957
0.003181363712
0.002802437168
0.002366001966
0.001881663137
0.001359802143
0.0008111495702
0.0002466129497
-0.0003223553279
-0.0008881572642
-0.00146380738
-0.001990670976
0.001572057764
0.000895869063
0.0002530636737
-0.0002689226088
-0.0007163337928
-0.001103585978
-0.001439155851
-0.001732195865
-0.001991204266
-0.002223546942
-0.002435443924
-0.002631968798
-0.002817062269
-0.00299356944
-0.003163293121
-0.003327057679
-0.003484780636
-0.003635550516
-0.0037777103
-0.003908946472
-0.004026384048
-0.004126688201
-0.004206173122
-0.004260918705
-0.004286895331
-0.004280096754
-0.00423668052
-0.004153114831
-0.004026330029
-0.003853872509
-0.003634058055
-0.003366115372
-0.003050313509
-0.002688148108
-0.002282351067
-0.001837013062
-0.001357595042
-0.0008509251131
-0.0003251434261
0.0002104103647
0.0007453673637
0.001268558246
0.001768298575
0.002232724771
0.002650170825
0.003009571723
0.003300875705
0.00351544436
0.003646417688
0.003689020997
0.003640792234
0.003501712171
0.003274225717
0.002963149901
0.002575472378
0.002120053324
0.001607250773
0.001048478663
0.0004557099125
-0.0001587458136
-0.0007818654626
-0.001404883221
-0.002042069208
-0.002627343352
0.001119386751
0.0004171115854
-0.000249939338
-0.0007911340915
-0.001255065498
-0.001657178776
-0.002006716556
-0.002313570896
-0.002586885144
-0.002834554937
-0.003063217023
-0.00327825443
-0.003483817962
-0.003682872495
-0.003877259113
-0.004067766761
-0.004254210255
-0.00443551299
-0.004609793817
-0.004774458273
-0.004926294881
-0.005061577516
-0.0051761749
-0.005265668232
-0.005325477714
-0.00535099838
-0.005337745164
-0.005281506505
-0.005178505099
-0.00502556392
-0.004820275071
-0.00456116263
-0.004247829281
-0.00388116057
-0.003463398684
-0.002998249414
-0.002490951194
-0.001948294064
-0.001378595561
-0.0007916130341
-0.0001983912746
0.0003889574356
0.0009575412229
0.001494040702
0.001985116767
0.002417860606
0.002780267433
0.003061710963
0.003253392346
0.00334873562
0.003343702472
0.003237002215
0.003030178767
0.002727564391
0.002336099593
0.001865029678
0.001325498032
0.0007300457124
9.203194839e-05
-0.0005746518842
-0.001255205921
-0.001939534124
-0.002643258456
-0.003292062676
0.0005627342288
-0.0001628676477
-0.000851694015
-0.00141033001
-0.00188953708
-0.002305741518
-0.002668929335
-0.002989704564
-0.003277828198
-0.003541700599
-0.003788352777
-0.00402345739
-0.00425135818
-0.004475125187
-0.004696625456
-0.004916602138
-0.005134758382
-0.005349844243
-0.005559746135
-0.00576157925
-0.005951783977
-0.006126227726
-0.006280313659
-0.006409097803
-0.006507415827
-0.006570020367
-0.006591729386
-0.006567585371
-0.006493024469
-0.006364054103
-0.006177437316
-0.005930876229
-0.005623179667
-0.005254477222
-0.004826387734
-0.00434208195
-0.003806437607
-0.003226078503
-0.002609389845
-0.001966463949
-0.001308974241
-0.0006499723816
-3.605043915e-06
0.0006152487582
0.001191413586
0.001709914568
0.002156516982
0.002518283817
0.002784121575
0.002945281119
0.002995779435
0.00293271029
0.002756417211
0.002470510732
0.002081722962
0.00159960609
0.001036093949
0.0004049361974
-0.0002789777739
-0.0009999842693
-0.001741280021
-0.002491258213
-0.0032670058
-0.003985055375
-0.0001021985294
-0.0008482266767
-0.001556244947
-0.002130486716
-0.002623683199
-0.00305318559
-0.003429695775
-0.003764498651
-0.00406794362
-0.00434891058
-0.004614803586
-0.004871567521
-0.005123725275
-0.00537444154
-0.005625601667
-0.005877897656
-0.006130917269
-0.006383234331
-0.006632499804
-0.006875534286
-0.007108423298
-0.007326617168
-0.007525037482
-0.007698192086
-0.00784030045
-0.007945430855
-0.00800765045
-0.008021188612
-0.00798061328
-0.007881019297
-0.007718227786
-0.00748899104
-0.007191183249
-0.006824016308
-0.006388328223
-0.00588657926
-0.005323119331
-0.004704244975
-0.004038263689
-0.003335482724
-0.002608119564
-0.001870126391
-0.001136921219
-0.0004250228152
0.0002484076766
0.0008661086164
0.001411325707
0.001868460258
0.002223724911
0.002465768079
0.002586225098
0.002580154497
0.002446322281
0.002187305871
0.001809401871
0.001322338212
0.0007388074232
7.382971182e-05
-0.0006560344499
-0.001433146769
-0.00223844993
-0.003058622064
-0.003912339605
-0.004705937307
-0.0008790855288
-0.001642510849
-0.002367035635
-0.002954988474
-0.003460852666
-0.00390283956
-0.004292334066
-0.004641267083
-0.00496054526
-0.005259502618
-0.005545896288
-0.005825928466
-0.006104290898
-0.006384236721
-0.006667666829
-0.006955222056
-0.007246376686
-0.00753953121
-0.007832103975
-0.008120622556
-0.00840081657
-0.008667714128
-0.008915744404
-0.0091388488
-0.009330603099
-0.009484352685
-0.009593362487
-0.009650982779
-0.009650831194
-0.009586990541
-0.009454222239
-0.009248192424
-0.008965689381
-0.00860483985
-0.00816549993
-0.007649235116
-0.007059668989
-0.006402574252
-0.005685995868
-0.004920293352
-0.004118099255
-0.003294183337
-0.002465210415
-0.001649384207
-0.0008659755612
-0.0001347411436
0.0005247521216
0.001093871506
0.001555696347
0.001895785015
0.002102880373
0.00216950087
0.002092367177
0.001872622608
0.001515819366
0.001031662069
0.0004335206864
-0.000262280754
-0.001037377727
-0.001871944269
-0.002744391494
-0.003639449198
-0.004577513398
-0.005453534514
-0.001770919958
-0.002548603126
-0.003286863188
-0.003886583364
-0.004403763067
-0.004857400356
-0.005259524762
-0.005622674542
-0.005958280572
-0.006276105493
-0.006584240978
-0.00688913432
-0.007195639557
-0.007507096602
-0.007825424306
-0.008151217949
-0.0084838462
-0.008821545305
-0.009161510152
-0.009499983254
-0.009832343674
-0.01015319852
-0.01045647992
-0.01073555057
-0.01098332077
-0.01119237964
-0.01135514299
-0.01146401956
-0.01151159678
-0.01149084645
-0.0113953507
-0.01121954732
-0.01095897586
-0.01061051464
-0.01017280947
-0.009646315353
-0.009033707795
-0.008340005189
-0.00757276324
-0.006742183929
-0.00586113487
-0.004945067457
-0.004011816619
-0.003081268443
-0.002174888159
-0.001315109186
-0.0005245945148
0.0001746060202
0.0007619658375
0.001219409757
0.001532200583
0.001689718438
0.001686067106
0.001520448569
0.001197261471
0.0007259018
0.0001202699439
-0.0006020142365
-0.001420665052
-0.002313447977
-0.003255936552
-0.004230645031
-0.005259819075
-0.006225689498
-0.00277996168
-0.003568678448
-0.004317837707
-0.004927344456
-0.005454461176
-0.005918890584
-0.006333262883
-0.006710681427
-0.007063066714
-0.007400584758
-0.007731645017
-0.008062930726
-0.008399455724
-0.008744649892
-0.009100457919
-0.009467441057
-0.009844876479
-0.01023085177
-0.01062235421
-0.01101535604
-0.01140489808
-0.01178517467
-0.01214962339
-0.01249102312
-0.01280160393
-0.01307317232
-0.01329725469
-0.01346526186
-0.01356867639
-0.01359926404
-0.01354931037
-0.0134118835
-0.01318110709
-0.01285242238
-0.01242303974
-0.01189209062
-0.01126102347
-0.01053384324
-0.009717349586
-0.00882132784
-0.007858644407
-0.00684523516
-0.00579996507
-0.00474433829
-0.003702043711
-0.002698329451
-0.001759211292
-0.0009105345867
-0.0001769256401
0.0004193144271
0.0008593049181
0.001128590249
0.001217969903
0.001124073685
0.000849616472
0.0004032921984
-0.0002007015272
-0.000943515022
-0.001802851785
-0.002753845801
-0.003768898703
-0.004828003955
-0.005955381229
-0.007019047924
-0.003907691158
-0.004704165112
-0.005461349172
-0.006078638946
-0.006614291711
-0.007088624498
-0.007514818812
-0.007906497588
-0.008276035253
-0.008633976729
-0.008989034857
-0.009348123246
-0.009716417599
-0.01009744625
-0.01049319343
-0.0109042041
-0.01132968457
-0.01176759609
-0.0122147411
-0.01266684347
-0.01311862543
-0.01356388436
-0.0139955736
-0.01440589113
-0.01478638044
-0.01512804752
-0.01542149776
-0.01565709622
-0.0158251541
-0.01591614344
-0.01592094202
-0.01583111098
-0.01563919397
-0.01533900654
-0.01492607461
-0.01439799592
-0.01375468708
-0.01299884816
-0.012136216
-0.01117585012
-0.01013031974
-0.009015780076
-0.007851912221
-0.006661698167
-0.005471006804
-0.004307975049
-0.003202180272
-0.002183616528
-0.001281507001
-0.0005230070462
6.812615115e-05
0.0004728031864
0.0006777062416
0.0006761213943
0.0004684059583
6.202500611e-05
-0.0005288709627
-0.001284348183
-0.002180053344
-0.003188273447
-0.004277878146
-0.005425993859
-0.006658927604
-0.007828820484
-0.005154772827
-0.005955715895
-0.006718044561
-0.007341107967
-0.007883877134
-0.008367185238
-0.008804710565
-0.009210547414
-0.00959748806
-0.00997643344
-0.01035638851
-0.01074449603
-0.01114610086
-0.01156484413
-0.01200276955
-0.01246043013
-0.01293698866
-0.01343030926
-0.01393703936
-0.01445268363
-0.01497167278
-0.01548743088
-0.01599244552
-0.01647834547
-0.01693599051
-0.01735557808
-0.01772677132
-0.01803885257
-0.01828090621
-0.01844203386
-0.01851160453
-0.01847954389
-0.01833665776
-0.01807495211
-0.01768803429
-0.01717171757
-0.01652408845
-0.01574622355
-0.01484245393
-0.01382075642
-0.01269304694
-0.01147536274
-0.01018790482
-0.008854903652
-0.007504273561
-0.006167028479
-0.004876443314
-0.003666962883
-0.00257288333
-0.001626858206
-0.0008583103207
-0.000291857227
5.412189003e-05
0.0001686419589
4.886214683e-05
-0.0002996698464
-0.0008633358106
-0.001621370687
-0.002547383755
-0.00361062114
-0.004776040621
-0.006017513157
-0.007363530531
-0.00864851445
-0.006521030583
-0.007323191791
-0.008087817997
-0.008714659796
-0.009263111156
-0.009754415982
-0.01020269006
-0.01062244887
-0.01102686704
-0.01142718124
-0.01183268151
-0.01225074389
-0.01268689581
-0.01314491214
-0.01362692291
-0.01413352037
-0.01466385816
-0.01521573946
-0.0157856935
-0.01636904205
-0.01695995883
-0.01755152591
-0.01813579195
-0.01870383713
-0.01924585015
-0.01975122265
-0.02020866595
-0.02060635543
-0.02093210685
-0.02117358897
-0.02131857565
-0.02135524285
-0.02127251184
-0.02106040264
-0.02071040776
-0.02021625843
-0.01957393431
-0.01878254927
-0.01784465898
-0.01676675888
-0.01555969864
-0.01423898777
-0.01282496357
-0.01134277576
-0.009822141909
-0.008296832633
-0.006803855844
-0.005382327279
-0.004072039763
-0.002911776169
-0.001937447976
-0.00118017864
-0.00066448266
-0.0004067106552
-0.0004139311943
-0.0006833945546
-0.001202675174
-0.001950570022
-0.002898764057
-0.004013310279
-0.005254865167
-0.006593615006
-0.008060313901
-0.009469629378
-0.008005438235
-0.008805660974
-0.009569816563
-0.01019847915
-0.01075116862
-0.01124942765
-0.01170774594
-0.01214100903
-0.0125627402
-0.01298449566
-0.01341584909
-0.01386442066
-0.01433594118
-0.01483434775
-0.01536189116
-0.01591924157
-0.01650558501
-0.0171187069
-0.01775506199
-0.01840983226
-0.01907697589
-0.01974927173
-0.02041836419
-0.02107481419
-0.02170816182
-0.02230700658
-0.02285911102
-0.02335153329
-0.02377079439
-0.02410308485
-0.02433451539
-0.02445141743
-0.02444069908
-0.02429022796
-0.02398921564
-0.02352902006
-0.02290325798
-0.0221087103
-0.02114577926
-0.02001905077
-0.0187378466
-0.01731667102
-0.01577552638
-0.0141400462
-0.01244138785
-0.01071582845
-0.009004015296
-0.00734983883
-0.005798922195
-0.004396758579
-0.003186572589
-0.002207031417
-0.001489978158
-0.001058394592
-0.0009248144638
-0.001090389588
-0.001544760847
-0.002266860959
-0.003226693108
-0.004387033692
-0.005703854896
-0.007143193249
-0.008738120265
-0.01028131139
-0.0096061273
-0.01040141567
-0.01116246449
-0.01179105522
-0.01234653439
-0.01285062565
-0.01331812544
-0.01376423844
-0.01420280644
-0.01464569479
-0.01510276692
-0.01558190653
-0.0160890775
-0.01662841659
-0.01720233832
-0.01781163753
-0.0184555817
-0.01913198862
-0.01983728885
-0.02056657399
-0.02131363452
-0.02207099127
-0.02282992625
-0.02358051843
-0.0243116909
-0.02501127549
-0.02566610137
-0.02626211389
-0.02678452993
-0.02721803565
-0.0275470321
-0.02775593516
-0.02782953822
-0.02775341735
-0.02751433658
-0.02710101422
-0.02650451964
-0.02571889427
-0.02474201001
-0.02357610044
-0.02222846261
-0.02071206054
-0.01904600869
-0.01725588243
-0.01537378603
-0.01343810565
-0.01149287821
-0.009586720175
-0.007771285816
-0.006099263758
-0.004621973937
-0.003386689291
-0.002433871257
-0.001794563666
-0.001488223028
-0.001521258072
-0.001886504131
-0.002563829807
-0.003521972413
-0.004720452616
-0.006110204787
-0.007652624362
-0.009383132477
-0.0110699606
-0.01132041471
-0.01210800934
-0.0128635082
-0.01349023094
-0.01404705362
-0.01455575806
-0.01503137735
-0.01548938636
-0.01594392079
-0.01640715303
-0.01688925237
-0.01739839626
-0.01794082232
-0.01852091505
-0.0191413055
-0.01980296886
-0.02050531095
-0.02124623907
-0.0220222159
-0.02282829775
-0.02365816043
-0.02450411743
-0.02535713596
-0.02620685708
-0.02704162635
-0.02784854195
-0.02861352685
-0.02932143214
-0.02995617825
-0.03050094086
-0.03093838798
-0.03125097494
-0.0314213078
-0.03143256691
-0.03126893794
-0.03091626443
-0.03036287508
-0.02959973728
-0.02862181637
-0.02742854945
-0.02602469346
-0.02442109571
-0.02263536107
-0.02069236572
-0.01862453799
-0.01647181776
-0.01428120315
-0.01210580114
-0.01000331977
-0.008033979733
-0.006257881565
-0.004731940223
-0.003506583763
-0.002622494362
-0.002107730872
-0.001975589542
-0.002223523338
-0.002833414414
-0.003773375864
-0.00499984302
-0.006458420102
-0.008105359704
-0.009978444508
-0.01181878644
-0.01314485245
-0.01392231667
-0.01467008483
-0.01529327616
-0.01585000603
-0.01636198743
-0.0168444182
-0.01731299847
-0.01778214167
-0.01826433647
-0.01877008731
-0.0193079095
-0.01988436875
-0.02050415809
-0.02117018946
-0.02188368391
-0.02264425091
-0.02344995117
-0.02429734151
-0.02518150252
-0.02609605245
-0.02703315187
-0.02798350486
-0.02893636329
-0.02987954074
-0.03079944348
-0.03168112545
-0.03250837478
-0.03326383909
-0.03392919723
-0.0344853844
-0.03491287825
-0.03519205712
-0.03530363446
-0.0352291155
-0.03495133677
-0.03445563953
-0.0337296867
-0.03276516949
-0.03155830843
-0.03011080911
-0.0284308062
-0.02653372511
-0.02444301921
-0.02219069756
-0.01981753956
-0.01737288365
-0.01491387587
-0.01250407875
-0.01021137661
-0.008105174807
-0.006252976698
-0.004716528546
-0.003547835097
-0.002785445874
-0.002451464018
-0.002549716106
-0.003065507385
-0.003967254625
-0.005208683471
-0.006729878909
-0.00848146219
-0.01050357606
-0.01250730602
-0.01507530146
-0.01584061868
-0.01657881673
-0.01719698706
-0.0177522062
-0.01826598807
-0.01875362299
-0.01923099819
-0.01971280067
-0.02021186015
-0.02073906278
-0.02130332352
-0.0219116076
-0.02256899294
-0.02327875011
-0.02404242283
-0.02485989837
-0.02572946159
-0.02664783027
-0.02761017232
-0.02861010788
-0.0296397008
-0.03068944554
-0.0317482558
-0.03280346211
-0.03384082569
-0.03484457602
-0.03579747989
-0.03668094971
-0.03747519902
-0.03815945314
-0.03871222272
-0.0391116519
-0.03933595234
-0.03936387705
-0.0391752128
-0.03875205584
-0.03807866878
-0.0371430875
-0.03593794976
-0.03446143022
-0.03271836299
-0.03072130365
-0.02849150253
-0.02605970611
-0.0234666719
-0.02076326336
-0.01800997976
-0.01527577926
-0.01263608058
-0.01016988697
-0.007956069656
-0.006068974585
-0.004573662872
-0.003521238718
-0.002944818525
-0.00285672083
-0.003247469674
-0.004087067006
-0.005327176482
-0.006902331994
-0.0087570816
-0.01093392586
-0.01311078082
-0.01710703159
-0.01785871558
-0.01858593468
-0.01919781464
-0.01975013249
-0.02026407083
-0.02075494176
-0.02123879204
-0.02173059501
-0.02224356687
-0.02278904462
-0.02337642736
-0.02401317249
-0.02470483801
-0.02545514687
-0.02626605495
-0.02713781106
-0.02806900149
-0.02905657589
-0.03009585446
-0.03118051906
-0.03230259253
-0.0334524122
-0.034618604
-0.03578806458
-0.03694595874
-0.03807574008
-0.03915920262
-0.04017657164
-0.0411066419
-0.04192697176
-0.04261414142
-0.04314408679
-0.04349252379
-0.04363543071
-0.04354954032
-0.04321348115
-0.04260814402
-0.04171756383
-0.04053048858
-0.03904113775
-0.0372504947
-0.03516756753
-0.03281060092
-0.03020816786
-0.02740002083
-0.02443755239
-0.02138369116
-0.01831204749
-0.01530513563
-0.01245154798
-0.009842050156
-0.007564708464
-0.005699342592
-0.004311793583
-0.003448661428
-0.003133252818
-0.003363542077
-0.00411282318
-0.00533169513
-0.006949333329
-0.0089038626
-0.01124015848
-0.01359958763
-0.01923485022
-0.01997207009
-0.02068743309
-0.02129202518
-0.02184008691
-0.02235233688
-0.02284404278
-0.02333139911
-0.0238297015
-0.02435262576
-0.02491205818
-0.0255179952
-0.02617850543
-0.02689974515
-0.02768600217
-0.02853974844
-0.02946168824
-0.03045079288
-0.03150431772
-0.03261780043
-0.0337850425
-0.03499807809
-0.03624713585
-0.03752060025
-0.03880497972
-0.04008488919
-0.04134305482
-0.04256034914
-0.0437158646
-0.04478703424
-0.04574980809
-0.04657889408
-0.0472480742
-0.04773061241
-0.047999742
-0.04802916622
-0.04779393816
-0.04727157573
-0.04644193518
-0.04528962106
-0.04380454919
-0.04198336949
-0.03983091362
-0.03736163645
-0.03460100161
-0.03158669173
-0.02836948332
-0.02501358825
-0.02159623421
-0.01820624823
-0.01494143767
-0.01190464717
-0.009198519116
-0.006919198482
-0.005149478106
-0.003952125428
-0.003364303662
-0.003394143411
-0.004020434978
-0.005194146742
-0.00683959412
-0.008888279427
-0.01138751966
-0.01393851941
-0.02145326193
-0.02217598489
-0.02287926094
-0.02347589635
-0.02401838882
-0.02452686234
-0.02501648288
-0.02550360366
-0.02600391041
-0.02653164809
-0.02709938864
-0.02771787529
-0.02839593957
-0.02914048177
-0.029956489
-0.03084706941
-0.03181348732
-0.03285518842
-0.03396980909
-0.0351531676
-0.03639923836
-0.03770011266
-0.03904595134
-0.04042493573
-0.04182322417
-0.04322492171
-0.04461207087
-0.04596467172
-0.04726073925
-0.04847640699
-0.04958608542
-0.05056268434
-0.05137790911
-0.0520026477
-0.05240745419
-0.05256305373
-0.05244098216
-0.05201528956
-0.05126170641
-0.05016045863
-0.04869691831
-0.0468630178
-0.04465886833
-0.04209441363
-0.03919109766
-0.03598343963
-0.03252035491
-0.02886600819
-0.02509993553
-0.02131613775
-0.01762085036
-0.0141287569
-0.01095755585
-0.008221025285
-0.006021043063
-0.004439358381
-0.003530197049
-0.003315046539
-0.003780961975
-0.004881245673
-0.006536253256
-0.00867089077
-0.01133507458
-0.01408601205
-0.02375666323
-0.02446581887
-0.0251575538
-0.02574595369
-0.0262816061
-0.02678391579
-0.02726790517
-0.02775012971
-0.02824677617
-0.02877281634
-0.02934169258
-0.02996508981
-0.03065279399
-0.03141262806
-0.03225043813
-0.03317010641
-0.03417357268
-0.03526085099
-0.0364300335
-0.03767727754
-0.0389967758
-0.04038071235
-0.04181920954
-0.04330027177
-0.04480973342
-0.04633121855
-0.0478461202
-0.04933360753
-0.05077066893
-0.05213219972
-0.05339114324
-0.05451869441
-0.05548457517
-0.05625739803
-0.056805133
-0.05709561022
-0.05709704379
-0.05677981663
-0.05611584982
-0.05508076887
-0.05365527977
-0.05182633391
-0.04958889528
-0.04694778103
-0.04391958444
-0.04053460112
-0.03683860553
-0.0328942606
-0.0287818722
-0.02459913692
-0.0204594976
-0.01648874655
-0.01281963541
-0.009584488483
-0.006906178553
-0.004888262234
-0.003605501025
-0.003096427032
-0.003359746673
-0.004353687492
-0.005996056525
-0.008205507526
-0.0110348627
-0.01399329197
-0.02613957735
-0.02683724911
-0.0275189141
-0.02809925379
-0.02862682839
-0.02912021119
-0.02959426435
-0.03006583549
-0.03055178152
-0.03106802153
-0.03162911478
-0.0322479391
-0.03293547448
-0.0337006835
-0.03455045942
-0.03548961522
-0.03652089172
-0.03764496807
-0.03886046367
-0.04016392515
-0.04154979703
-0.04301037755
-0.044535764
-0.04611379349
-0.04772998607
-0.04936749781
-0.05100709179
-0.05262713512
-0.05420363008
-0.05571028787
-0.05711865377
-0.05839829253
-0.05951704322
-0.06044135786
-0.06113674268
-0.06156825752
-0.06170101476
-0.06150161899
-0.06093852155
-0.05998267972
-0.05861010914
-0.05680264494
-0.05454981745
-0.05185084447
-0.04871676851
-0.04517270016
-0.04126003479
-0.03703843476
-0.03258728023
-0.02800619738
-0.02341419553
-0.01894691993
-0.01475159954
-0.01097948646
-0.007775972729
-0.005269104306
-0.003557805695
-0.002701784298
-0.002715433787
-0.003565217284
-0.005168436147
-0.007438264617
-0.01043096105
-0.01360343801
-0.02859693765
-0.02928658811
-0.02996074986
-0.0305337233
-0.03105198914
-0.03153319969
-0.03199208019
-0.0324459255
-0.03291251015
-0.03340900263
-0.03395140347
-0.03455410346
-0.03522957327
-0.03598817604
-0.03683807119
-0.03778517807
-0.0388331725
-0.03998349519
-0.04123535683
-0.042585731
-0.04402933116
-0.045558572
-0.04716351871
-0.04883182953
-0.05054869863
-0.0522968066
-0.05405628673
-0.05580471507
-0.05751713243
-0.05916610669
-0.06072184385
-0.06215235676
-0.06342370031
-0.06450028525
-0.06534529046
-0.06592115886
-0.06619008572
-0.06611497986
-0.06566106619
-0.06479475284
-0.06348741886
-0.0617157826
-0.05946380847
-0.05672481131
-0.05350375682
-0.04981977
-0.04570875039
-0.04122591006
-0.03644794808
-0.03147445176
-0.02642799169
-0.02145229034
-0.01670784775
-0.0123645714
-0.008591340251
-0.005543041545
-0.003346386462
-0.002086741392
-0.001798871507
-0.00246158505
-0.003994480709
-0.006306585351
-0.009458444807
-0.01285034831
-0.03112443137
-0.03181117114
-0.03248168686
-0.03304856642
-0.03355624547
-0.03402140542
-0.03445871976
-0.03488617732
-0.03532282263
-0.03578748106
-0.03629801589
-0.0368707342
-0.03751996016
-0.03825776704
-0.03909383141
-0.04003537173
-0.04108713763
-0.04225142255
-0.04352807977
-0.04491452912
-0.04640574797
-0.04799424537
-0.04967002166
-0.05142051875
-0.05323056776
-0.05508234147
-0.0569553198
-0.05882627639
-0.06066929452
-0.06245582062
-0.06415476358
-0.06573264871
-0.06715383479
-0.06838080453
-0.06937454777
-0.07009504534
-0.07050174679
-0.07055415398
-0.07021421205
-0.06944430889
-0.06821117262
-0.0664865453
-0.06424885288
-0.06148538515
-0.05819470823
-0.05438937236
-0.05009886035
-0.0453726308
-0.04028300026
-0.03492746316
-0.02942988086
-0.02393981403
-0.01862918725
-0.01368554767
-0.009301509406
-0.005660616541
-0.002920785858
-0.001197737529
-0.0005518958899
-0.0009793810843
-0.002405782909
-0.0047380226
-0.008042228915
-0.01165759767
-0.03371892308
-0.03440983484
-0.03508207554
-0.03564475894
-0.036140429
-0.03658481235
-0.03699271023
-0.03738318039
-0.03777702939
-0.03819528208
-0.03865820585
-0.03918452587
-0.03979085757
-0.04049134553
-0.04129746511
-0.04221793948
-0.04325872935
-0.0444230597
-0.04571145742
-0.04712178223
-0.04864924156
-0.05028638616
-0.05202308781
-0.0538465039
-0.05574103549
-0.05768828658
-0.05966703277
-0.06165320792
-0.06361991708
-0.06553748373
-0.06737353994
-0.06909316749
-0.07065909872
-0.07203198598
-0.07317075675
-0.07403307213
-0.07457579948
-0.07475546748
-0.07453046268
-0.07385989413
-0.07270587174
-0.07103539845
-0.06882152666
-0.06604557435
-0.06269959854
-0.05878922863
-0.05433686493
-0.0493851455
-0.04400047539
-0.03827625466
-0.03233523792
-0.02633023224
-0.02044215039
-0.01487438364
-0.009842677578
-0.005560303335
-0.002219361731
2.936372428e-05
0.001093996726
0.0009552565219
-0.0003231483642
-0.002648954142
-0.00609576645
-0.009937163107
-0.03637898574
-0.03708351894
-0.03776462368
-0.0383256548
-0.03880758565
-0.03922531222
-0.03959408485
-0.03993458353
-0.04027005406
-0.04062443473
-0.04102108408
-0.04148176136
-0.0420258926
-0.04267010637
-0.04342798396
-0.04430996351
-0.04532334278
-0.04647233449
-0.0477581399
-0.0491790176
-0.05073033437
-0.05240459268
-0.05419143539
-0.05607763191
-0.0580470527
-0.06008064019
-0.06215638466
-0.06424931429
-0.06633150777
-0.0683721379
-0.07033755442
-0.07219141461
-0.07389486969
-0.07540681568
-0.07668422258
-0.0776825623
-0.07835628175
-0.07865923244
-0.07854626341
-0.07797365457
-0.07689912359
-0.07528522622
-0.07309991186
-0.07031873297
-0.06692733025
-0.06292431735
-0.05832463634
-0.05316334352
-0.04749968436
-0.04142115961
-0.03504705863
-0.02853065089
-0.02205892844
-0.01584858475
-0.01013696345
-0.00516720085
-0.001167865767
0.001670717212
0.003219080492
0.003428071973
0.002344858139
5.690076285e-05
-0.003519567393
-0.007587982613
-0.03910558256
-0.03983603742
-0.04053519935
-0.04109774136
-0.04156362996
-0.04194722767
-0.04226476636
-0.04253934851
-0.04279757984
-0.04306724107
-0.04337564278
-0.04374832255
-0.0442081208
-0.04477460884
-0.04546379596
-0.0462880367
-0.04725606621
-0.0483731044
-0.04964098472
-0.05105827786
-0.05262039316
-0.05431965021
-0.05614532027
-0.05808364177
-0.0601178174
-0.06222800142
-0.06439128619
-0.06658169846
-0.0687702141
-0.07092479959
-0.07301048938
-0.07498950732
-0.07682144042
-0.07846347307
-0.07987069303
-0.08099648983
-0.08179302907
-0.08221167546
-0.08220390883
-0.08172348842
-0.08072403118
-0.07916395315
-0.07700644921
-0.07422163017
-0.07078898381
-0.0667002456
-0.06196281814
-0.0566037589
-0.05067426917
-0.0442544735
-0.03745805134
-0.0304359557
-0.02337805778
-0.01651117956
-0.01009180019
-0.004391991986
0.0003218654673
0.003815944531
0.005916920838
0.006538272515
0.005703562621
0.003490192425
-0.0001994823753
-0.004494293516
-0.04190296382
-0.04267508746
-0.04340386833
-0.04397159457
-0.04441814854
-0.04475792932
-0.04500899363
-0.04519800631
-0.04535617098
-0.04551630556
-0.0457107359
-0.04596966036
-0.04632001806
-0.04678481467
-0.04738280606
-0.04812843537
-0.04903192968
-0.05009948052
-0.05133345245
-0.05273258264
-0.05429214993
-0.05600410402
-0.05785715422
-0.05983682191
-0.06192546625
-0.06410229203
-0.06634334944
-0.0686215387
-0.0709066284
-0.07316529581
-0.07536119947
-0.07745509245
-0.07940498436
-0.08116636041
-0.08269246695
-0.08393468286
-0.08484298541
-0.0853663766
-0.08545334208
-0.08505487079
-0.08412125521
-0.08260686828
-0.0804705421
-0.07767734494
-0.07420099599
-0.07002667816
-0.06515443859
-0.05960326205
-0.05341582644
-0.04666382947
-0.03945356962
-0.03193112117
-0.02428597397
-0.01675146959
-0.009599927904
-0.00313030831
0.002353003195
0.006569527432
0.009295966694
0.01040027795
0.00987407706
0.007777951484
0.003995331711
-0.0005236672808
-0.04477987503
-0.04561359648
-0.04638625766
-0.04696310569
-0.04738540009
-0.04766857176
-0.04783379921
-0.04791291274
-0.0479433605
-0.04796451456
-0.0480150072
-0.04813071977
-0.04834343991
-0.04868010756
-0.04916251149
-0.04980729733
-0.05062616594
-0.05162616653
-0.05281001578
-0.05417639798
-0.05572022119
-0.05743281833
-0.0593020941
-0.06131262144
-0.06344570094
-0.06567939277
-0.06798853057
-0.07034473551
-0.07271643887
-0.07506892081
-0.07736437792
-0.0795620283
-0.08161826193
-0.08348684496
-0.08511918694
-0.08646468736
-0.08747117912
-0.0880853684
-0.08825318967
-0.08792235743
-0.08704067561
-0.08555853515
-0.08343077174
-0.08061782153
-0.07708807724
-0.07282061765
-0.06780852399
-0.0620629338
-0.05561791849
-0.04853617017
-0.04091532626
-0.03289443071
-0.02465952484
-0.01644668939
-0.008540158057
-0.001262666263
0.005044471197
0.01005206494
0.01348118731
0.01514566359
0.01499550978
0.01306600612
0.009214890051
0.004475385982
-0.04775122107
-0.04867155416
-0.04950537717
-0.05009507862
-0.05048557477
-0.05069497952
-0.05074954544
-0.05068849722
-0.05055769244
-0.05040495468
-0.05027675829
-0.05021581635
-0.05025954895
-0.05043929824
-0.05078009768
-0.05130081128
-0.05201448832
-0.05292881515
-0.05404658154
-0.05536610985
-0.05688161899
-0.05858351179
-0.0604585903
-0.06249020149
-0.06465833405
-0.06693967677
-0.06930764327
-0.07173239775
-0.07418088487
-0.07661686109
-0.07900095431
-0.08129076096
-0.0834409839
-0.0854036216
-0.08712821766
-0.08856218446
-0.08965122061
-0.09033976434
-0.09057135102
-0.09029040626
-0.08944248633
-0.08797418531
-0.0858366251
-0.08298597478
-0.07938573979
-0.07500938867
-0.0698435445
-0.06389193965
-0.05718029215
-0.04976216417
-0.04172579235
-0.03320158974
-0.02436951034
-0.01546472124
-0.006779102164
0.001344824004
0.008531171546
0.01440128103
0.01861571189
0.02092532794
0.02122759095
0.01952196253
0.01563149099
0.01067643787
-0.05084040478
-0.05187854705
-0.05279408776
-0.05339933462
-0.05374639514
-0.05385871961
-0.05377052484
-0.05353149352
-0.05319870152
-0.05283075427
-0.05248374611
-0.05220846021
-0.05204871175
-0.05204061972
-0.05221254061
-0.05258542297
-0.05317338923
-0.05398440258
-0.05502092299
-0.05628049586
-0.05775624499
-0.0594372582
-0.06130887976
-0.06335290337
-0.06554771618
-0.06786838556
-0.07028667117
-0.07277107993
-0.07528691517
-0.07779627572
-0.0802581009
-0.08262826345
-0.08485969342
-0.08690255092
-0.08870445726
-0.09021079676
-0.09136510916
-0.09210955182
-0.09238528126
-0.09213349184
-0.0912975424
-0.08982034089
-0.08764946574
-0.08473710014
-0.0810422365
-0.07653317072
-0.07119055961
-0.06501127495
-0.05801317734
-0.05024094591
-0.04177318859
-0.03273069857
-0.0232853037
-0.01366801271
-0.004174086609
0.004838724829
0.01296346036
0.01977261828
0.02486240152
0.02791191965
0.02875385141
0.02733897877
0.02344374535
0.01827908577
-0.05408267315
-0.05527731816
-0.05629848702
-0.0569195107
-0.05720516093
-0.05718839797
-0.05691562011
-0.05645112731
-0.05586680032
-0.05523482211
-0.05462289194
-0.05409111732
-0.05369036116
-0.05346171239
-0.05343671657
-0.05363805778
-0.05408045606
-0.05477161484
-0.0557131128
-0.0569011824
-0.0583273495
-0.05997892244
-0.06183937651
-0.06388856726
-0.06610296417
-0.06845577661
-0.07091691604
-0.07345306729
-0.07602768149
-0.07860100526
-0.08113014737
-0.08356913903
-0.08586903367
-0.08797805936
-0.08984182923
-0.09140362033
-0.09260474092
-0.09338499107
-0.09368307152
-0.09343705963
-0.09258776368
-0.09107488616
-0.08884270182
-0.08583943027
-0.08201962088
-0.0773466746
-0.07179566078
-0.06535708601
-0.05804148463
-0.04988507607
-0.04095702047
-0.03136808904
-0.0212806282
-0.01091886683
-0.0005775200629
0.009375185405
0.01850555081
0.026339167
0.03240522735
0.03630254998
0.0377855421
0.03674066729
0.03288195523
0.0275142844
-0.05752998684
-0.05892883535
-0.06008260103
-0.0607148008
-0.06091135846
-0.06072120618
-0.06020899437
-0.05945920678
-0.05856301674
-0.05760943447
-0.05667986467
-0.05584488197
-0.05516280601
-0.05467958518
-0.05442950613
-0.05443634564
-0.05471468823
-0.05527122648
-0.0561059336
-0.05721305501
-0.05858191133
-0.06019747713
-0.06204093373
-0.06408989884
-0.06631860546
-0.06869802585
-0.07119588866
-0.07377680099
-0.07640224291
-0.07903053016
-0.08161683559
-0.08411324536
-0.0864688426
-0.08862983743
-0.09053975395
-0.09213968454
-0.09336863025
-0.09416394402
-0.09446176531
-0.09419731648
-0.09330814329
-0.09173086892
-0.0894057984
-0.08627744261
-0.08229611456
-0.0774207889
-0.0716217735
-0.06488326242
-0.05720840097
-0.04862530869
-0.03919396505
-0.0290150224
-0.01824062104
-0.00708634177
0.004156943416
0.01511507075
0.02533238311
0.034290539
0.04145022388
0.04632178088
0.04856653404
0.04798761141
0.04421549994
0.03865179305
-0.06125822759
-0.06291960175
-0.06423493892
-0.06486496383
-0.064929958
-0.06450470543
-0.06368072508
-0.06257000329
-0.06128847098
-0.05994557471
-0.05863846124
-0.05744899931
-0.05644293824
-0.05567050939
-0.05516785227
-0.05495880823
-0.05505677449
-0.05546642959
-0.05618521952
-0.05720457183
-0.05851094196
-0.06008645653
-0.06190945847
-0.06395477345
-0.06619399056
-0.06859565603
-0.07112520417
-0.07374501121
-0.07641438248
-0.07908952834
-0.08172356207
-0.08426652228
-0.08666542902
-0.08886438633
-0.09080474148
-0.09242531161
-0.09366269441
-0.09445168376
-0.09472571846
-0.09441719123
-0.09345995323
-0.09178788694
-0.08933723208
-0.0860485035
-0.08186764199
-0.0767484118
-0.07065524067
-0.06356642968
-0.05547942165
-0.04641512132
-0.03642362534
-0.02559486928
-0.01407017229
-0.002055055247
0.01016596759
0.02221670542
0.0336242986
0.04383007098
0.05222559519
0.05822478303
0.06137948562
0.06138619197
0.05776323755
0.05201090347
-0.06537806181
-0.06737233423
-0.06887770373
-0.06947699805
-0.06934548488
-0.06859873713
-0.06736717634
-0.06579969236
-0.06404337658
-0.06223184016
-0.06047963021
-0.05888011031
-0.0575057291
-0.05640974976
-0.05562868515
-0.05518492676
-0.05508925246
-0.05534303648
-0.05594006083
-0.0568680431
-0.05810977494
-0.05964380633
-0.06144507315
-0.06348531817
-0.06573323961
-0.06815462265
-0.07071234819
-0.07336638407
-0.07607374112
-0.07878842489
-0.08146140105
-0.08404058435
-0.08647086251
-0.08869416672
-0.09064959862
-0.09227362489
-0.09350035464
-0.09426192089
-0.09448892593
-0.09411077796
-0.09305753533
-0.09125996513
-0.08865000096
-0.08516386869
-0.08074279071
-0.07533535387
-0.06890022428
-0.06140933019
-0.05285200056
-0.04324018771
-0.0326161109
-0.02106084474
-0.008703121582
0.004264116468
0.01756530262
0.03082538885
0.04355853958
0.05516939086
0.0649802181
0.07230034571
0.07655357316
0.07730071414
0.0739084916
0.06797635542
-0.07005165649
-0.07246176307
-0.07417977529
-0.07469392257
-0.07426681292
-0.07307713061
-0.07131066895
-0.06916490614
-0.06682515952
-0.06445256956
-0.06217984941
-0.06011097759
-0.05832330968
-0.05687095518
-0.05578855641
-0.05509494845
-0.05479641658
-0.05488942683
-0.05536278333
-0.05619943498
-0.05737761975
-0.05887164672
-0.06065261462
-0.06268871667
-0.06494542062
-0.06738554441
-0.06996924092
-0.07265394152
-0.07539427238
-0.07814196687
-0.08084579123
-0.08345149547
-0.08590180023
-0.08813643032
-0.090092205
-0.09170319573
-0.09290096527
-0.093614909
-0.09377268084
-0.09330054887
-0.09212469241
-0.09017237366
-0.08737093717
-0.08365190721
-0.07895125755
-0.07321172641
-0.06638544953
-0.05843707057
-0.04934771501
-0.03912005402
-0.02778494557
-0.01541019351
-0.00211412246
0.01192163712
0.02643569116
0.04105877914
0.05529615867
0.06851882074
0.07997921873
0.08887298662
0.09447396928
0.09617018543
0.09312105645
0.08702261718
-0.07551901993
-0.07843831786
-0.08037498806
-0.0807060259
-0.07983227508
-0.07802842532
-0.07555755807
-0.07267955092
-0.06962495695
-0.06658457395
-0.06370835034
-0.06110827609
-0.05886329178
-0.05702492243
-0.05562274178
-0.05466922558
-0.05416381116
-0.05409610238
-0.05444852341
-0.05519807218
-0.05631747863
-0.05777619884
-0.05954096378
-0.06157606613
-0.06384348894
-0.06630291553
-0.06891165635
-0.0716245345
-0.07439375032
-0.07716874562
-0.0798960835
-0.08251935562
-0.08497912732
-0.08721293002
-0.08915531055
-0.09073794733
-0.09188984596
-0.0925376334
-0.09260594854
-0.092017798
-0.09069543643
-0.08856224075
-0.08554068215
-0.08155710871
-0.07654161802
-0.07043026146
-0.06316757246
-0.05470953618
-0.0450273757
-0.03411242121
-0.02198257037
-0.008691033673
0.005661455768
0.02091081991
0.03680526914
0.05298776651
0.06896272789
0.08407129041
0.09749433657
0.1083025419
0.1155927932
0.1185313907
0.1159899245
0.1097518833
-0.08214067838
-0.08566411565
-0.08778765616
-0.08776452456
-0.08621387259
-0.08355392521
-0.08015300475
-0.07634835538
-0.07242121184
-0.06859143491
-0.06502236837
-0.06182880285
-0.05908582091
-0.05683732506
-0.05510346948
-0.0538867797
-0.05317693511
-0.05295468511
-0.0531944032
-0.05386576416
-0.05493519242
-0.05636665201
-0.05812208593
-0.06016161471
-0.06244356678
-0.06492439644
-0.06755853119
-0.07029818466
-0.07309315748
-0.07589064478
-0.07863506417
-0.08126791509
-0.08372767847
-0.08594976492
-0.08786651985
-0.08940729404
-0.09049859078
-0.09106430598
-0.0910260673
-0.09030356607
-0.08881515559
-0.08647999479
-0.08321545291
-0.07894223183
-0.07358388529
-0.06706883613
-0.05933272522
-0.05032114458
-0.03999313357
-0.0283257458
-0.01532021462
-0.001010510119
0.01452449396
0.03114404026
0.04862113694
0.06661092984
0.08462167738
0.1019767002
0.1177852
0.130977966
0.1404401932
0.1450502102
0.1432727258
0.1369553536
-0.09046903818
-0.09466835768
-0.09686751638
-0.09619635927
-0.09361763271
-0.08975969524
-0.08512928327
-0.08015449611
-0.07516826362
-0.0704137721
-0.06605923349
-0.06221323924
-0.05893871461
-0.05626489634
-0.0541968677
-0.05272274618
-0.05181944537
-0.05145639296
-0.05159794728
-0.05220540542
-0.05323809893
-0.0546539866
-0.05640992431
-0.05846170446
-0.06076394387
-0.06326987955
-0.06593111364
-0.06869733877
-0.07151606483
-0.07433236249
-0.07708863502
-0.07972442688
-0.08217627595
-0.08437761599
-0.0862587356
-0.08774680068
-0.08876594907
-0.08923747064
-0.08908008056
-0.08821020151
-0.08654239797
-0.08399138529
-0.08046932692
-0.07589088979
-0.07017246675
-0.06323390728
-0.0550005701
-0.04540568028
-0.03439337253
-0.02192274429
-0.007973458131
0.007446215755
0.02428750481
0.04244351215
0.06172303517
0.08181367953
0.1022366306
0.1223034953
0.1410655223
0.1572992372
0.1696323164
0.1765637521
0.1759724366
0.1697162147
-0.1013713884
-0.1062333256
-0.1082354825
-0.1064158253
-0.1022736643
-0.09673602482
-0.09048210715
-0.08403702319
-0.07777683067
-0.07195333464
-0.06672385972
-0.06217648807
-0.05834997982
-0.05524962635
-0.05285841287
-0.05114524515
-0.05007046464
-0.04958940774
-0.04965498022
-0.05021908654
-0.05123335652
-0.05264943479
-0.05441897923
-0.05649347098
-0.05882391421
-0.06136047885
-0.06405212211
-0.06684621351
-0.0696881795
-0.07252117885
-0.07528581614
-0.07791989904
-0.08035824348
-0.08253253063
-0.08437121993
-0.08579952267
-0.08673944202
-0.08710988893
-0.08682687878
-0.08580374005
-0.08395146685
-0.08118027276
-0.07739720106
-0.07251065931
-0.06642942387
-0.05906397231
-0.05032808642
-0.04014064583
-0.02842797382
-0.01512705034
-0.000190128461
0.01640829641
0.03466057519
0.05450861083
0.07581652602
0.09832899281
0.121612145
0.1449822966
0.1674469826
0.1876367477
0.203867627
0.2141319299
0.2154528973
0.20958382
-0.1162474498
-0.1215276939
-0.122737188
-0.1189212922
-0.1124024528
-0.1045125481
-0.09612598818
-0.08785189642
-0.08008246502
-0.07304854119
-0.06687019348
-0.06159371946
-0.05721755612
-0.05371141592
-0.05102814842
-0.04911134445
-0.047900965
-0.04733623568
-0.0473573172
-0.04790604338
-0.04892608984
-0.05036279763
-0.05216279427
-0.05427350708
-0.05664263182
-0.05921759614
-0.0619450422
-0.06477034329
-0.06763716307
-0.07048706225
-0.07325915541
-0.07588981932
-0.07831245391
-0.08045729684
-0.082251293
-0.08361802095
-0.08447767872
-0.08474713416
-0.08434003926
-0.08316694754
-0.08113562067
-0.07815193544
-0.07411813558
-0.06893639151
-0.06250768856
-0.05473265259
-0.04551253152
-0.03475020567
-0.02235152759
-0.008227257722
0.007703919003
0.02551036391
0.04523876547
0.06689887241
0.09043704428
0.1156919814
0.1423245701
0.16971627
0.1968526533
0.222250289
0.2438878479
0.259078179
0.2635905059
0.2588512062
-0.1374357387
-0.142314329
-0.141487076
-0.1342475289
-0.1241299913
-0.1129682543
-0.1018149295
-0.09130843034
-0.08179746671
-0.07343922968
-0.06627634199
-0.06028379892
-0.05539900503
-0.05154194077
-0.04862555228
-0.04656307644
-0.04527120184
-0.04467151168
-0.04469082689
-0.04526089979
-0.04631776841
-0.04780095465
-0.04965261337
-0.0518166938
-0.05423814669
-0.0568621938
-0.05963366641
-0.06249641399
-0.06539278172
-0.06826315375
-0.07104555929
-0.07367533835
-0.07608486454
-0.078203323
-0.07995654177
-0.08126687534
-0.08205313989
-0.08223060018
-0.08171100187
-0.08040258858
-0.07821035875
-0.07503628387
-0.07077837527
-0.06533290777
-0.05859329804
-0.05045033774
-0.04079239274
-0.02950541394
-0.01647294381
-0.001576274425
0.0153048967
0.03429053905
0.05549553132
0.07901911057
0.1049231722
0.1331905054
0.1636496125
0.1958489355
0.2288701772
0.2611389682
0.2903600731
0.3129979607
0.3230147563
0.3210681323
-0.1690444695
-0.1712828033
-0.165858617
-0.1528145986
-0.1373041613
-0.1216644574
-0.1070096547
-0.09387131504
-0.08244234897
-0.07272354858
-0.06462018413
-0.05799715845
-0.05270507795
-0.04859978294
-0.0455473308
-0.04342675589
-0.04213011556
-0.04156134574
-0.04163464475
-0.04227273208
-0.04340516252
-0.04496677849
-0.04689632861
-0.04913525362
-0.05162662834
-0.05431424396
-0.05714181383
-0.06005228764
-0.0629872604
-0.06588646507
-0.06868733957
-0.07132466051
-0.07373023761
-0.07583266372
-0.0775571161
-0.07882520474
-0.07955486359
-0.07966028054
-0.07905185376
-0.07763610898
-0.07531588977
-0.07198998179
-0.0675529445
-0.06189586911
-0.05490531901
-0.04646292581
-0.0364447001
-0.0247198829
-0.01114934803
0.004416478472
0.02214009923
0.04219942252
0.06478914888
0.09011858065
0.1184006279
0.1498218576
0.18447547
0.2222273129
0.2624731495
0.3037797935
0.3436453295
0.3777587536
0.397690431
0.4023665622
-0.2184558992
-0.2124914668
-0.1973356629
-0.1745999123
-0.1511647316
-0.1295773098
-0.1106863962
-0.09464434606
-0.08128843836
-0.07033647576
-0.06147627667
-0.0544179937
-0.04890524947
-0.04471929563
-0.04167573095
-0.03961964583
-0.03842043821
-0.03796701846
-0.03816367874
-0.0389266456
-0.04018124556
-0.04185958827
-0.0438986727
-0.046238833
-0.04882245557
-0.0515929128
-0.05449367103
-0.05746753991
-0.06045603825
-0.06339885701
-0.06623340501
-0.06889442569
-0.0713136762
-0.07341966115
-0.07513741443
-0.07638832251
-0.07708998195
-0.07715608315
-0.07649630241
-0.07501612622
-0.07261697415
-0.06919544877
-0.0646435729
-0.05884834839
-0.05169074231
-0.04304465688
-0.03277534906
-0.02073708414
-0.006769817995
0.009305391334
0.02769256415
0.04862879959
0.07239396721
0.09932097216
0.1298030859
0.1642895964
0.2032504027
0.2470695753
0.295794685
0.3486634341
0.403431134
0.4552396107
0.4931753767
0.5131732319
-0.2978549963
-0.2713171541
-0.236731658
-0.1983386311
-0.1637249945
-0.1347139802
-0.1111559414
-0.0923206125
-0.07737461191
-0.06558855915
-0.05636116643
-0.04921435954
-0.0437740162
-0.0397485008
-0.03690904068
-0.03507417147
-0.03409778062
-0.0338600378
-0.03426058994
-0.03521345924
-0.03664319233
-0.03848192427
-0.04066711213
-0.0431397604
-0.0458430106
-0.04872100401
-0.05171795228
-0.05477736919
-0.05784142988
-0.06085043293
-0.06374234736
-0.06645243098
-0.0689129094
-0.07105270698
-0.07279722174
-0.07406813587
-0.07478325268
-0.07485634902
-0.07419701879
-0.07271041717
-0.07029731562
-0.06685336224
-0.06226899307
-0.05642854761
-0.04920915422
-0.04047915791
-0.03009578648
-0.01790174697
-0.003720329523
0.0126515881
0.03145346702
0.05297506245
0.07757575259
0.1057105898
0.1379635619
0.1750852749
0.2180227604
0.2679044209
0.3258920309
0.3927445359
0.4677481194
0.5458862371
0.613580939
0.6642959809
-0.4322098637
-0.353529615
-0.2802557692
-0.2185418537
-0.1700311087
-0.1332416955
-0.1057201474
-0.08508139478
-0.06950674408
-0.05771446629
-0.04879072953
-0.04208179461
-0.03711994152
-0.03356604601
-0.03116896006
-0.02973839393
-0.02912649699
-0.02921516492
-0.02990726897
-0.03112052736
-0.03278314217
-0.03483063063
-0.03720347464
-0.03984533787
-0.04270168262
-0.04571867385
-0.04884229423
-0.0520176179
-0.05518820702
-0.05829560565
-0.06127891307
-0.06407442304
-0.06661531883
-0.06883141528
-0.07064893977
-0.07199034333
-0.07277413186
-0.07291470357
-0.0723221588
-0.07090207294
-0.06855540223
-0.06517789347
-0.06065952316
-0.05488364133
-0.0477256873
-0.03905127406
-0.02871338409
-0.01654827184
-0.002369484548
0.01404087406
0.03294495777
0.05466807586
0.0796267251
0.1083703269
0.1416432361
0.1804754634
0.2263094222
0.2811570831
0.3477427015
0.4294710483
0.5293817521
0.645362141
0.7633936555
0.8752592006
-0.730493683
-0.4694168738
-0.3095354931
-0.2190265263
-0.1585614865
-0.1172718765
-0.08927857013
-0.0697098842
-0.05562861196
-0.04535992747
-0.03783378738
-0.03234275971
-0.02841872795
-0.02574237148
-0.02408688133
-0.02328528482
-0.02321011751
-0.02376028099
-0.02485250932
-0.02641571566
-0.02838712539
-0.03070954921
-0.03332940128
-0.0361952127
-0.03925648203
-0.04246276159
-0.04576291409
-0.04910449612
-0.05243323989
-0.05569261335
-0.05882344519
-0.06176360455
-0.06444772781
-0.06680698553
-0.0687688829
-0.07025708592
-0.07119126364
-0.07148693136
-0.07105525119
-0.06980295938
-0.06763206125
-0.0644392639
-0.06011545652
-0.05454486823
-0.04760375284
-0.03915844446
-0.02906251092
-0.01715257631
-0.003242177859
0.01288731989
0.03150030021
0.05292747307
0.07759765015
0.1060878736
0.1392043455
0.1781159641
0.2245780798
0.2813102069
0.3526358809
0.4454714444
0.5699962852
0.7388551963
0.9742516833
1.301477412
-1.424917347
-0.6454779157
-0.329077987
-0.20934607
-0.1365315512
-0.09170912264
-0.06550202155
-0.04902933597
-0.03793418723
-0.03025817811
-0.02488153566
-0.02113045798
-0.01860717655
-0.01706342315
-0.01633180418
-0.01629232682
-0.01685377944
-0.01794270004
-0.01949685685
-0.02146125749
-0.02378555513
-0.02642226912
-0.0293255004
-0.03244995528
-0.03575016964
-0.03917986976
-0.04269143176
-0.04623541617
-0.04976016288
-0.05321143715
-0.05653212026
-0.05966194032
-0.0625372394
-0.06509077326
-0.06725153943
-0.06894462791
-0.07009108651
-0.07060778753
-0.07040731576
-0.06939782412
-0.06748272805
-0.06456033709
-0.06052336978
-0.0552581934
-0.04864366036
-0.04054938495
-0.0308332098
-0.01933748267
-0.005883572788
0.009736266304
0.02777114171
0.04853034548
0.07241315325
0.09995778729
0.1319255233
0.1694524116
0.2143366096
0.2696101137
0.3407458132
0.438210369
0.5817944189
0.8108703953
1.250206089
2.170670443
)
;

boundaryField
{
    movingWall
    {
        type            zeroGradient;
    }
    fixedWalls
    {
        type            zeroGradient;
    }
    frontAndBack
    {
        type            empty;
    }
}


// ************************************************************************* //
