/*--------------------------------*- C++ -*----------------------------------*\
  =========                 |
  \\      /  F ield         | OpenFOAM: The Open Source CFD Toolbox
   \\    /   O peration     | Website:  https://openfoam.org
    \\  /    A nd           | Version:  11
     \\/     M anipulation  |
\*---------------------------------------------------------------------------*/
FoamFile
{
    format      ascii;
    class       volScalarField;
    location    "300";
    object      p;
}
// * * * * * * * * * * * * * * * * * * * * * * * * * * * * * * * * * * * * * //

dimensions      [0 2 -2 0 0 0 0];

internalField   nonuniform List<scalar> 
4096
(
2.890184613e-07
-3.182057432e-05
-0.0001254890769
-0.0002719269666
-0.0004501816723
-0.0006434562139
-0.0008384252938
-0.001024613816
-0.001194042505
-0.001340791417
-0.001460573569
-0.001550370279
-0.001608130955
-0.001632531529
-0.001622784112
-0.001578491207
-0.001499537753
-0.001386015735
-0.00123817599
-0.001056403176
-0.0008412094788
-0.0005932437902
-0.0003133125559
-2.409524667e-06
0.0003382490047
0.0007071858576
0.001102624699
0.001522453941
0.001964195699
0.002424981677
0.002901538488
0.003390183877
0.003886836112
0.004387037088
0.00488598762
0.005378599558
0.005859567368
0.006323454363
0.006764793405
0.007178199757
0.007558493782
0.007900829889
0.008200828348
0.008454705518
0.008659398553
0.008812680009
0.008913258695
0.008960863088
0.008956304973
0.008901521557
0.008799596029
0.008654757519
0.008472363269
0.008258866778
0.008021776886
0.007769612335
0.007511854521
0.007258894708
0.007021955328
0.006812900474
0.006643801514
0.006526557455
0.006471946217
0.006471357654
3.270304543e-05
2.385067499e-07
-8.122286351e-05
-0.0002060617043
-0.0003577118737
-0.0005225218304
-0.0006893789378
-0.0008492438024
-0.0009949787771
-0.001121101158
-0.001223499117
-0.001299165285
-0.001345964027
-0.001362435367
-0.001347635183
-0.001301008982
-0.001222296264
-0.001111461671
-0.0009686496948
-0.0007941592744
-0.0005884353116
-0.000352073751
-8.583756796e-05
0.0002093194101
0.0005322232347
0.0008814479618
0.001255283339
0.001651704687
0.002068346924
0.00250248513
0.002951023271
0.003410493093
0.003877064959
0.004346572065
0.004814543525
0.005276253604
0.005726789833
0.006161133479
0.006574252812
0.006961207613
0.007317262157
0.007638003907
0.007919464225
0.00815823753
0.008351594741
0.008497587249
0.008595137584
0.008644113757
0.008645384648
0.008600855062
0.008513479809
0.008387257589
0.008227206273
0.008039322208
0.007830526249
0.007608598621
0.007382102184
0.007160289482
0.0069529726
0.006770285304
0.006622297536
0.006519053495
0.006470804342
0.00647058484
0.0001268185961
8.13299687e-05
-8.419597363e-07
-0.0001145748627
-0.0002483355447
-0.0003918206837
-0.0005362085725
-0.0006740617994
-0.0007993009665
-0.0009070994741
-0.000993720836
-0.001056342688
-0.001092889136
-0.001101881187
-0.001082309546
-0.001033531004
-0.0009551877966
-0.0008471483551
-0.0007094672901
-0.0005423622956
-0.000346205455
-0.0001215265353
0.0001309742318
0.0004104062107
0.0007156636531
0.00104539842
0.001397992392
0.001771531619
0.002163784327
0.002572184637
0.002993823805
0.003425450474
0.00386348276
0.004304033289
0.00474293839
0.005175803355
0.005598068709
0.006005085267
0.006392201194
0.006754859354
0.007088702522
0.007389683606
0.007654177666
0.007879092073
0.008061971119
0.008201091237
0.008295543383
0.008345299408
0.008351260023
0.008315282652
0.008240188456
0.008129748687
0.007988651407
0.00782245006
0.007637495511
0.007440852165
0.007240196976
0.007043697582
0.006859855735
0.006697264611
0.006564286411
0.006469327674
0.006421873103
0.006416719833
0.0002753453355
0.0002066365649
0.0001111210248
-4.010439878e-06
-0.0001319374815
-0.0002651012452
-0.0003966045541
-0.0005205164217
-0.0006318752664
-0.0007266462627
-0.0008016349055
-0.000854374477
-0.0008830083512
-0.0008861790419
-0.0008629303392
-0.0008126254596
-0.000734882276
-0.0006295252091
-0.0004965527726
-0.000336119116
-0.0001485278516
6.576388294e-05
0.0003061330244
0.0005717719731
0.0008616656765
0.001174566504
0.001508968772
0.001863084938
0.002234825252
0.002621782763
0.003021225167
0.003430094994
0.003845022308
0.004262351013
0.004678161238
0.005088309815
0.005488497071
0.005874337927
0.006241444611
0.006585519518
0.006902455629
0.007188441834
0.007440069905
0.007654439652
0.007829258433
0.007962931332
0.008054638354
0.008104395524
0.008113097221
0.008082537991
0.008015412781
0.007915295546
0.007786596849
0.007634501703
0.007464888993
0.007284233378
0.007099489664
0.006917958812
0.006747128999
0.00659446232
0.006467160797
0.006372448631
0.00631835737
0.006301545103
0.0004585850761
0.0003604320126
0.00024374824
0.0001193347016
-1.046486295e-05
-0.0001404780167
-0.0002654846814
-0.0003809590537
-0.0004830529416
-0.0005685768
-0.0006349627119
-0.0006801966269
-0.0007027382266
-0.0007014411629
-0.0006754803026
-0.0006242897336
-0.0005475132837
-0.0004449680326
-0.0003166203631
-0.0001625736073
1.693404873e-05
0.0002215228893
0.0004506578761
0.0007036294081
0.0009795303873
0.001277231313
0.001595355182
0.00193225392
0.002285988118
0.002654311765
0.003034663405
0.003424164967
0.003819635039
0.004217617091
0.004614392121
0.005006013114
0.005388375018
0.00575728264
0.006108530388
0.006437992379
0.006741720283
0.007016046134
0.007257686976
0.007463847716
0.007632318348
0.007761561649
0.007850787591
0.007900011083
0.007910090267
0.007882743268
0.007820542264
0.007726884556
0.007605941238
0.007462584718
0.007302296748
0.007131058666
0.006955225419
0.00678138465
0.006616198911
0.006466222264
0.006337737505
0.006236860556
0.006169550391
0.006134967904
0.0006605359134
0.0005294748688
0.0003868726251
0.0002478814802
0.0001107537666
-2.139343257e-05
-0.0001447894556
-0.0002561863893
-0.0003527969214
-0.0004322756585
-0.0004927128053
-0.0005325964709
-0.0005507595678
-0.0005463239483
-0.0005186481461
-0.0004672824139
-0.0003919331559
-0.0002924375495
-0.0001687483494
-2.09282608e-05
0.0001508470501
0.0003462785082
0.0005649270563
0.0008061923922
0.001069288491
0.00135321746
0.001656743288
0.001978367105
0.002316305601
0.002668474258
0.003032476605
0.003405600613
0.003784832594
0.004166888721
0.004548214359
0.004925010919
0.00529331204
0.005649048885
0.00598812788
0.006306519587
0.006600355682
0.006866031314
0.007100309594
0.00730042449
0.007464178082
0.007590028063
0.007677161444
0.007725550838
0.007735990216
0.00771010787
0.007650355197
0.007559970958
0.007442921646
0.007303819464
0.007147820102
0.006980502991
0.006807736957
0.006635533849
0.006469890392
0.006316628263
0.006181287423
0.006068967538
0.005983342122
0.005926553309
0.000868013823
0.000702487681
0.0005312439793
0.0003741165046
0.0002257161797
8.742236847e-05
-3.822667341e-05
-0.0001491207787
-0.0002434540451
-0.0003196911401
-0.0003765776244
-0.0004131209639
-0.0004285556004
-0.0004223045585
-0.0003939430971
-0.0003431677777
-0.0002697729196
-0.0001736353725
-5.470772431e-05
8.698042064e-05
0.0002513138291
0.0004380766291
0.0006469320109
0.0008773978382
0.001128819463
0.001400341104
0.001690877213
0.00199908533
0.002323342006
0.002661723426
0.003011991735
0.003371587941
0.00373764654
0.004107032505
0.004476323219
0.004841825212
0.005199660255
0.005545828418
0.005876284607
0.006187027396
0.006474196661
0.006734177201
0.006963705014
0.00715997229
0.007320726839
0.00744436151
0.007529989244
0.007577499769
0.00758759453
0.007561797295
0.007502438917
0.00741261584
0.007296123144
0.007157363985
0.007001238256
0.006833014085
0.006658186314
0.006482325053
0.006310915677
0.006149218808
0.006002211039
0.005874132033
0.005766463757
0.00568462422
0.001069952536
0.0008696133439
0.0006683954634
0.0004908969253
0.0003285043192
0.0001811336804
5.02811546e-05
-6.294574214e-05
-0.0001576339681
-0.0002330066222
-0.0002884403029
-0.0003234564104
-0.0003376976864
-0.0003309019715
-0.0003028778422
-0.0002534848346
-0.0001826200065
-9.021163016e-05
2.377981964e-05
0.0001593536893
0.0003164547679
0.000494953306
0.000694620363
0.0009150995252
0.001155876126
0.001416245192
0.00169527943
0.001991798655
0.002304342216
0.002631146074
0.002970125285
0.003318862392
0.003674622555
0.004034399485
0.00439487531
0.004752423377
0.005103208785
0.005443249313
0.005768491301
0.006074899405
0.006358556119
0.006615768141
0.006843176119
0.007037863608
0.007197460643
0.007320237128
0.007405181257
0.007452058601
0.007461448042
0.007434751732
0.007374177341
0.007282692185
0.007163950178
0.007022193893
0.006862135203
0.006688819003
0.006507475265
0.006323362741
0.006141606168
0.00596707313
0.005804359917
0.005657050563
0.00552465935
0.005416050475
0.001257021112
0.001022244486
0.0007906273782
0.0005914817848
0.0004133177932
0.0002548081858
0.0001165640729
-1.18964708e-06
-9.834616688e-05
-0.0001748287483
-0.0002306087644
-0.0002657016824
-0.0002801501841
-0.0002740061334
-0.0002473149979
-0.0002001048308
-0.0001323811415
-4.412829086e-05
6.468253088e-05
0.0001940790264
0.0003440677555
0.0005146090339
0.0007055875885
0.0009167798815
0.001147819116
0.00139815904
0.001667037761
0.001953442943
0.002256079891
0.002573344262
0.002903299933
0.003243661868
0.003591810866
0.003944853587
0.004299555368
0.004652323251
0.004999326514
0.005336555364
0.005659896401
0.005965224026
0.006248502848
0.006505898032
0.006733890005
0.006929389094
0.007089845139
0.00721334686
0.007298705757
0.007345519669
0.007354211784
0.007326041876
0.007263087849
0.007168197105
0.007044908863
0.006897350091
0.006730109168
0.006548092651
0.006356371369
0.006160019146
0.005963946627
0.0057727942
0.005590960406
0.005421579778
0.005262485028
0.005126062661
0.001421258901
0.001152807471
0.0008909377084
0.0006695386335
0.0004745180518
0.0003034748631
0.0001562591016
3.231413196e-05
-6.89811173e-05
-0.0001481921411
-0.0002058439517
-0.0002424180976
-0.0002583392054
-0.0002539623207
-0.0002295638006
-0.0001853371231
-0.0001213945932
-3.777530655e-05
6.554066562e-05
0.0001886122134
0.0003315117531
0.0004942950648
0.0006769671298
0.0008794447907
0.001101517144
0.001342804694
0.001602718427
0.001880420107
0.002174785326
0.002484371147
0.002807388719
0.003141679515
0.003484727723
0.003833741906
0.004185555377
0.004536581055
0.004882958771
0.005220611388
0.005545319793
0.005852816442
0.0061388914
0.006399507717
0.006630922433
0.006829808494
0.00699337228
0.007119461018
0.00720665438
0.007254334821
0.007262731961
0.007232937346
0.007166887375
0.007067313801
0.006937663042
0.00678198733
0.006604812368
0.006410987759
0.006205527218
0.00599344209
0.005779570978
0.005568486203
0.005364564238
0.005170700973
0.004983308524
0.004818329749
0.001555712448
0.001254556948
0.000962926312
0.0007191235467
0.0005066639145
0.0003221969892
0.0001649055555
3.353279025e-05
-7.320303646e-05
-0.0001564563282
-0.0002172643393
-0.0002565432672
-0.0002750762369
-0.0002735042611
-0.0002523219681
-0.0002118788802
-0.0001523867768
-7.39333026e-05
2.349838094e-05
0.0001400042729
0.0002757290603
0.0004308310811
0.000605443392
0.0007996316705
0.001013349785
0.001246393983
0.0014983568
0.001768581956
0.002056121787
0.002359699205
0.002677674529
0.003008013927
0.003348296048
0.003695825314
0.004047494862
0.004399701384
0.004748527224
0.005089793503
0.005419134221
0.005732092149
0.006024229052
0.006291246922
0.006529116474
0.006734207906
0.006903418203
0.007034288798
0.007125107267
0.007174987026
0.007183919706
0.007152796025
0.007083392523
0.006978323367
0.006840958495
0.006675311355
0.006485901496
0.006277598959
0.006055458396
0.005824546457
0.005589765805
0.005355773889
0.005127091843
0.004906559087
0.004689412234
0.004495171682
0.001654192034
0.001321381574
0.001000687289
0.00073463946
0.0005045181136
0.0003061129577
0.0001380079677
-1.690669201e-06
-0.0001148700199
-0.0002032266786
-0.000268271381
-0.0003113231906
-0.0003334979812
-0.0003357019698
-0.0003186313259
-0.0002827779738
-0.0002284417973
-0.0001557491405
-6.467731096e-05
4.491536215e-05
0.0001732544096
0.0003206096005
0.0004872514041
0.0006734041942
0.0008791969392
0.001104612261
0.001349434907
0.00161320087
0.00189514871
0.002194175301
0.002508796443
0.002837106227
0.003176772906
0.003525196091
0.003879328191
0.004235534306
0.004589817111
0.004937867078
0.005275134847
0.005596929366
0.005898532571
0.006175327145
0.006422933552
0.00663735114
0.006815097174
0.006953337071
0.007049998871
0.007103865199
0.007114636663
0.007082961835
0.007010430622
0.006899529908
0.006753562556
0.006576533252
0.006373006806
0.006147946568
0.005906541742
0.005654027242
0.005395499922
0.005135845683
0.004879884912
0.00463057613
0.004382158247
0.004157779341
0.001711050995
0.001347670106
0.0009987234427
0.0007107927128
0.000463040237
0.0002504572599
7.107678951e-05
-7.758456115e-05
-0.0001979750761
-0.0002922941585
-0.0003624913691
-0.0004102585371
-0.0004370183727
-0.0004439201651
-0.0004318427407
-0.0004014042672
-0.0003529787273
-0.0002867187809
-0.0002025845902
-0.0001003781487
2.021737788e-05
0.0001595937849
0.0003181699562
0.0004963405415
0.0006944218468
0.0009125957299
0.001150852495
0.001408933961
0.001686278275
0.001981968963
0.002294688839
0.002622669054
0.002963669248
0.003315188085
0.003674243681
0.004037163701
0.004399855288
0.004757855198
0.005106399171
0.005440521755
0.005755175464
0.006045365461
0.006306296059
0.006533523616
0.006723109307
0.006871764465
0.006976980817
0.007037138036
0.007051581675
0.007020665769
0.006945756201
0.006829193084
0.006674213016
0.00648483462
0.006265713293
0.006021973439
0.005759027785
0.005482387412
0.005197467129
0.004909518289
0.004623805804
0.004343548558
0.004062138449
0.00380644125
0.001721066508
0.001328187983
0.0009518658472
0.000642550311
0.0003773740023
0.0001505715057
-4.034300235e-05
-0.0001984078951
-0.000326598438
-0.0004275845284
-0.0005037246435
-0.0005570560605
-0.0005892837163
-0.0006017779951
-0.0005955808895
-0.0005714195284
-0.0005297265979
-0.0004706671651
-0.0003941714137
-0.0002999728032
-0.0001876512171
-5.668067473e-05
9.351880025e-05
0.0002635256143
0.0004538578814
0.00066491225
0.0008969011793
0.001149789795
0.001423233857
0.001716521601
0.002028520245
0.002357614007
0.002701667721
0.003058284131
0.00342455791
0.003796789075
0.004170780115
0.004541897379
0.004905135671
0.005255218515
0.005586721408
0.005894213579
0.006172414654
0.006416360731
0.006621572967
0.006784220774
0.00690127117
0.00697061574
0.006991167201
0.006962918808
0.006886961648
0.006765457289
0.006601566062
0.006399334139
0.006163545469
0.005899547381
0.005613060143
0.005309974414
0.004996141777
0.004677307586
0.004359317073
0.00404578931
0.003729348329
0.00344073624
0.001679312249
0.001258008341
0.000855221768
0.0005251073865
0.0002428356423
1.911230069e-06
-0.0002006502782
-0.0003684178408
-0.0005048677072
-0.0006131143791
-0.0006959000849
-0.0007555835876
-0.0007941296016
-0.0008131088767
-0.0008137076005
-0.0007967445937
-0.0007626954874
-0.0007117232426
-0.0006437144392
-0.0005583208702
-0.0004550060585
-0.000333096383
-0.0001918365193
-3.04488822e-05
0.0001518033477
0.0003555501768
0.0005812465421
0.0008291028646
0.001099015923
0.001390502946
0.001702639852
0.002033988025
0.002382544112
0.002746021815
0.003121609379
0.003505605912
0.003893708264
0.004281103315
0.004662525499
0.005032355525
0.005384746886
0.005713774441
0.006013601709
0.006278661362
0.006503841735
0.006684670846
0.006817488609
0.006899597584
0.006929382995
0.006906393874
0.006831379056
0.006706274338
0.006534140162
0.006319052468
0.006065952698
0.005780466118
0.005468699521
0.005137022395
0.004791837615
0.004439510476
0.004086598554
0.003737231229
0.003383324206
0.003059722949
0.001581116497
0.001132441262
0.0007041264483
0.0003538602125
5.490432778e-05
-0.0001999486809
-0.0004141699127
-0.0005918421315
-0.0007369231905
-0.0008529517891
-0.0009430332008
-0.001009827202
-0.001055538503
-0.001081919436
-0.001090282782
-0.001081522669
-0.001056142429
-0.001014288596
-0.0009557904528
-0.0008802046552
-0.0007868646749
-0.0006749348462
-0.0005434688925
-0.0003914727695
-0.0002179715938
-2.208023341e-05
0.000196923081
0.0004395210517
0.0007058808969
0.0009957802157
0.001308536202
0.001642921312
0.001997098647
0.002368907862
0.002755659499
0.00315369171
0.003558605163
0.003965407927
0.004368562958
0.00476208269
0.005139657394
0.005494809904
0.005821073583
0.006112188278
0.006362306805
0.006566202958
0.006719470724
0.006818703868
0.006861645016
0.006847294453
0.006775970599
0.006649316896
0.006470253094
0.006242872758
0.0059722925
0.005664462363
0.005325949176
0.004963697241
0.004584773307
0.004196284698
0.003805630447
0.003417569148
0.003023301227
0.002662093409
0.001421990089
0.000947010459
0.0004941217979
0.0001243915981
-0.0001907817272
-0.0004593069524
-0.000685135828
-0.0008728537666
-0.001026885962
-0.001151179475
-0.001249185899
-0.001323848983
-0.001377596546
-0.001412346131
-0.001429521482
-0.00143007724
-0.001414530425
-0.001382997748
-0.001335238098
-0.001270699809
-0.001188572528
-0.001087843638
-0.000967359293
-0.0008258900956
-0.0006622013858
-0.0004751279428
-0.0002636526148
-2.698815162e-05
0.0002353390309
0.0005234060381
0.0008368130672
0.001174588144
0.001535105915
0.001916355496
0.002315811428
0.00272990654
0.003154167284
0.003583435444
0.004011901972
0.004433193989
0.004840502988
0.005226744351
0.005584745555
0.005907458211
0.006188186479
0.006420822275
0.006600076082
0.00672169103
0.006782627663
0.006781207419
0.006717204649
0.006591879693
0.006407949185
0.006169493937
0.005881809177
0.005551206532
0.005184780337
0.004790142751
0.004375136142
0.003947735084
0.003516313316
0.003086355444
0.002648330529
0.002246329965
0.001197632151
0.0006974180742
0.000220934551
-0.0001675384635
-0.0004984248797
-0.0007803265676
-0.001017673403
-0.001215546101
-0.00137882674
-0.001511858569
-0.001618426257
-0.001701743719
-0.001764447976
-0.001808608115
-0.001835745636
-0.001846863039
-0.001842478886
-0.001822668232
-0.001787107739
-0.001735125144
-0.001665753001
-0.001577786871
-0.001469848181
-0.001340452045
-0.00118808027
-0.001011259553
-0.0008086446896
-0.0005791062114
-0.0003218214748
-3.636647885e-05
0.0002771934703
0.0006181982302
0.0009852917318
0.001376645795
0.001789953791
0.002221817363
0.002667725988
0.003122382253
0.003579717953
0.004032969151
0.004474801296
0.004897471451
0.005293025522
0.005653526507
0.005971306382
0.006239231762
0.006450971144
0.006601249913
0.006686078377
0.00670293837
0.006650915395
0.006530766022
0.006344914121
0.006097374223
0.005793605443
0.005440305096
0.005045155096
0.004616526165
0.004163149709
0.003693994747
0.00321854813
0.002743137133
0.00225742343
0.001810832569
0.000903891234
0.0003795521549
-0.0001195214132
-0.0005259906168
-0.0008720611011
-0.001167021613
-0.001415779822
-0.001623906906
-0.001796734109
-0.001938991606
-0.002054786894
-0.002147593273
-0.002220246043
-0.002274955064
-0.002313329165
-0.002336408658
-0.00234470391
-0.002338238665
-0.002316597428
-0.002278976622
-0.002224239605
-0.002150975898
-0.002057565095
-0.001942246013
-0.001803191583
-0.001638589819
-0.00144673093
-0.001226100331
-0.0009754768029
-0.0006940335554
-0.0003814395144
-3.797436519e-05
0.0003353472598
0.0007369258572
0.001164741415
0.001615658074
0.002085185177
0.002567930773
0.003057597239
0.003547038685
0.004028379129
0.004493174258
0.004932615584
0.005337774114
0.005699876747
0.006010605328
0.006262405385
0.006448789067
0.006564615212
0.006606329004
0.006572144733
0.00646215768
0.00627837526
0.006024662748
0.005706605055
0.00533129279
0.004907046229
0.004443082506
0.003949137859
0.00343531238
0.00291235732
0.002387545705
0.001849656546
0.001354058386
0.0005368014764
-1.052497445e-05
-0.0005311475731
-0.0009548406273
-0.00131554898
-0.001623240895
-0.001883302068
-0.002101790634
-0.002284481132
-0.002436483665
-0.002562220893
-0.00266541754
-0.002749099233
-0.002815608892
-0.002866635301
-0.002903249567
-0.002925947038
-0.002934693258
-0.002928973173
-0.002907843423
-0.002869987932
-0.00281377735
-0.002737333111
-0.002638596947
-0.002515406691
-0.002365579065
-0.002186999878
-0.001977721699
-0.0017360687
-0.001460746906
-0.001150956416
-0.0008065151587
-0.000428009097
-1.674376375e-05
0.000425627375
0.0008963396965
0.001391007436
0.001904209524
0.002429469346
0.002959287466
0.003485247411
0.003998172681
0.004488334387
0.004945708482
0.005360276701
0.00572236144
0.006022980928
0.006254207644
0.006409510242
0.006484057945
0.006474966582
0.006381467694
0.006204986178
0.005949117802
0.005619504976
0.005223617527
0.004770452241
0.004270156865
0.003733592532
0.003172134875
0.002597964543
0.002019434378
0.001424312443
0.0008746394314
9.256428955e-05
-0.000476548827
-0.001017641768
-0.001457764196
-0.001832553008
-0.002152647672
-0.002423912099
-0.002652888417
-0.002845789787
-0.00300810102
-0.003144554557
-0.003259121249
-0.003355012083
-0.003434698514
-0.003499945256
-0.003551850583
-0.003590891409
-0.0036169715
-0.003629472031
-0.003627304344
-0.003608965314
-0.003572596089
-0.003516045244
-0.003436937541
-0.003332749486
-0.003200892788
-0.003038806559
-0.002844058763
-0.002614457034
-0.002348167789
-0.002043839536
-0.00170073603
-0.001318912469
-0.000899275745
-0.0004430347339
4.752790341e-05
0.0005682659822
0.001113817181
0.001677600492
0.002251815511
0.002827528047
0.003394816386
0.003942977499
0.004460794295
0.004936859854
0.005359949504
0.005719426952
0.006005665902
0.006210464714
0.006327428951
0.006352295922
0.006283176749
0.006120695497
0.005868011122
0.005530716287
0.005116617231
0.004635408074
0.004098245187
0.003517238365
0.002905198211
0.002275921581
0.001638971162
0.000980985536
0.0003715213526
-0.0004323959034
-0.001022049258
-0.001582487818
-0.002038220904
-0.002426524302
-0.002758696891
-0.003041079761
-0.003280695905
-0.003484193092
-0.003657427048
-0.003805436666
-0.003932436237
-0.004041820152
-0.004136187249
-0.00421737774
-0.004286517222
-0.004344064617
-0.004389862233
-0.004423187071
-0.004442803345
-0.004447016708
-0.004433731254
-0.004400510592
-0.004344644557
-0.00426322317
-0.004153219393
-0.004011582015
-0.003835339678
-0.003621716702
-0.003368260341
-0.003072975482
-0.002734469502
-0.00235214935
-0.001926362656
-0.001457814065
-0.0009481985295
-0.0004012199645
0.0001779303877
0.0007826694927
0.001404978163
0.00203545537
0.002663445864
0.003277237908
0.00386433511
0.004411800664
0.004906666526
0.005336393952
0.005689365879
0.005955385839
0.006126153903
0.006195687644
0.006160656551
0.006020601683
0.005778018993
0.005438294098
0.005009488743
0.004501990861
0.003928033663
0.003301103109
0.002635616456
0.001947195864
0.00124678614
0.000519732593
-0.0001559112279
-0.00104143773
-0.001650310226
-0.002228926378
-0.002699430917
-0.003100677503
-0.003444609829
-0.003738043694
-0.003988479226
-0.004202995144
-0.004387815502
-0.004548284302
-0.004688859181
-0.004813119125
-0.004923792745
-0.005022799228
-0.005111295789
-0.005189728131
-0.00525788184
-0.005314933823
-0.005359503735
-0.005389706114
-0.005403204468
-0.005397268958
-0.005368839613
-0.005314597134
-0.005231043334
-0.005114593107
-0.004961679529
-0.004768873343
-0.004533017288
-0.004251372088
-0.003921775137
-0.003542851627
-0.003114204613
-0.002635955807
-0.002109097331
-0.001536648457
-0.0009234834315
-0.0002760504083
0.0003975307419
0.001087478507
0.001782448534
0.002469713676
0.003135432266
0.003765006704
0.004343527219
0.004856288645
0.005289360114
0.005630180079
0.005868142302
0.005995134075
0.006005986357
0.00589879802
0.005675102769
0.00533985804
0.004901249831
0.004370322651
0.003760438559
0.00308658754
0.002364983205
0.001613312307
0.0008440806686
4.119497043e-05
-0.0007076792506
-0.001737635974
-0.002364358174
-0.002959937962
-0.003444353714
-0.003857967466
-0.004213348139
-0.00451778145
-0.004779239935
-0.005005229707
-0.005202341708
-0.005376225674
-0.005531585222
-0.005672188423
-0.005800899872
-0.005919725397
-0.006029862661
-0.006131753685
-0.006225137043
-0.00630909869
-0.006382121434
-0.006442133899
-0.006486560442
-0.006512374014
-0.006516154267
-0.00649415345
-0.006442372682
-0.00635665112
-0.00623277026
-0.006066575362
-0.005854115259
-0.005591798861
-0.005276567727
-0.004906116384
-0.004479126698
-0.003995004493
-0.003453888697
-0.002857872928
-0.00221132444
-0.00152037851
-0.0007930949637
-3.950623358e-05
0.0007284406024
0.001497034207
0.002251052744
0.002974127755
0.003649217028
0.004259176595
0.004787412628
0.00521858367
0.005539314417
0.005738874635
0.005809772872
0.005748215034
0.005554383871
0.005232506784
0.004790696878
0.004240571284
0.003596647955
0.002875545407
0.002095476254
0.001276460729
0.0004327981163
-0.000453224894
-0.001283057066
-0.002523782287
-0.003166916961
-0.003778210456
-0.004275662639
-0.004701064873
-0.005067587715
-0.005382979691
-0.005655679861
-0.005893618273
-0.00610375249
-0.006292040771
-0.00646343825
-0.006621910165
-0.006770467397
-0.006911214645
-0.007045403742
-0.007173487783
-0.007295173481
-0.007409470641
-0.007514738726
-0.007608731525
-0.00768864157
-0.007751146629
-0.007792460965
-0.007808394402
-0.007794422357
-0.007745770017
-0.007657513662
-0.007524701838
-0.007342498681
-0.007106349277
-0.006812165147
-0.006456551144
-0.006037083921
-0.005552277858
-0.005001236707
-0.004384895896
-0.003706869377
-0.002972758735
-0.002190355622
-0.001369762978
-0.0005233928433
0.0003341398314
0.001186241814
0.00201469797
0.002800163453
0.003522786278
0.004162943023
0.004702057791
0.005123461417
0.005413236824
0.005560988491
0.005560471714
0.005410021454
0.00511273247
0.004676362436
0.00411295368
0.003438169117
0.002670368399
0.001829981019
0.0009396657749
1.576591188e-05
-0.0009612061608
-0.00188038036
-0.003402315311
-0.004060395135
-0.004686122414
-0.005195724905
-0.005632334831
-0.006009694875
-0.006336006257
-0.006620167383
-0.006870528899
-0.007094416131
-0.007298101043
-0.007486799107
-0.007664684719
-0.007834929848
-0.007999755194
-0.008160485794
-0.008317606173
-0.00847081224
-0.008619058585
-0.008760601211
-0.008893036708
-0.00901333982
-0.009117901942
-0.009202573699
-0.009262715115
-0.009293257136
-0.009288778402
-0.009243601033
-0.009151909051
-0.009007892693
-0.008805920271
-0.00854073519
-0.008207690684
-0.007803064708
-0.007324227128
-0.006769086644
-0.006137209494
-0.005431116969
-0.00465561807
-0.003817979096
-0.002928136043
-0.001998767349
-0.001045249791
-8.548113964e-05
0.0008604510504
0.001770766291
0.002622654232
0.003393091385
0.004059782739
0.004602182781
0.005002534036
0.005246848683
0.00532575163
0.005235104885
0.004976343907
0.004556479262
0.003987745699
0.003286885118
0.00247408834
0.001572225119
0.000606930884
-0.0004030929596
-0.001479287536
-0.002496844926
-0.004375323136
-0.005046844129
-0.005685714946
-0.006206581258
-0.006653818015
-0.007041705776
-0.00737888551
-0.007674706593
-0.007937937357
-0.008176273781
-0.008396309616
-0.008603533197
-0.008802344505
-0.008996096297
-0.009187147774
-0.009376921871
-0.009565960899
-0.009753977266
-0.009939897842
-0.01012190185
-0.01029745342
-0.01046333092
-0.01061565579
-0.01074992458
-0.01086104806
-0.01094340182
-0.01099089302
-0.01099704783
-0.01095512416
-0.01085825412
-0.01069961916
-0.01047265718
-0.01017130855
-0.009790351521
-0.009325689188
-0.008773898086
-0.008132991386
-0.007403966143
-0.006590540771
-0.005699148662
-0.004739259499
-0.003723550527
-0.00266794532
-0.001591506108
-0.0005161502626
0.0005338301791
0.001532455676
0.002452947404
0.003268792228
0.00395493823
0.004489052808
0.004852755658
0.00503272581
0.005021577843
0.004818411172
0.004428960073
0.003865306561
0.003145127133
0.002290493744
0.001326940748
0.0002834540966
-0.0008185640831
-0.002002652214
-0.00312825447
-0.005444479381
-0.006127952311
-0.006778683307
-0.007309935176
-0.007767218808
-0.00816531201
-0.008513279228
-0.008820911398
-0.009097392429
-0.00935079421
-0.009588043837
-0.009814919454
-0.01003606804
-0.01025504837
-0.01047438642
-0.01069563382
-0.01091942331
-0.01114551766
-0.01137285029
-0.01159955742
-0.0118230029
-0.01203979788
-0.01224581848
-0.01243622535
-0.01260548955
-0.01274742975
-0.01285526617
-0.01292169668
-0.01293900066
-0.01289917607
-0.01279411448
-0.01261581531
-0.012356644
-0.01200967469
-0.0115690462
-0.01102978869
-0.01038816739
-0.009643231877
-0.008797257731
-0.007855482305
-0.006826544266
-0.005722776239
-0.004560349707
-0.003359262732
-0.002143132242
-0.0009387574867
0.0002245665194
0.001315990986
0.002304294133
0.003159257935
0.003853168771
0.004362342283
0.004668550297
0.004760216199
0.004633248459
0.004291405769
0.003746126423
0.003015769185
0.002124274958
0.001100049573
-2.416969007e-05
-0.001223867738
-0.002524836751
-0.003768744252
-0.006611055412
-0.007305015711
-0.007966362218
-0.00850714646
-0.008973900509
-0.009381853754
-0.009740474903
-0.01005998645
-0.01034998733
-0.01061893374
-0.01087410214
-0.01112158265
-0.01136629654
-0.01161203993
-0.01186154028
-0.01211651516
-0.012377727
-0.01264502948
-0.01291740374
-0.0131929839
-0.01346907315
-0.01374215254
-0.01400788596
-0.01426112536
-0.01449592131
-0.01470554438
-0.01488252344
-0.01501870728
-0.01510535609
-0.0151332695
-0.01509295739
-0.01497485725
-0.01476960156
-0.01446836258
-0.01406326361
-0.01354749548
-0.01291532178
-0.01216350573
-0.01129246159
-0.01030581523
-0.009210945106
-0.008019416983
-0.006747259469
-0.005415076042
-0.004047945842
-0.002675066121
-0.001329099827
-4.520838885e-05
0.001140226807
0.002191159179
0.003073636653
0.003757656626
0.00421897286
0.004440687587
0.00441445703
0.00414115851
0.003630910351
0.002902355562
0.001981198042
0.0008988878102
-0.0003076639233
-0.001610383681
-0.003037431598
-0.004410441606
-0.00787587259
-0.008578948058
-0.009249735272
-0.00979923919
-0.01027489237
-0.01069232381
-0.01106138408
-0.01139271731
-0.01169633937
-0.01198110357
-0.0122546573
-0.01252343135
-0.01279265539
-0.01306640131
-0.01334763968
-0.01363829828
-0.01393931526
-0.01425068254
-0.01457147692
-0.01489987829
-0.01523317603
-0.01556776585
-0.0158991407
-0.01622188007
-0.01652964323
-0.01681517241
-0.01707031274
-0.01728605628
-0.01745261762
-0.01755954891
-0.01759590213
-0.0175504447
-0.01741193208
-0.01716945508
-0.01681288908
-0.0163332298
-0.0157224956
-0.01497489893
-0.01408848369
-0.01306481668
-0.01190953229
-0.01063293086
-0.009250412558
-0.007782744247
-0.006256105983
-0.00470185411
-0.003155946675
-0.00165799147
-0.000249901935
0.001025819094
0.002128103065
0.003019532667
0.003668588893
0.004051726306
0.004155055038
0.003975420312
0.003520713331
0.002809271905
0.001868324003
0.0007324693305
-0.0005567824515
-0.001967288896
-0.003529693767
-0.005043085159
-0.009239333557
-0.009950274845
-0.01062944446
-0.01118691982
-0.01167090915
-0.0120973843
-0.01247655293
-0.01281947194
-0.01313658004
-0.01343714638
-0.01372921824
-0.01401960365
-0.01431388309
-0.01461645072
-0.01493056979
-0.01525842985
-0.01560119789
-0.01595905809
-0.01633123735
-0.01671601562
-0.0171107219
-0.01751171835
-0.01791437587
-0.01831304616
-0.01870103587
-0.0190705895
-0.01941288846
-0.01971807452
-0.01997530604
-0.02017285621
-0.02029826215
-0.0203385335
-0.02028042593
-0.02011079282
-0.01981704781
-0.01938761221
-0.01881202587
-0.01808175392
-0.01719189891
-0.01614149939
-0.01493391901
-0.01357762651
-0.01208681612
-0.01048186075
-0.008789543512
-0.007042989424
-0.005281221607
-0.003548278796
-0.00189185389
-0.00036145095
0.0009938908681
0.002128195235
0.003001291124
0.00358146224
0.003847726101
0.00379146206
0.003417146031
0.002741974929
0.001794277453
0.0006118052415
-0.0007589270257
-0.002281173316
-0.003988133047
-0.005653568461
-0.01070140232
-0.01141917031
-0.01210582881
-0.01267061537
-0.01316238821
-0.01359739975
-0.01398618788
-0.01434021604
-0.0146703576
-0.01498632445
-0.01529660215
-0.01560842273
-0.01592776978
-0.01625941584
-0.01660697512
-0.0169729586
-0.0173588224
-0.0177650035
-0.01819093929
-0.01863506975
-0.0190948226
-0.01956658398
-0.02004565803
-0.02052622057
-0.02100127278
-0.02146260199
-0.0219007578
-0.02230505218
-0.02266359326
-0.02296336284
-0.02319034811
-0.02332973772
-0.02336619073
-0.02328418998
-0.02306850378
-0.02270469018
-0.02217947979
-0.02148140183
-0.02060213869
-0.01953770138
-0.01828862257
-0.01686091891
-0.01526691962
-0.01352593455
-0.01166471067
-0.00971758355
-0.00772622592
-0.005738901873
-0.003809154933
-0.001993894534
-0.0003509023836
0.001064145525
0.00220095877
0.003017945702
0.003485222367
0.003586951821
0.003322672754
0.002707296698
0.001769583872
0.0005502816015
-0.0008987405671
-0.002535559412
-0.004395998897
-0.006225424071
-0.01226166558
-0.01298548767
-0.01367897116
-0.01425052881
-0.01474954556
-0.01519248863
-0.01559019871
-0.01595454432
-0.01629685405
-0.01662732062
-0.01695491878
-0.01728736393
-0.01763110746
-0.01799136762
-0.01837217799
-0.01877643932
-0.01920596449
-0.01966151002
-0.02014278949
-0.02064846741
-0.02117613351
-0.02172225969
-0.02228214321
-0.02284984129
-0.02341810333
-0.02397830842
-0.02452041666
-0.02503294381
-0.0255029698
-0.02591619227
-0.02625703662
-0.02650883469
-0.02665408263
-0.02667479022
-0.02655293917
-0.0262710261
-0.02581260724
-0.02516300309
-0.02431019506
-0.02324663866
-0.02196946312
-0.02048158032
-0.01879273265
-0.0169204001
-0.01489051815
-0.01273790093
-0.01050624885
-0.008247618951
-0.00602124762
-0.003891648087
-0.001925962593
-0.0001906342951
0.001252429138
0.002349910528
0.003060960372
0.003360434404
0.003241027466
0.002713843381
0.00180708397
0.0005641140485
-0.0009575927701
-0.00271037581
-0.004732720757
-0.006738220432
-0.01391935437
-0.0146488366
-0.01534878028
-0.01592672163
-0.01643245639
-0.01688259751
-0.01728826201
-0.01766173
-0.01801481832
-0.01835825388
-0.0187015678
-0.01905303455
-0.01941965316
-0.01980716849
-0.02022011345
-0.02066185636
-0.02113464214
-0.02163961931
-0.02217684761
-0.02274528378
-0.02334274524
-0.02396585354
-0.02460996115
-0.02526906681
-0.02593572594
-0.02660096396
-0.02725420179
-0.02788320349
-0.02847405732
-0.02901120249
-0.0294775141
-0.02985445968
-0.03012234016
-0.03026062893
-0.03024842593
-0.03006501421
-0.02969045585
-0.02910658175
-0.0282975342
-0.0272516553
-0.02596213233
-0.02442812112
-0.02265602212
-0.02066064607
-0.01846622376
-0.01610714879
-0.01362831262
-0.0110848784
-0.008541340909
-0.006069742347
-0.003746967849
-0.001651134608
0.0001427848833
0.001567813464
0.00256984704
0.003111995402
0.003177774486
0.002772508695
0.001922446336
0.0006728852529
-0.0009130161655
-0.002781326025
-0.004973238792
-0.00716688118
-0.01567344915
-0.01640866579
-0.01711509152
-0.01769922261
-0.01821116244
-0.01866760037
-0.01907990748
-0.01946079431
-0.0198226168
-0.02017670998
-0.02053325003
-0.02090116693
-0.02128810601
-0.02170043597
-0.0221432824
-0.02262056954
-0.0231350572
-0.02368836363
-0.02428096774
-0.02491218759
-0.0255801342
-0.02628164214
-0.02701218055
-0.02776574955
-0.02853476899
-0.02930996761
-0.03008028213
-0.03083277703
-0.03155259691
-0.03222296432
-0.03282523685
-0.03333903783
-0.03374247504
-0.0340124634
-0.03412516987
-0.03405656425
-0.03378302335
-0.03328254366
-0.03253539094
-0.03152532008
-0.0302410827
-0.02867745766
-0.02683675036
-0.02473022608
-0.02237943143
-0.01981729636
-0.01708886027
-0.01425143963
-0.01137403994
-0.008535821921
-0.005823474096
-0.003327432305
-0.001137026595
0.0006651777422
0.002009368609
0.002844141651
0.003141042122
0.002897125116
0.002134790909
0.0009001834191
-0.0007380206986
-0.002719184581
-0.005087266563
-0.007480907481
-0.0175227604
-0.01826439929
-0.0189778118
-0.01956817347
-0.02008581263
-0.02054742781
-0.02096463005
-0.02135059786
-0.02171830205
-0.02207978743
-0.02244599207
-0.02282662427
-0.02323009778
-0.02366352199
-0.02413272411
-0.02464228406
-0.02519556723
-0.02579474361
-0.02644078593
-0.02713344194
-0.02787117968
-0.02865110662
-0.02946886589
-0.03031851493
-0.03119239327
-0.0320809881
-0.03297280734
-0.03385427148
-0.03470963666
-0.03552096263
-0.03626814005
-0.03692899258
-0.03747946931
-0.03789394475
-0.03814564715
-0.03820720337
-0.03805124395
-0.03765157689
-0.03698450769
-0.03602898484
-0.03476887832
-0.03319402677
-0.03130192925
-0.02909943665
-0.02660439071
-0.02384711082
-0.02087156377
-0.01773601032
-0.01451288929
-0.01128768516
-0.008156547073
-0.005222502366
-0.002590251868
-0.0003597491611
0.00138096436
0.002562924743
0.003142454585
0.003105274019
0.002467444518
0.00127435183
-0.0004003296533
-0.002488979797
-0.005038435418
-0.007643505762
-0.0194660969
-0.02021559422
-0.0209370978
-0.0215340134
-0.02205684127
-0.02252222964
-0.02294203045
-0.0233299552
-0.0236996999
-0.02406415812
-0.02443518316
-0.02482341801
-0.02523819593
-0.02568750735
-0.02617800788
-0.0267150455
-0.02730268931
-0.02794374648
-0.0286397577
-0.02939096551
-0.03019625297
-0.0310530532
-0.03195723278
-0.0329029542
-0.03388252429
-0.03488623742
-0.03590222363
-0.0369163133
-0.03791193145
-0.03887003558
-0.0397691126
-0.0405852506
-0.04129230219
-0.04186215706
-0.04226514719
-0.04247058685
-0.04244736974
-0.0421649179
-0.04159536684
-0.04071290124
-0.03949613246
-0.03792949657
-0.03600506134
-0.03372445262
-0.03110080149
-0.02816062322
-0.02494546507
-0.02151310287
-0.0179380122
-0.01431079807
-0.0107362587
-0.007329807985
-0.004212113562
-0.0015020397
0.0006916899991
0.002279324078
0.00319828329
0.003419275633
0.002948842686
0.001829365545
0.0001385201445
-0.002049074604
-0.004783347522
-0.007610610292
-0.02150243079
-0.0222621641
-0.02299359324
-0.02359771524
-0.02412519198
-0.02459257659
-0.02501198731
-0.02539777354
-0.02576451444
-0.02612614081
-0.02649562198
-0.02688473422
-0.02730391675
-0.02776220927
-0.02826724293
-0.02882525935
-0.02944113657
-0.03011840583
-0.03085924724
-0.03166445679
-0.03253338142
-0.03346382165
-0.03445190477
-0.03549193343
-0.03657621693
-0.03769489404
-0.03883575806
-0.03998409593
-0.04112255493
-0.04223105152
-0.043286738
-0.04426404373
-0.04513480791
-0.04586852184
-0.04643270586
-0.046793436
-0.04691592722
-0.04676526765
-0.04630907068
-0.04551699639
-0.04436213602
-0.04282319608
-0.0408863148
-0.03854719247
-0.03581332121
-0.03270624199
-0.02926368094
-0.02554134353
-0.02161407024
-0.01757598482
-0.01353921833
-0.009630799828
-0.005987405116
-0.002747883223
-4.384980419e-05
0.00201088983
0.003330828848
0.003867373413
0.003613594901
0.00260584835
0.000924189423
-0.001350124271
-0.0042705017
-0.007329793802
-0.02363116098
-0.02440464888
-0.02514872278
-0.02576108061
-0.02629259517
-0.02675970667
-0.02717486399
-0.02755321639
-0.02791044931
-0.02826178485
-0.02862156982
-0.02900296511
-0.02941774511
-0.02987619941
-0.03038710433
-0.03095773414
-0.03159388668
-0.0322999034
-0.03307866907
-0.03393158167
-0.03485848756
-0.03585758098
-0.03692527034
-0.0380560161
-0.03924214775
-0.0404736691
-0.04173806258
-0.04302010526
-0.04430171004
-0.04556180723
-0.04677628244
-0.04791798797
-0.04895684489
-0.04986005403
-0.05059244011
-0.05111695226
-0.05139524191
-0.05138830978
-0.05105888326
-0.05037233
-0.04929621621
-0.04780332747
-0.04587352566
-0.04349604055
-0.04067193596
-0.03741670841
-0.03376289397
-0.02976247585
-0.02548879153
-0.02103753505
-0.01652635563
-0.01209250563
-0.007888035527
-0.004072228349
-0.0008013522154
0.001783623751
0.003570031486
0.004485121624
0.004503724459
0.003652241773
0.002010698543
-0.0003338979141
-0.003439099382
-0.006739062567
-0.02585240673
-0.02664457444
-0.02740507193
-0.02802711169
-0.02856191118
-0.02902582392
-0.02943175359
-0.02979589227
-0.0301353432
-0.0304669598
-0.03080680518
-0.03116974084
-0.03156915629
-0.03201682839
-0.03252287202
-0.0330957457
-0.03374228103
-0.03446771128
-0.03527568074
-0.03616822287
-0.03714570085
-0.03820670851
-0.03934793397
-0.04056399073
-0.04184722387
-0.04318750101
-0.04457199911
-0.04598500019
-0.04740770992
-0.04881811443
-0.05019089178
-0.05149739523
-0.05270572601
-0.05378091339
-0.05468522438
-0.05537863155
-0.05581939682
-0.05596466567
-0.05577219931
-0.05520314119
-0.05421978544
-0.05278895105
-0.05088404871
-0.04848748293
-0.04559329275
-0.0422100346
-0.03836381276
-0.03410127853
-0.0294923142
-0.02463198562
-0.01964120589
-0.01466543562
-0.009870710388
-0.005436409508
-0.001544541911
0.001634046865
0.003955288562
0.005316972399
0.005670089614
0.00502614082
0.003461738385
0.001068039729
-0.002217707456
-0.005765515253
-0.02816742579
-0.02898490247
-0.02976686471
-0.03040047675
-0.0309375531
-0.03139445865
-0.03178476633
-0.03212606806
-0.03243731566
-0.03273744574
-0.0330446734
-0.03337595512
-0.03374663417
-0.0341702521
-0.03465847937
-0.03522112012
-0.03586615238
-0.03659977296
-0.03742642421
-0.03834878777
-0.03936773691
-0.04048224495
-0.04168925124
-0.04298349011
-0.04435729036
-0.04580035569
-0.04729953757
-0.04883861403
-0.05039808881
-0.05195502665
-0.05348294116
-0.05495175276
-0.05632783415
-0.05757416131
-0.05865058975
-0.05951428778
-0.06012032039
-0.06042221091
-0.06037300529
-0.05992941304
-0.05904899092
-0.05769266213
-0.05582739629
-0.05342862731
-0.05048300356
-0.04699148283
-0.04297271294
-0.03846656246
-0.03353755688
-0.02827782315
-0.02280895975
-0.01728205967
-0.01187497724
-0.006785942376
-0.002222905455
0.001611368804
0.004537433483
0.006418045491
0.007173987234
0.00679580207
0.00535215251
0.002935829766
-0.0005227565646
-0.004323861756
-0.03057912141
-0.03143062013
-0.03224057925
-0.03288809776
-0.03342600943
-0.033870901
-0.03423736381
-0.03454490601
-0.03481491839
-0.03506901654
-0.03532812327
-0.03561177702
-0.03593767911
-0.0363214545
-0.036776567
-0.03731433197
-0.03794397817
-0.03867272002
-0.0395058124
-0.04044656941
-0.0414963369
-0.04265441526
-0.04391793403
-0.04528168365
-0.04673791308
-0.04827610361
-0.04988273167
-0.05154103428
-0.05323079226
-0.0549281472
-0.05660546925
-0.05823129266
-0.059770337
-0.06118363125
-0.06242875979
-0.06346025997
-0.06423018598
-0.06468866642
-0.06478461293
-0.06446984882
-0.06369781092
-0.06242380005
-0.0606085175
-0.05822048222
-0.05523883124
-0.05165654276
-0.04748407337
-0.04275332551
-0.03752176027
-0.03187630943
-0.02593652179
-0.0198561197
-0.01382189201
-0.008048713359
-0.002769611701
0.00177963539
0.00538080226
0.007856044387
0.009088927806
0.009041839656
0.00776961707
0.005362998774
0.001743144842
-0.002314756131
-0.033092736
-0.03398950211
-0.03483573857
-0.03549989507
-0.03603649161
-0.03646272248
-0.03679474513
-0.03705472182
-0.03726728462
-0.03745750693
-0.03764972067
-0.03786663978
-0.03812879795
-0.03845426112
-0.03885853785
-0.03935461494
-0.03995305696
-0.04066212157
-0.04148785631
-0.04243415446
-0.04350275787
-0.04469320257
-0.0460027087
-0.04742602105
-0.04895520927
-0.05057943962
-0.05228473132
-0.05405371228
-0.05586538971
-0.0576949521
-0.05951362015
-0.0612885636
-0.06298290083
-0.06455579917
-0.06596269385
-0.06715565121
-0.06808390004
-0.06869440876
-0.06893247185
-0.06874488734
-0.06808133508
-0.06689195542
-0.06513149147
-0.06276178235
-0.05975456822
-0.05609475619
-0.05178421013
-0.04684603536
-0.04132924668
-0.03531355518
-0.02891377295
-0.02228302194
-0.01561357155
-0.009133817831
-0.003099835335
0.002219690724
0.006565280007
0.009713261846
0.01150256584
0.01185910907
0.01081653014
0.008458402943
0.004693149318
0.0003770787389
-0.03571674647
-0.03667311926
-0.03756594278
-0.03824973954
-0.03878174086
-0.03918040383
-0.03946429012
-0.03965925962
-0.03979426655
-0.03989885042
-0.04000162651
-0.04012919553
-0.04030546741
-0.04055133678
-0.04088460882
-0.04132008123
-0.04186970473
-0.04254276259
-0.04334602761
-0.04428387009
-0.04535830301
-0.0465689599
-0.04791300779
-0.04938500224
-0.05097669527
-0.05267680875
-0.05447078802
-0.05634055117
-0.05826424983
-0.06021605899
-0.06216601453
-0.06407991431
-0.06591929917
-0.0676415319
-0.0691999929
-0.07054441271
-0.07162137019
-0.07237489703
-0.07274701007
-0.07267970565
-0.07211904831
-0.07101053638
-0.0693033713
-0.06695308754
-0.06392434112
-0.06019414371
-0.05575570346
-0.05062289556
-0.04483533131
-0.03846386618
-0.03161615277
-0.02444150481
-0.01713388237
-0.009931315538
-0.003109734133
0.003030749688
0.008188184562
0.01208859114
0.01451874927
0.0153587974
0.01461217843
0.01234844575
0.008458403288
0.003885032403
-0.03846408887
-0.03949818405
-0.04045022757
-0.04115667975
-0.04167903854
-0.04203809127
-0.04225606369
-0.04236397536
-0.04239654583
-0.04238907112
-0.04237552278
-0.04238722254
-0.04245206055
-0.04259416037
-0.04283385417
-0.04318784637
-0.04366946762
-0.04428894661
-0.04505365
-0.04596826061
-0.04703487877
-0.04825304289
-0.04961967316
-0.05112894704
-0.05277211911
-0.0545372998
-0.05640920894
-0.0583689216
-0.06039362087
-0.06245637738
-0.0645259765
-0.06656680705
-0.068538825
-0.07039761296
-0.0720945559
-0.07357714866
-0.07478946307
-0.07567276431
-0.07616603582
-0.07620701901
-0.07573786092
-0.07470012377
-0.07303789048
-0.07070085076
-0.06764702657
-0.0638459217
-0.05928232688
-0.053960848
-0.04791120692
-0.04119427456
-0.03390857968
-0.02619670616
-0.01825047706
-0.01031316872
-0.002676355624
0.004331336226
0.01036580128
0.01509942874
0.01825964587
0.01967071855
0.01929520036
0.01717972646
0.01319072935
0.008363178006
-0.04135381901
-0.04248837175
-0.043514874
-0.04424653752
-0.04475147743
-0.04505450616
-0.04518338176
-0.04517631378
-0.04507569447
-0.04492420514
-0.04476246484
-0.0446274668
-0.04455172292
-0.04456296711
-0.04468423376
-0.04493415365
-0.04532734561
-0.04587481617
-0.04658431055
-0.04746058176
-0.04850556335
-0.04971844345
-0.05109564674
-0.05263073541
-0.05431424467
-0.05613346894
-0.05807221738
-0.06011055858
-0.06222456542
-0.06438608417
-0.06656255557
-0.06871689403
-0.07080743348
-0.07278796637
-0.07460790345
-0.07621256189
-0.0775436029
-0.07853963296
-0.07913675918
-0.079269223
-0.07887466299
-0.07789137839
-0.07625877154
-0.07392116844
-0.07083046632
-0.06694917944
-0.06225414507
-0.0567409972
-0.05042953386
-0.04337006475
-0.0356506243
-0.02740466691
-0.018818334
-0.0101356101
-0.001658766504
0.006259301253
0.01323433633
0.01888331348
0.02286787163
0.02494583901
0.02502647925
0.02312219205
0.01906588057
0.01398944583
-0.04441343128
-0.04567682458
-0.04679584854
-0.04755399922
-0.04802956627
-0.04825403363
-0.04826343085
-0.04810595106
-0.04783415007
-0.04750011535
-0.04715262786
-0.04683539274
-0.04658617914
-0.04643664427
-0.04641259555
-0.04653448945
-0.0468180179
-0.04727468031
-0.04791227777
-0.04873529634
-0.04974516655
-0.05094040113
-0.05231662168
-0.05386648869
-0.05557955474
-0.05744205847
-0.05943668224
-0.06154229941
-0.0637337067
-0.0659813793
-0.06825129289
-0.07050479929
-0.07269854915
-0.07478450378
-0.07671008362
-0.07841844417
-0.07984888514
-0.08093742365
-0.08161739182
-0.0818199831
-0.08147821181
-0.08052731898
-0.07890243844
-0.07654298167
-0.07339521797
-0.06941522564
-0.06457246926
-0.05885413576
-0.05227042891
-0.04486103603
-0.03670276585
-0.02791822301
-0.01868489151
-0.009243161147
9.928677159e-05
0.008970585178
0.01694998976
0.02359909071
0.02850852682
0.03135903218
0.03199252762
0.03037308273
0.02628769838
0.02096964724
-0.04768213589
-0.04910963629
-0.05034212576
-0.05112537356
-0.05155325432
-0.05166800882
-0.05151791454
-0.05116495232
-0.05067504684
-0.05011214339
-0.04953489946
-0.0489948041
-0.04853543979
-0.04819255655
-0.04799463294
-0.04796367169
-0.04811605292
-0.04846333058
-0.04901290589
-0.04976854806
-0.05073075533
-0.05189696396
-0.05326162428
-0.05481615991
-0.05654883932
-0.05844457317
-0.06048467105
-0.06264660484
-0.06490371569
-0.06722493724
-0.0695746346
-0.07191249535
-0.07419341787
-0.07636746925
-0.07838003018
-0.08017207214
-0.08168053951
-0.08283889154
-0.0835777365
-0.08382536659
-0.08351035197
-0.08256481985
-0.08091990739
-0.07851047718
-0.07527758117
-0.07117133951
-0.06615439307
-0.0602060792
-0.05332756384
-0.04554824102
-0.03693352898
-0.02759418324
-0.01769681333
-0.007474492948
0.002764860197
0.01263632752
0.02168776386
0.02942730378
0.03537097273
0.03911207964
0.04040959949
0.03916190861
0.03509351897
0.02954283439
-0.05121558348
-0.05285078583
-0.05422026525
-0.05502224533
-0.0553744725
-0.0553361982
-0.05497366303
-0.05436775154
-0.05360180404
-0.05275450854
-0.05189624163
-0.05108727268
-0.05037735875
-0.0498062611
-0.04940476264
-0.04919588068
-0.0491960726
-0.04941631516
-0.04986299345
-0.05053858059
-0.05144211103
-0.05256946359
-0.05391348818
-0.05546398683
-0.05720760671
-0.05912763159
-0.06120372033
-0.06341174011
-0.06572341394
-0.0681059501
-0.07052196902
-0.0729294217
-0.07528135263
-0.07752580631
-0.07960602905
-0.08146074954
-0.08302452287
-0.08422823565
-0.08499975454
-0.08526447167
-0.08494670007
-0.08397533283
-0.08227778146
-0.07978460298
-0.07643173512
-0.07216361618
-0.06693648484
-0.06072238573
-0.05351401064
-0.04533090955
-0.03622728938
-0.02630168613
-0.01570841207
-0.004670320235
0.006509077712
0.01743783891
0.02763848878
0.0365693769
0.04367009662
0.04843687196
0.05052867562
0.04975700981
0.04576154878
0.03998867028
-0.05509281719
-0.05698920979
-0.05852076675
-0.05932631767
-0.05956027844
-0.05930841949
-0.05866306901
-0.05773078641
-0.05661730591
-0.05541930505
-0.05422069722
-0.05309127321
-0.05208695829
-0.05125104311
-0.05061586399
-0.05020457874
-0.05003282104
-0.05011012257
-0.05044104947
-0.05102605511
-0.0518620692
-0.05294284475
-0.05425914113
-0.05579870475
-0.05754620942
-0.05948304582
-0.06158703933
-0.06383230699
-0.06618871206
-0.0686215031
-0.07109132741
-0.07355410688
-0.07596086071
-0.07825761706
-0.08038551883
-0.0822810544
-0.08387638208
-0.08509981075
-0.08587644744
-0.08612878541
-0.08577740545
-0.0847471804
-0.08296144655
-0.08034631774
-0.07683288474
-0.07235990326
-0.06687786962
-0.06035233748
-0.05276743765
-0.04413299123
-0.03449229178
-0.02393150679
-0.01259173855
-0.0006835612751
0.01149774136
0.02355882163
0.03500336055
0.04524493386
0.05364660626
0.05959870215
0.06264167724
0.06247429664
0.05862111807
0.05263800052
-0.05942671441
-0.06164911712
-0.06336696827
-0.06414580342
-0.0641966407
-0.06364612874
-0.06262407739
-0.06127148935
-0.05972239136
-0.0580948538
-0.05648783837
-0.05498085928
-0.05363538719
-0.05249716045
-0.05159878397
-0.05096223461
-0.05060106161
-0.05052220536
-0.05072739891
-0.05121419073
-0.05197664898
-0.0530057437
-0.0542896476
-0.05581374776
-0.05756052288
-0.05950919663
-0.06163527814
-0.06391052856
-0.06630266979
-0.06877498515
-0.07128615415
-0.07379006848
-0.07623566263
-0.07856684697
-0.08072257657
-0.08263703298
-0.08423991963
-0.0854569107
-0.08621027117
-0.08641947955
-0.08600175558
-0.08487747222
-0.08296628364
-0.08018966318
-0.07647363342
-0.07175136455
-0.06596630651
-0.05907609281
-0.05105671222
-0.04190983002
-0.0316686188
-0.02040574253
-0.008247993376
0.004608120381
0.01787875194
0.03117401844
0.04398499767
0.05568625126
0.06556558488
0.07289930718
0.07708910655
0.07768923286
0.07406746227
0.06788848385
-0.0643800809
-0.06700524319
-0.06892755517
-0.06962375116
-0.06939274246
-0.06842356637
-0.0668992054
-0.06500610725
-0.06291318013
-0.06076300914
-0.05867033222
-0.05672362003
-0.05498830285
-0.05351062696
-0.0523214673
-0.05143973402
-0.05087519884
-0.05063074353
-0.05070401752
-0.05108860995
-0.05177492469
-0.0527506565
-0.05400105194
-0.05550860536
-0.05725278205
-0.059210026
-0.06135344149
-0.06365248975
-0.06607265097
-0.06857508094
-0.07111636127
-0.07364827441
-0.07611762813
-0.07846617307
-0.08063063299
-0.08254284622
-0.0841300274
-0.08531517656
-0.08601765522
-0.08615381302
-0.08563750373
-0.08438443065
-0.08231019605
-0.07933135381
-0.07536855534
-0.07034896639
-0.06420927671
-0.05689928769
-0.04838610884
-0.03865977104
-0.0277404426
-0.01568927341
-0.002620066516
0.01128781251
0.02576605916
0.04043327793
0.05477360313
0.06812831108
0.07971195588
0.08867891684
0.09426939077
0.09585332664
0.09258336181
0.08622849133
-0.07019110523
-0.07330578848
-0.07543416498
-0.07594860284
-0.07528531753
-0.07372759045
-0.0715326199
-0.06894543664
-0.06617645256
-0.06339478515
-0.06073012249
-0.05827752769
-0.05610337545
-0.05425130059
-0.05274752725
-0.05160532419
-0.0508284799
-0.05041400029
-0.05035400415
-0.05063714761
-0.051249522
-0.05217478521
-0.05339416787
-0.05488652072
-0.05662820135
-0.05859280245
-0.06075080684
-0.06306922265
-0.06551120175
-0.06803567885
-0.07059707001
-0.0731450159
-0.07562418508
-0.07797416322
-0.08012944399
-0.0820195298
-0.08356915284
-0.08469863697
-0.08532441944
-0.08535965454
-0.08471472705
-0.0833007058
-0.08102867157
-0.07780989721
-0.07355918257
-0.0681969677
-0.0616522393
-0.05386590161
-0.04479487995
-0.03441744427
-0.02274009117
-0.009806834182
0.004288377153
0.01938147925
0.03522031442
0.05144035678
0.06752642052
0.08279208665
0.09638056592
0.1073156722
0.1146495674
0.1175168577
0.1147714433
0.1082745891
-0.07721488763
-0.08090741812
-0.08320599065
-0.08336685508
-0.08204171877
-0.07965444146
-0.07656350958
-0.07308692692
-0.06948182533
-0.0659433269
-0.06261249698
-0.05958614276
-0.05692653124
-0.05466999906
-0.05283403763
-0.05142289497
-0.05043161059
-0.04984933226
-0.04966129204
-0.04985004443
-0.05039598634
-0.05127756112
-0.05247162146
-0.05395320946
-0.05569531077
-0.05766848967
-0.05984047104
-0.06217571441
-0.06463499168
-0.06717498956
-0.06974796208
-0.07230143696
-0.07477798754
-0.07711508731
-0.07924506089
-0.08109514121
-0.08258764362
-0.08364027301
-0.08416658155
-0.08407652515
-0.08327695508
-0.08167437361
-0.07917495762
-0.07568431741
-0.07111084929
-0.06536745643
-0.05837427275
-0.05006179017
-0.040374697
-0.02927685015
-0.01675780887
-0.002841817084
0.01239969266
0.02882987923
0.0462222301
0.06422598576
0.08233888623
0.09985767579
0.1158569271
0.1292191593
0.1387760878
0.1433597326
0.1414030395
0.1348322098
-0.08599339715
-0.09032945957
-0.09268353863
-0.09219650802
-0.08985873151
-0.08630005038
-0.0820126525
-0.0774006174
-0.07276879584
-0.06833284257
-0.06423709627
-0.06057155974
-0.05738653488
-0.05470435691
-0.05252831038
-0.05084948372
-0.04965120519
-0.04891254562
-0.04860988787
-0.04871777813
-0.04920993254
-0.05005926659
-0.05123787877
-0.05271673687
-0.05446527173
-0.05645090715
-0.05863856082
-0.06099014587
-0.06346409089
-0.06601489436
-0.06859273079
-0.07114311685
-0.0736066466
-0.07591880849
-0.07800989469
-0.07980501218
-0.0812242047
-0.08218269863
-0.08259128729
-0.08235681755
-0.08138263123
-0.07957080162
-0.07682233475
-0.0730368901
-0.0681159256
-0.061963975
-0.05449106937
-0.04561549862
-0.03526720172
-0.02339218956
-0.009958501492
0.005035378979
0.02154831545
0.03947829973
0.05863616043
0.07870827213
0.09920535731
0.1194237264
0.1383824217
0.1548119321
0.1672824429
0.1742331338
0.1734942731
0.1669979076
-0.09737697366
-0.102338557
-0.1044729649
-0.1028370352
-0.09895078109
-0.09373760714
-0.08785695093
-0.0818050006
-0.07592597659
-0.07044180457
-0.06548488633
-0.06112454015
-0.05738757931
-0.0542732806
-0.05176412093
-0.0498331869
-0.0484484931
-0.04757590379
-0.04718078375
-0.04722885477
-0.0476865119
-0.04852067758
-0.04969844627
-0.05118657299
-0.05295089849
-0.05495574418
-0.05716330668
-0.05953307335
-0.06202127405
-0.06458038064
-0.06715866541
-0.06969982521
-0.07214267848
-0.07442094333
-0.07646310491
-0.07819237884
-0.07952677829
-0.08037929362
-0.08065819565
-0.08026743373
-0.07910699721
-0.07707476733
-0.07406649676
-0.06997580054
-0.06469679945
-0.05812494098
-0.05015896432
-0.04070311117
-0.02966982576
-0.01698332804
-0.002584577893
0.01356142652
0.03145446607
0.0510414785
0.07218910582
0.09464164725
0.1179597015
0.1414495863
0.1640964119
0.1844882198
0.2008851408
0.2112105918
0.2124208691
0.2063327689
-0.1127405624
-0.1180807339
-0.1193981589
-0.1157643974
-0.1095144928
-0.1019711536
-0.09398364232
-0.08612738289
-0.07875936878
-0.07207876469
-0.06618031465
-0.06109154893
-0.0568002556
-0.05327149323
-0.05045862242
-0.04831072208
-0.04677611135
-0.04580518513
-0.0453510363
-0.04536969483
-0.0458198412
-0.04666221982
-0.04785892311
-0.04937261045
-0.05116572023
-0.05319970114
-0.05543428162
-0.05782678997
-0.0603315325
-0.06289923555
-0.06547655616
-0.06800566543
-0.07042390798
-0.07266354286
-0.07465156999
-0.07630964744
-0.07755410286
-0.0782960455
-0.07844158345
-0.07789212119
-0.07654461667
-0.07429312458
-0.07102831855
-0.06663795029
-0.06100866881
-0.05402641077
-0.0455777401
-0.03555128142
-0.02383942328
-0.01034062026
0.005037234971
0.02237146004
0.0417156105
0.06308401746
0.08642530296
0.1115780264
0.1381997709
0.1656651712
0.1929470113
0.2185313752
0.2403440525
0.2556282969
0.2600692906
0.2551392206
-0.1343895623
-0.1392884843
-0.1385438421
-0.1314823632
-0.1216432103
-0.1108456155
-0.1001117227
-0.09004170703
-0.08094616573
-0.07294931506
-0.06606859879
-0.06026126979
-0.05545496601
-0.05156634993
-0.04850984851
-0.04620494215
-0.04457746594
-0.04356054371
-0.04309421255
-0.043124576
-0.04360271289
-0.04448349828
-0.04572443858
-0.0472845594
-0.04912337066
-0.05119991675
-0.05347191323
-0.05589496926
-0.05842189322
-0.06100207973
-0.06358097665
-0.06609963187
-0.06849431969
-0.07069624854
-0.07263135114
-0.07422015897
-0.07537776155
-0.07601385224
-0.07603286003
-0.07533414137
-0.07381211915
-0.07135754165
-0.06785649561
-0.0631913678
-0.05724158633
-0.04988362768
-0.04099157846
-0.03043756019
-0.01809210694
-0.003824700415
0.01249520311
0.03099590494
0.05179843331
0.07500581937
0.1006814061
0.1288072536
0.1592090721
0.1914304608
0.2245441835
0.2569610406
0.2863439064
0.3090934347
0.3190767032
0.3169733338
-0.1663919768
-0.1686140433
-0.163246437
-0.1503726907
-0.1351457338
-0.1198831591
-0.1056633913
-0.09297536722
-0.08197145411
-0.07261920445
-0.06479890735
-0.05835850209
-0.05313990724
-0.04899674419
-0.04579764168
-0.04342824816
-0.04179014104
-0.04079896719
-0.04038218086
-0.04047678853
-0.0410272465
-0.04198356416
-0.04329962725
-0.04493172457
-0.04683725919
-0.04897361986
-0.05129719333
-0.05376249826
-0.05632142918
-0.05892259763
-0.0615107657
-0.06402636408
-0.06640509426
-0.06857760958
-0.07046927727
-0.07200001606
-0.07308421102
-0.07363069822
-0.07354281807
-0.0727185037
-0.0710503043
-0.06842633949
-0.06472896939
-0.05983601786
-0.05362042492
-0.04594989755
-0.03668659095
-0.0256863501
-0.01279748643
0.002140919453
0.01930111294
0.03886877892
0.06104411386
0.08603941597
0.1140680473
0.1453146986
0.1798688852
0.2175917343
0.2578728537
0.2992684417
0.339262132
0.3734841983
0.3934125743
0.3979691655
-0.2160875207
-0.2100755197
-0.1949500451
-0.1723733916
-0.1492241001
-0.1280243551
-0.1095818612
-0.09400247002
-0.08108089787
-0.07050106614
-0.06192630449
-0.05505131806
-0.04961205639
-0.04538813189
-0.04219822225
-0.03989422216
-0.03835509669
-0.03748137315
-0.03719041824
-0.03741251399
-0.03808763243
-0.03916278882
-0.04058986375
-0.04232379815
-0.04432108467
-0.04653849496
-0.04893199687
-0.05145582731
-0.05406169522
-0.05669809684
-0.05930972966
-0.0618369969
-0.06421559509
-0.06637618108
-0.06824411368
-0.06973926663
-0.07077590659
-0.07126263024
-0.07110234826
-0.07019228408
-0.06842391774
-0.0656835071
-0.06185096206
-0.05680056374
-0.05040002526
-0.04250971843
-0.03298145672
-0.02165651373
-0.008362674565
0.007089968965
0.02491481031
0.04535634827
0.06869952689
0.09527971243
0.1254898698
0.1597763045
0.1986037625
0.2423500678
0.2910564938
0.3439543608
0.3987950487
0.4506872707
0.4886368775
0.5085516033
-0.2956271076
-0.2690171841
-0.2344381163
-0.1961936622
-0.1618706801
-0.1332607239
-0.110166445
-0.09180766294
-0.07730680106
-0.06590147058
-0.05696704046
-0.0500108959
-0.04465171752
-0.0405964641
-0.03761948027
-0.03554594453
-0.03423905113
-0.03359027079
-0.03351199684
-0.03393199256
-0.03478916208
-0.03603029202
-0.03760750234
-0.03947622194
-0.04159355042
-0.04391691444
-0.04640294551
-0.04900653639
-0.05168003629
-0.0543725674
-0.05702943958
-0.05959165881
-0.06199551367
-0.06417224158
-0.06604776111
-0.06754247298
-0.06857111342
-0.06904265898
-0.06886025734
-0.06792115177
-0.06611660746
-0.0633319769
-0.05944605311
-0.0543308513
-0.04785059573
-0.03986047023
-0.03020462027
-0.01871309574
-0.005197312903
0.0105565651
0.02879717547
0.04982152831
0.07399396737
0.1017718824
0.1337387126
0.1706415411
0.2134211636
0.2631979223
0.3211253327
0.3879558959
0.4629731231
0.5411511923
0.6088614723
0.6595254659
-0.4299727057
-0.3512046055
-0.2779229855
-0.216357537
-0.1681493096
-0.1317784876
-0.1047376451
-0.0845909489
-0.06947619472
-0.0580792149
-0.04946353944
-0.04296118095
-0.0380971304
-0.03453054184
-0.03201294816
-0.03036021192
-0.02943332208
-0.02912506092
-0.0293507013
-0.03004142915
-0.0311395993
-0.03259523575
-0.03436339217
-0.03640210983
-0.03867080232
-0.0411289459
-0.04373500066
-0.04644550367
-0.0492143031
-0.05199190253
-0.05472490497
-0.05735553842
-0.05982126179
-0.06205443765
-0.06398207363
-0.06552561824
-0.06660081072
-0.06711756495
-0.06697987617
-0.06608568813
-0.06432687163
-0.06158900439
-0.05775086706
-0.05268377686
-0.04625056532
-0.03830397384
-0.02868416353
-0.01721494634
-0.00369815601
0.01209472984
0.03043503572
0.05165541869
0.07617753374
0.1045534207
0.1375272001
0.1761255804
0.2217846072
0.2765072829
0.3430075615
0.4246809762
0.5245622441
0.640536273
0.7585685939
0.8704065625
-0.7281470799
-0.4669759888
-0.30708132
-0.2167294026
-0.1565806891
-0.1157265342
-0.08823385458
-0.06917898545
-0.05558156182
-0.04573417204
-0.03854352042
-0.03328701036
-0.02948823861
-0.02682523993
-0.02507311323
-0.02407043483
-0.02369815023
-0.02386577253
-0.02450229194
-0.0255500494
-0.02696046562
-0.02869096511
-0.03070268952
-0.03295874132
-0.03542279263
-0.03805795271
-0.04082582516
-0.04368570903
-0.04659391456
-0.04950317349
-0.05236213183
-0.05511491585
-0.05770076655
-0.06005373685
-0.06210244846
-0.06376990152
-0.06497333076
-0.06562409499
-0.06562758124
-0.06488309223
-0.06328387275
-0.06071674525
-0.05706160465
-0.05219082162
-0.04596820513
-0.03824733876
-0.02886903436
-0.01765747673
-0.004414418529
0.01108955842
0.0291282654
0.05004013184
0.07425962911
0.1023670575
0.1351691567
0.1738323795
0.2201065139
0.276702538
0.3479331562
0.4407031822
0.5651826192
0.734011584
0.9693891455
1.296595608
-1.422466284
-0.6429337345
-0.3265131489
-0.2069383467
-0.1344452839
-0.09006830237
-0.06437991864
-0.04844678435
-0.03786717135
-0.0306478221
-0.02564332825
-0.02216261465
-0.01979796754
-0.01829728436
-0.01749430183
-0.01727413043
-0.01755377983
-0.01827040152
-0.0193741591
-0.02082372413
-0.02258324784
-0.02462021134
-0.02690382071
-0.02940375078
-0.03208912021
-0.03492762904
-0.03788481509
-0.04092340395
-0.04400273562
-0.04707825907
-0.05010108807
-0.05301761632
-0.05576918885
-0.05829182941
-0.06051602059
-0.06236653488
-0.06376230924
-0.06461635537
-0.06483568743
-0.06432130403
-0.0629680937
-0.06066456088
-0.05729250934
-0.05272649905
-0.04683293299
-0.03946860682
-0.03047847206
-0.01969223037
-0.006919180691
0.008059577495
0.02550304521
0.04572880378
0.06914247286
0.09628634047
0.1279231538
0.1651875634
0.2098732694
0.2650047607
0.3360447328
0.4334479071
0.5769928386
0.8060416025
1.245354394
2.165797924
)
;

boundaryField
{
    movingWall
    {
        type            zeroGradient;
    }
    fixedWalls
    {
        type            zeroGradient;
    }
    frontAndBack
    {
        type            empty;
    }
}


// ************************************************************************* //
