/*--------------------------------*- C++ -*----------------------------------*\
  =========                 |
  \\      /  F ield         | OpenFOAM: The Open Source CFD Toolbox
   \\    /   O peration     | Website:  https://openfoam.org
    \\  /    A nd           | Version:  11
     \\/     M anipulation  |
\*---------------------------------------------------------------------------*/
FoamFile
{
    format      ascii;
    class       volScalarField;
    location    "200";
    object      p;
}
// * * * * * * * * * * * * * * * * * * * * * * * * * * * * * * * * * * * * * //

dimensions      [0 2 -2 0 0 0 0];

internalField   nonuniform List<scalar> 
4096
(
2.277739995e-06
-2.662257048e-05
-0.0001089225199
-0.0002337898568
-0.0003824436811
-0.0005402874511
-0.0006958969299
-0.0008403985939
-0.0009670978
-0.001071070063
-0.00114878486
-0.001197794362
-0.001216481976
-0.001203862856
-0.0011594273
-0.001083020789
-0.0009747537437
-0.00083493693
-0.0006640373851
-0.0004626522341
-0.0002314963555
2.859789335e-05
0.000316672318
0.0006316271703
0.0009722011406
0.001336948009
0.001724212794
0.002132108124
0.002558493495
0.003000957944
0.003456808599
0.003923065361
0.004396463986
0.004873467961
0.005350287676
0.005822909438
0.006287139406
0.006738657955
0.007173085069
0.007586055072
0.007973300204
0.008330740384
0.008654577856
0.008941393438
0.009188242486
0.009392747045
0.009553182198
0.00966855346
0.009738663844
0.009764168612
0.009746617752
0.009688486221
0.009593194202
0.009465120101
0.009309611102
0.009132996358
0.008942608557
0.00874681698
0.008555064696
0.00837785541
0.008226602666
0.008113618647
0.008051826658
0.008039798791
3.52998462e-05
4.516009237e-06
-6.698937508e-05
-0.0001727365877
-0.0002982374711
-0.0004316415595
-0.0005633868533
-0.0006857756752
-0.000792779534
-0.0008798013074
-0.0009434229723
-0.0009811765747
-0.0009913483534
-0.0009728155309
-0.000924914155
-0.0008473342938
-0.0007400398167
-0.0006032089327
-0.0004371930659
-0.0002424907065
-1.973432103e-05
0.0002303126158
0.0005067499851
0.0008085294144
0.001134437926
0.001483079257
0.001852853883
0.002241939986
0.002648276231
0.003069548443
0.00350318084
0.003946333623
0.004395907501
0.004848558105
0.005300714605
0.005748607826
0.00618831311
0.00661580234
0.007027005083
0.00741787886
0.007784486654
0.008123080497
0.008430188636
0.00870270448
0.00893797437
0.009133882062
0.009288926976
0.009402294308
0.009473914707
0.00950451247
0.00949564127
0.009449707815
0.009369984236
0.009260611264
0.009126594504
0.008973796512
0.008808926135
0.008639524209
0.008473933123
0.008321201606
0.008190905418
0.008093287497
0.00803936697
0.00802763741
0.0001185544287
7.590719111e-05
3.837932051e-06
-9.20277895e-05
-0.0002019592723
-0.0003170779387
-0.0004297855829
-0.0005337270063
-0.0006237389053
-0.000695744496
-0.0007466096353
-0.0007739922072
-0.0007762010583
-0.0007520715052
-0.0007008597699
-0.0006221567285
-0.0005158198647
-0.000381921962
-0.0002207145578
-3.260434995e-05
0.0001818594924
0.0004219888487
0.0006869529241
0.0009757688626
0.001287288477
0.001620182529
0.001972924203
0.00234377309
0.002730761199
0.003131682164
0.00354408502
0.003965273345
0.004392311252
0.004822040552
0.005251097617
0.005675938249
0.006092881413
0.00649815866
0.006887972004
0.007258559939
0.007606270372
0.007927638702
0.008219469322
0.008478918227
0.008703574514
0.008891538171
0.009041491869
0.009152764381
0.009225383807
0.009260118997
0.00925850836
0.009222875637
0.00915633306
0.009062772571
0.008946846177
0.008813935861
0.008670112407
0.008522079879
0.008377093629
0.008242817174
0.008127131618
0.008038253336
0.007984923898
0.007966439927
0.0002450883233
0.0001820854828
9.847908171e-05
1.55379353e-06
-0.0001032605048
-0.0002095400537
-0.0003113651159
-0.0004036664373
-0.0004822155492
-0.0005435833006
-0.0005850674444
-0.0006045991623
-0.0006006459845
-0.0005721205101
-0.0005182998639
-0.0004387577382
-0.0003333097949
-0.0002019717776
-4.492960878e-05
0.0001374800142
0.0003447796845
0.0005763537039
0.0008314440797
0.001109141787
0.001408374477
0.001727892249
0.002066252609
0.00242180614
0.002792683936
0.003176788252
0.003571787244
0.003975114776
0.004383976664
0.004795372235
0.005206106566
0.005612809766
0.006011983607
0.006400049204
0.006773402243
0.00712847636
0.007461812956
0.007770136055
0.008050430188
0.008300019377
0.00851664466
0.008698537905
0.00884448926
0.00895390608
0.00902686111
0.009064128388
0.00906720551
0.009038321722
0.008980431493
0.008897193862
0.008792937703
0.008672612822
0.008541725896
0.008406258437
0.008272557523
0.008147185366
0.008036767961
0.007947968478
0.007887050757
0.007854991711
0.0003975256818
0.0003092713083
0.0002076595476
0.0001029764445
-3.299709512e-06
-0.0001068520773
-0.0002032189382
-0.0002885296396
-0.0003594885256
-0.0004133615808
-0.0004479512759
-0.0004615445172
-0.0004528493006
-0.000420931008
-0.0003651536169
-0.0002851288872
-0.0001806748116
-5.178376069e-05
0.0001014000924
0.0002785947284
0.0004793866669
0.0007032308192
0.0009494450515
0.0012172006
0.001505509612
0.001813210966
0.002138955623
0.002481192631
0.002838157017
0.00320786066
0.003588087223
0.003976391484
0.004370105317
0.004766365646
0.005162119268
0.005554133423
0.0059390484
0.006313423678
0.00667379124
0.007016717154
0.007338869695
0.007637092335
0.007908479847
0.008150455321
0.008360845748
0.008537953563
0.008680621611
0.008788289002
0.008861035635
0.00889961343
0.008905462822
0.008880713488
0.008828168817
0.008751273942
0.008654067339
0.008541115865
0.008417432823
0.008288376658
0.008159523819
0.00803652332
0.007924988906
0.007830225992
0.007755878207
0.007705373877
0.0005619114909
0.0004459725605
0.0003226506163
0.0002058439173
9.353107083e-05
-1.174811071e-05
-0.0001067752946
-0.0001887588903
-0.0002552858543
-0.000304313558
-0.0003341744213
-0.0003435519598
-0.0003314421958
-0.0002971112908
-0.0002400548443
-0.0001599618825
-5.668537872e-05
6.978002975e-05
0.0002193130188
0.0003916736936
0.000586505468
0.0008033315902
0.001041547218
0.001300408082
0.001579016731
0.001876307457
0.002191030923
0.002521739602
0.002866775075
0.003224258339
0.003592084021
0.003967918442
0.004349204627
0.004733199757
0.005116968907
0.005497383528
0.005871183447
0.006235021818
0.006585516865
0.006919312583
0.007233146148
0.007523920388
0.007788779451
0.008025185509
0.008230993919
0.008404524205
0.008544624026
0.008650723472
0.008722877134
0.008761791824
0.008768838154
0.008746044795
0.008696074682
0.008622182914
0.008528156395
0.008418235535
0.008297018189
0.008169344173
0.008040155401
0.007914358597
0.007796760997
0.007691525105
0.007599799014
0.007527874595
0.0007270841028
0.0005826115392
0.0004356186807
0.0003038461967
0.0001822493297
7.190253531e-05
-2.50126559e-05
-0.0001066500971
-0.0001714029268
-0.0002178857508
-0.0002449554799
-0.0002517050713
-0.0002374416523
-0.0002016599421
-0.0001440156259
-6.430167314e-05
3.757070872e-05
0.0001615855518
0.000307629864
0.0004754957797
0.000664877634
0.0008753645873
0.001106429586
0.00135741548
0.001627519204
0.001915774923
0.002221037117
0.00254196457
0.00287700628
0.003224390405
0.003582117051
0.003947954196
0.004319441243
0.00469393957
0.005068611326
0.005440401514
0.005806113404
0.006162452572
0.006506077411
0.006833659618
0.007141951864
0.007427860832
0.007688523774
0.007921386258
0.008124278468
0.008295487099
0.008433819895
0.008538659796
0.008610005966
0.008648499216
0.008655429878
0.00863272672
0.008582926121
0.008509121295
0.008414891918
0.008304214964
0.008181357837
0.008050752509
0.007916847026
0.007783980457
0.007656360269
0.007537241865
0.007425608231
0.007330781942
0.0008838995773
0.0007110195233
0.0005395551188
0.0003911073046
0.00025803411
0.0001402116823
3.896722358e-05
-4.466872653e-05
-0.0001098101681
-0.0001556786736
-0.0001816311108
-0.0001871630432
-0.0001718974582
-0.0001355690885
-7.800843441e-05
8.721701167e-07
0.0001010887968
0.000222591709
0.0003652663959
0.0005289300082
0.0007133235422
0.0009181003219
0.001142811414
0.001386888692
0.001649626329
0.001930161522
0.002227455329
0.00254027451
0.002867175346
0.003206490554
0.003556320015
0.003914523745
0.004278723396
0.00464637034
0.005014705268
0.00538071891
0.005741244984
0.006093003814
0.006432651773
0.006756842138
0.007062293824
0.007345865975
0.007604636546
0.007835982426
0.008037658236
0.008207870664
0.008345345036
0.008449380851
0.008519893198
0.008557437313
0.008563214106
0.008539055105
0.008487386029
0.008411168959
0.008313823823
0.008199130607
0.008071114367
0.007933912153
0.00779161899
0.007648175662
0.007507388899
0.007371867131
0.00723878562
0.00712053016
0.001024864211
0.0008242420481
0.0006282263411
0.000462189334
0.0003162404115
0.0001892711062
8.190557988e-05
-5.525137848e-06
-7.277225617e-05
-0.000119608137
-0.0001458546126
-0.0001513906665
-0.0001361470552
-0.0001000979055
-4.325238046e-05
3.43516366e-05
0.0001326506346
0.0002515546307
0.000390942247
0.0005506517961
0.0007304687336
0.0009301099298
0.001149205332
0.001387277644
0.001643720702
0.001917777291
0.002208517193
0.0025148163
0.002835337751
0.003168516256
0.00351254618
0.003865370767
0.004224681098
0.004588006208
0.004952649809
0.005315623825
0.005673762512
0.006023766646
0.006362251926
0.006685810633
0.006991082096
0.007274829711
0.007534022591
0.007765919264
0.007968150342
0.008138796737
0.008276459814
0.008380319882
0.008450179572
0.008486489103
0.008490350986
0.008463502537
0.008408275398
0.008327532299
0.008224582114
0.008103075406
0.007966883398
0.00781995963
0.007666182686
0.00750925904
0.007352782595
0.007198937969
0.007043473604
0.006901777251
0.001143756408
0.00091630744
0.0006960869575
0.0005120824756
0.00035242847
0.0002151968405
0.0001004294867
7.856413802e-06
-6.283486396e-05
-0.0001119119036
-0.0001396225528
-0.0001462032398
-0.0001318764131
-9.684660684e-05
-4.129758421e-05
3.460822104e-05
0.0001307269794
0.000246927064
0.0003830788629
0.0005390410096
0.000714643349
0.0009096670918
0.001123822666
0.001356725827
0.001607872662
0.001876614132
0.002162130921
0.002463409365
0.002779219418
0.003108095863
0.003448323276
0.003797920727
0.00415463758
0.00451607016
0.004879572889
0.005242158151
0.005600633825
0.005951649954
0.006291746
0.006617413574
0.006925169194
0.007211634475
0.00747362181
0.007708222794
0.0079128961
0.008085551055
0.008224622993
0.00832913637
0.008398751837
0.008433793929
0.008435256666
0.008404785276
0.008344633322
0.008257595594
0.008146918317
0.00801618955
0.007869213429
0.007709868065
0.007541946092
0.007369070229
0.007194791338
0.007021093254
0.006842597174
0.006677608061
0.001235298611
0.000982036173
0.0007381811727
0.0005361745205
0.0003623841405
0.0002141847593
9.112847753e-05
-7.575676602e-06
-8.273612033e-05
-0.0001350645733
-0.0001651961259
-0.0001736960697
-0.0001610580582
-0.0001277028698
-7.397934484e-05
-1.682845926e-07
9.351016853e-05
0.0002068854126
0.0003398216338
0.0004921996454
0.0006638956988
0.0008547576928
0.001064579265
0.001293072288
0.00153983833
0.001804339716
0.002085870855
0.002383530636
0.002696196783
0.003022503546
0.003360823042
0.003709244695
0.004065567338
0.004427445985
0.004792277065
0.005157057164
0.005518543859
0.005873308257
0.006217780812
0.006548315209
0.006861263832
0.007153061779
0.007420317445
0.007659906804
0.007869067811
0.008045490915
0.008187401299
0.008293628463
0.008363658902
0.008397668127
0.008396529039
0.008361794681
0.008295654606
0.008200865425
0.008080657502
0.007938621237
0.007778577389
0.007604431466
0.007420012011
0.00722899929
0.00703505574
0.006840131495
0.006638008167
0.006449815436
0.001294925311
0.001016842894
0.0007500283097
0.000530199248
0.0003421130463
0.0001825365063
5.060101568e-05
-5.494247189e-05
-0.0001353442233
-0.0001917155412
-0.0002250428037
-0.0002361916805
-0.0002259049032
-0.0001948025183
-0.0001433856013
-7.204360106e-05
1.89344183e-05
0.0001293446796
0.0002590499274
0.0004079573439
0.0005759935344
0.0007630770225
0.0009690887127
0.001193840799
0.001437044645
0.001698278205
0.001976953647
0.002272285896
0.002583263056
0.002908620145
0.003246816408
0.003596008807
0.003954039491
0.004318615398
0.00468717036
0.005056674241
0.005423813529
0.005785055191
0.006136690571
0.006474900264
0.00679583258
0.007095691918
0.007370835059
0.007617872382
0.007833770196
0.008015949795
0.008162378471
0.008271647588
0.00834303299
0.008376533511
0.00837288422
0.008333542136
0.008260643573
0.008156933793
0.008025671252
0.007870510373
0.007695368096
0.007504274512
0.007301207818
0.007090031577
0.006874655179
0.006657165312
0.006430689264
0.006219132032
0.001318571006
0.001016614564
0.0007275369211
0.0004901854094
0.0002878212339
0.0001166655827
-2.452140749e-05
-0.0001373989547
-0.0002236159746
-0.000284645933
-0.0003217947106
-0.0003362017781
-0.0003288369926
-0.0003005017513
-0.0002518347992
-0.0001833224318
-9.531298184e-05
1.196460958e-05
0.0001383785011
0.0002838683339
0.0004484167254
0.0006320183054
0.0008346467252
0.001056220089
0.001296565269
0.001555381642
0.00183220485
0.002126371302
0.002436984321
0.002762883584
0.003102617947
0.003454412341
0.003816149673
0.0041855835
0.004560185125
0.00493689337
0.005312306262
0.005682764647
0.006044393389
0.006393166817
0.006724990269
0.00703579325
0.007321632138
0.007578799415
0.007803935333
0.007994137287
0.00814706163
0.00826101253
0.008335012506
0.008368849895
0.008363099309
0.008319112481
0.008238978424
0.008125453594
0.007981864518
0.007811987352
0.00761991026
0.007409878815
0.007186125781
0.006952816097
0.006714230078
0.006472704198
0.006220893885
0.0059854669
0.001302561892
0.0009775764247
0.0006669143473
0.0004124028586
0.0001958896413
1.309352517e-05
-0.0001375619062
-0.0002581107177
-0.0003505669241
-0.000416735777
-0.0004582156279
-0.0004763960536
-0.0004724535267
-0.0004473531933
-0.0004018564718
-0.0003365337292
-0.0002517816557
-0.0001478449155
-2.48416081e-05
0.0001172079281
0.0002783494272
0.0004586605351
0.0006582145894
0.0008770427164
0.001115094681
0.001372198938
0.00164802248
0.001942031099
0.002253451035
0.002581233707
0.002924023672
0.003280118438
0.003647443215
0.004023794255
0.004406685825
0.00479302944
0.005179321234
0.005561757597
0.005936272631
0.006298603324
0.00664437411
0.006969195014
0.007268771411
0.007539022276
0.007776202672
0.007977025309
0.008138775464
0.008259413165
0.008337656654
0.008373041606
0.008365951539
0.008317616232
0.008230076732
0.008106117442
0.007949167869
0.007763178931
0.007552480074
0.007321617902
0.007075178095
0.006817731959
0.006554040369
0.006286818969
0.00600833196
0.005748074163
0.001243475236
0.0008962276129
0.0005646105119
0.0002933203407
6.284922126e-05
-0.0001315586999
-0.0002917937205
-0.0004202396338
-0.0005192504591
-0.0005909393474
-0.0006371749332
-0.0006595765859
-0.0006595090595
-0.0006380848729
-0.0005961735912
-0.0005344168135
-0.000453248211
-0.0003529180027
-0.0002335213076
-9.502983837e-05
6.267350864e-05
0.00023975758
0.0004364037443
0.0006527648732
0.0008889228517
0.00114484504
0.001420340167
0.001715014277
0.002028227619
0.002359054328
0.002706245093
0.003068179511
0.003442831968
0.003828038471
0.004221367908
0.004619718185
0.005019474786
0.005416675718
0.005807043734
0.006186049994
0.006549001229
0.006891142939
0.007207776627
0.007494388054
0.007746782019
0.007961218171
0.008134541529
0.008264300967
0.008348848777
0.00838741496
0.008380150774
0.008328137608
0.00823335915
0.008098636989
0.007927532222
0.007724218142
0.00749333079
0.00723979815
0.006968650714
0.006684968438
0.006394098348
0.006099211509
0.00579227527
0.005505734695
0.001138104741
0.0007692512169
0.0004172541417
0.0001295639327
-0.0001146438377
-0.0003205818879
-0.0004904401369
-0.0006269351831
-0.0007327429164
-0.0008102663179
-0.0008616266982
-0.0008886564524
-0.0008928928711
-0.0008755812698
-0.0008376859741
-0.0007799075914
-0.0007027055916
-0.0006063254532
-0.0004908296756
-0.000356132124
-0.0002020352304
-2.826971552e-05
0.0001654634816
0.0003794492935
0.0006139129173
0.0008689727983
0.001144592647
0.001440532997
0.001756303156
0.002091115468
0.002443842298
0.002812960917
0.003196507895
0.00359235693
0.003998150388
0.004410798153
0.004826572123
0.005241343471
0.005650607752
0.006049545199
0.006433109783
0.006796137198
0.007133469818
0.007440095766
0.007711297502
0.007942804041
0.008130939915
0.008272763269
0.008366185302
0.008410063509
0.0084042622
0.008349675288
0.008248208408
0.008102719976
0.00791692344
0.007695255871
0.007442720267
0.007164702563
0.006866766768
0.006554595425
0.006234219664
0.005909372388
0.005571719276
0.005256874588
0.0009833592081
0.0005934888262
0.0002216224034
-8.211102117e-05
-0.0003398279736
-0.000557189043
-0.0007366765012
-0.0008813292517
-0.0009941328381
-0.001077767006
-0.001134592424
-0.001166641219
-0.001175610285
-0.001162865308
-0.001129453613
-0.001076123724
-0.001003350473
-0.0009113646816
-0.0008001866802
-0.0006696630481
-0.0005195061775
-0.0003493363196
-0.000158725941
5.275379601e-05
0.0002854845462
0.0005397505175
0.0008156867112
0.001113226123
0.001432046613
0.001771519405
0.002130660015
0.002508065922
0.002901856585
0.003309942378
0.003730065597
0.004159187845
0.004593471988
0.005028620915
0.005459893302
0.005882158054
0.00628998409
0.006677752491
0.007039789075
0.007370514922
0.007664610181
0.007917184983
0.008123949922
0.008281377622
0.008386846389
0.008438757098
0.008436615306
0.008381072192
0.008273920171
0.008118041836
0.007917313915
0.007676471431
0.007400939857
0.00709663614
0.006769743747
0.00642664508
0.006074157377
0.005716633073
0.005345459249
0.004999710882
0.0007762722559
0.0003658785616
-2.540206834e-05
-0.0003448477915
-0.0006158541694
-0.0008445252021
-0.001033632711
-0.001186532502
-0.001306512246
-0.001396519778
-0.001459145618
-0.001496611721
-0.00151076448
-0.001503079949
-0.001474678626
-0.001426347433
-0.001358567303
-0.001271545353
-0.001165250711
-0.001039453464
-0.0008937662585
-0.0007276883835
-0.0005406521644
-0.0003320716908
-0.0001013938175
0.0001518485822
0.0004279813167
0.0007271318001
0.001049170801
0.001393654839
0.001759770754
0.002146267017
0.002551375735
0.00297304469
0.003409150621
0.003856762305
0.004311948315
0.004770250762
0.0052266899
0.00567580944
0.006111765331
0.006528440936
0.006919586709
0.007278982434
0.007600617527
0.007878882944
0.008108766558
0.00828604252
0.008407444254
0.008470810555
0.008475194983
0.008420930279
0.008309641977
0.008144208464
0.0079286683
0.007668079815
0.007368340914
0.007035970587
0.006677858458
0.006301181011
0.005913643146
0.005520317527
0.005112237553
0.004732340684
0.0005139226173
8.345537036e-05
-0.0003268421534
-0.0006617032277
-0.0009457979492
-0.001185674303
-0.001384394881
-0.001545630935
-0.001672968777
-0.001769619345
-0.001838397051
-0.001881706919
-0.00190153766
-0.001899468198
-0.001876684634
-0.001834004641
-0.001771907613
-0.001690569176
-0.001589899225
-0.001469582781
-0.001329123371
-0.001167888728
-0.0009851588582
-0.0007801765463
-0.0005522004822
-0.0003005610831
-2.471904613e-05
0.0002756735379
0.0006007098363
0.0009501643525
0.001323430893
0.001719448682
0.002136602996
0.002572885362
0.003026346918
0.003494235148
0.003972554429
0.004456704881
0.004941477356
0.005421085497
0.005889251016
0.006339320113
0.006764409098
0.007157578134
0.007512028954
0.007821319988
0.008079590215
0.008281781186
0.008423845294
0.00850292779
0.00851751044
0.008467506129
0.008354296328
0.00818070669
0.007950920309
0.007670333022
0.007345358962
0.00698318798
0.006591503329
0.006178379515
0.005752522948
0.005319782944
0.004870802949
0.004452870045
0.0001934721713
-0.0002566931515
-0.0006856543084
-0.001035664104
-0.001332669456
-0.001583664407
-0.001792005738
-0.001961681857
-0.002096577399
-0.002200164737
-0.002275479328
-0.002325105615
-0.002351170262
-0.002355350284
-0.002338892217
-0.002302639102
-0.00224706308
-0.002172302248
-0.002078200641
-0.001964350802
-0.001830138526
-0.001674789815
-0.001497420079
-0.001297085951
-0.001072839967
-0.0008237884816
-0.0005491529958
-0.0002483349854
7.901587543e-05
0.000432931352
0.0008130557638
0.001218568099
0.001648059658
0.002099588986
0.00257141804
0.003061054611
0.003564497768
0.004077037839
0.004593258353
0.005107050085
0.00561168894
0.006099950942
0.006564261816
0.006996881277
0.00739011853
0.007736572576
0.008029388197
0.008262515992
0.008430962778
0.00853101751
0.008560437773
0.008518583098
0.008406483912
0.008226838801
0.00798393754
0.007683513222
0.007332531871
0.006938921433
0.006511250459
0.00605859793
0.005590792569
0.005114571831
0.004620055186
0.004159491888
-0.0001879012302
-0.0006574092562
-0.001104725722
-0.001469651691
-0.001779417921
-0.002041469464
-0.002259463053
-0.002437708433
-0.002580391124
-0.002691246095
-0.002773530033
-0.002830006028
-0.002862937292
-0.002874096894
-0.002864789368
-0.002835880202
-0.00278783097
-0.002720738302
-0.002634375705
-0.002528237448
-0.002401584358
-0.002253491449
-0.002082897781
-0.001888658884
-0.001669602392
-0.00142458736
-0.001152567786
-0.0008526606125
-0.0005242184812
-0.0001669064261
0.000219221905
0.000633641769
0.001075214887
0.001542143057
0.002032899459
0.002545324469
0.003075535401
0.003618757654
0.004169404224
0.004721065783
0.005266574464
0.005798113304
0.006307366724
0.006785713308
0.00722445862
0.007615102099
0.007949628725
0.008220812773
0.008422518137
0.008549977587
0.008600032607
0.008571316134
0.00846436306
0.008281637461
0.008027471131
0.007707915106
0.00733051231
0.006903992928
0.006437906015
0.005942457244
0.005428739335
0.004904450779
0.004359100553
0.003850613813
-0.0006329467749
-0.001121497645
-0.001586892126
-0.001966529476
-0.002288935046
-0.002562009554
-0.00278971635
-0.002976692778
-0.003127430082
-0.003245929722
-0.003335672525
-0.003399602456
-0.003440120752
-0.003459097525
-0.003457895717
-0.003437403249
-0.003398070489
-0.003339951325
-0.003262746454
-0.00316584835
-0.003048387543
-0.002909280471
-0.002747279227
-0.002561023942
-0.002349098503
-0.002110090495
-0.00184265607
-0.001545590439
-0.001217904524
-0.0008589076325
-0.0004682916441
-4.622026822e-05
0.0004065157519
0.0008883871207
0.001398054229
0.00193375045
0.002491900313
0.003067726454
0.003655527383
0.004248636937
0.004839464163
0.005419591577
0.005979921985
0.006510876346
0.007002642162
0.007445467479
0.007829991303
0.008147596984
0.008390771053
0.008553446856
0.008631310441
0.008622046212
0.008525502014
0.008343757667
0.008081087388
0.007743815279
0.007340070874
0.0068794466
0.00637257319
0.005830912823
0.005266979044
0.00468957145
0.004087405626
0.003524940594
-0.001144400303
-0.001651696741
-0.002134925757
-0.002529100481
-0.002864053747
-0.003148148132
-0.003385661656
-0.003581567188
-0.003740668844
-0.003867240882
-0.003964994062
-0.004037058323
-0.004085977571
-0.004113723028
-0.004121719718
-0.004110881093
-0.004081648904
-0.004034036047
-0.003967671186
-0.003881844273
-0.003775552922
-0.003647549726
-0.003496391234
-0.003320489332
-0.003118166149
-0.002887713543
-0.002627458334
-0.002335834239
-0.002011461547
-0.001653235013
-0.001260416076
-0.0008327301384
-0.0003705276606
0.0001250552361
0.0006528739183
0.001211637146
0.001798278455
0.002408109751
0.003035398916
0.003673293058
0.004313823828
0.004947987347
0.005565881188
0.006156902063
0.006710006383
0.007214030413
0.007658061656
0.008031847498
0.008326221858
0.008533525742
0.008647994428
0.008666082764
0.008586701664
0.008411343155
0.008144078792
0.007791426449
0.00736209077
0.006866578132
0.006316705593
0.005725342609
0.005106610367
0.004470518898
0.003804862838
0.003181615443
-0.001724914867
-0.00225070404
-0.002751546853
-0.003160109599
-0.003507547144
-0.003802688641
-0.004050134995
-0.004255204053
-0.004423021859
-0.004558144374
-0.0046645208
-0.004745475334
-0.004803702382
-0.004841281835
-0.004859707895
-0.004859926293
-0.004842376272
-0.00480703517
-0.004753463908
-0.004680852787
-0.004588067231
-0.004473693992
-0.004336088373
-0.004173423695
-0.003983744177
-0.00376502279
-0.003515225489
-0.003232383337
-0.002914673904
-0.002560513229
-0.002168655589
-0.001738298771
-0.001269244527
-0.0007621078186
-0.0002177971308
0.000362975891
0.0009778630228
0.00162239802
0.002290934652
0.002976536181
0.003670934498
0.004364582775
0.005046774255
0.005705832301
0.006329377362
0.006904670347
0.007419025535
0.007860279408
0.00821729456
0.008480471212
0.008642233527
0.008697455102
0.008643788252
0.008481865901
0.008215352829
0.007850835289
0.007397551058
0.006866959105
0.006272171191
0.005627626061
0.004949263065
0.004248491981
0.003511966594
0.002820323349
-0.002377116126
-0.002921141289
-0.003439406866
-0.003862237325
-0.004222124456
-0.004528369335
-0.004785904781
-0.005000404384
-0.005177327359
-0.005321522733
-0.005437189766
-0.005527858392
-0.005596384988
-0.005644969308
-0.005675185781
-0.005688023051
-0.005683928121
-0.005662852267
-0.005624297242
-0.00556736071
-0.005490780916
-0.005392980831
-0.005272112807
-0.005126104863
-0.004952710327
-0.004749562506
-0.004514236413
-0.004244319371
-0.003937492524
-0.003591625248
-0.003204881353
-0.002775831851
-0.002303610018
-0.001788165693
-0.001230072681
-0.0006293765254
1.250266586e-05
0.0006915228612
0.001402275339
0.002137879865
0.002889885637
0.003648284316
0.00440159978
0.005137060174
0.005840862632
0.006498533943
0.007095383223
0.007617034145
0.008050015185
0.008382377057
0.008604298674
0.008708637475
0.008691378479
0.008551939511
0.008293298555
0.007921923469
0.007447500684
0.006882458219
0.00624130871
0.005540245227
0.004797274755
0.004025376135
0.003209905498
0.00244146241
-0.003103526366
-0.003665576534
-0.004201097763
-0.004638100607
-0.005010429017
-0.005327859069
-0.005595664246
-0.005819886033
-0.006006330044
-0.006160152618
-0.006285817816
-0.00638707652
-0.006466962329
-0.006527810253
-0.006571290168
-0.006598448779
-0.006609755572
-0.00660515004
-0.006584088069
-0.006545586716
-0.006488266992
-0.00641039528
-0.006309924216
-0.006184534681
-0.006031680597
-0.005848638829
-0.005632566449
-0.005380567907
-0.005089774548
-0.004757439425
-0.004381048121
-0.003958439084
-0.003487953938
-0.002968718563
-0.002400732548
-0.001783394606
-0.001117030818
-0.0004049055134
0.0003479903589
0.00113501225
0.001947690156
0.002775683259
0.003606826079
0.004427268962
0.005221727961
0.005973853189
0.006666715832
0.007283404342
0.007807708502
0.008224858056
0.008522270984
0.008690257793
0.0087226235
0.008617110445
0.008375633206
0.008004273456
0.00751302228
0.00691525977
0.006226998737
0.005466381867
0.004653764717
0.003803957759
0.002900777988
0.002046288307
-0.003906618955
-0.004486488674
-0.005039135568
-0.005490247573
-0.005875035445
-0.00620375327
-0.006482024464
-0.006716271896
-0.006912663326
-0.007076679616
-0.007213068139
-0.007325819853
-0.007418165278
-0.007492594497
-0.00755089288
-0.007594185108
-0.007622983018
-0.007637233705
-0.007636365981
-0.007619333837
-0.007584656877
-0.007530457961
-0.007454499396
-0.007354219104
-0.007226769092
-0.007069058564
-0.006877804674
-0.006649593829
-0.006380956815
-0.006068461358
-0.00570882495
-0.005299042505
-0.00483653741
-0.004319443228
-0.003746848336
-0.003117546015
-0.002430665035
-0.001688221252
-0.0008945661836
-5.588234348e-05
0.0008195600561
0.0017212749
0.002636545101
0.003550514005
0.004446403656
0.005305876135
0.006109544895
0.006837631097
0.007470746168
0.007990765705
0.008381744287
0.008630806917
0.008728944109
0.008671635525
0.008459234404
0.008097062697
0.007595191135
0.006967883652
0.006232732809
0.005410044126
0.004522847949
0.00358804193
0.002587733525
0.00163713792
-0.00478874234
-0.005386290832
-0.005955972507
-0.006421162023
-0.006818451496
-0.00715857328
-0.007447509534
-0.00769207967
-0.007898831901
-0.008073592518
-0.008221414756
-0.008346553491
-0.008452460596
-0.008541806232
-0.008616516387
-0.008677819095
-0.008726293793
-0.008761920363
-0.008784125151
-0.008791822909
-0.008783454035
-0.008757017807
-0.00871010255
-0.008639914751
-0.008543309287
-0.008416823813
-0.008256720471
-0.008059038727
-0.007819663081
-0.007534410267
-0.007199140418
-0.006809889831
-0.006363025501
-0.005855509443
-0.005285238576
-0.004650292096
-0.003948478304
-0.003180146269
-0.002348710965
-0.001459605089
-0.0005206156018
0.0004578823178
0.001462828693
0.002478500109
0.003486674322
0.004466964378
0.005397337702
0.006254823024
0.007016390949
0.007659974495
0.008165574391
0.008516374426
0.008699776728
0.008708260047
0.008539968097
0.008198953659
0.007695032437
0.007043210254
0.006262705557
0.005376198731
0.004409755544
0.00338272167
0.002275251605
0.001217642539
-0.005752177748
-0.006367300961
-0.006953987317
-0.007433265236
-0.007843122249
-0.008194768748
-0.008494554954
-0.008749713846
-0.008967195843
-0.009153197672
-0.009313106006
-0.009451468642
-0.009571988901
-0.009677547543
-0.009770242161
-0.0098514352
-0.009921804996
-0.009981395369
-0.01002966125
-0.01006550851
-0.01008732765
-0.01009302163
-0.0100800291
-0.01004534483
-0.00998554007
-0.00989678582
-0.009774883053
-0.009615303922
-0.00941324881
-0.009163724402
-0.008861649003
-0.008501986365
-0.008079903084
-0.007591008234
-0.007031756314
-0.006399263928
-0.005689903821
-0.004902016114
-0.004037666525
-0.003101193373
-0.002099550844
-0.001042670036
5.633849916e-05
0.001181110559
0.002312112248
0.003426919512
0.004500721019
0.005507057719
0.006418793882
0.007209289796
0.00785371931
0.008330447341
0.008622359195
0.008718018339
0.008612528252
0.008307991045
0.007813487768
0.007144518806
0.006321916172
0.005370944333
0.004321108548
0.003194569056
0.001969362368
0.0007930343461
-0.006799071219
-0.007431772727
-0.008035507003
-0.008528931026
-0.008951442487
-0.009314726745
-0.009625511191
-0.009891461977
-0.01011995739
-0.0103175949
-0.01049012786
-0.01064243236
-0.01077849944
-0.01090145747
-0.01101361281
-0.01111649978
-0.01121093305
-0.01129705806
-0.01137439583
-0.0114418807
-0.01149788982
-0.01154026501
-0.01156632786
-0.01157289025
-0.01155626284
-0.01151226516
-0.0114362414
-0.01132308691
-0.01116729076
-0.01096300071
-0.0107041179
-0.01038442662
-0.009997753379
-0.009538186492
-0.009000495172
-0.008380359978
-0.007672763562
-0.00687380551
-0.005983570124
-0.005004921371
-0.003943571933
-0.002808594295
-0.001612763557
-0.0003727570299
0.0008908161755
0.002153605718
0.003387973151
0.004563736344
0.005649212735
0.006612541172
0.007423227263
0.008053820458
0.008481595838
0.008690087739
0.008670311575
0.008421523506
0.007951401217
0.007275547581
0.006416307826
0.005401705798
0.004265115124
0.003031988644
0.001678021375
0.0003704652857
-0.007931500509
-0.00858188085
-0.009202812497
-0.009710502912
-0.01014577577
-0.0105207879
-0.01084265402
-0.01111949632
-0.01135915201
-0.01156865585
-0.01175416841
-0.01192093658
-0.01207328294
-0.01221462751
-0.01234752963
-0.01247373952
-0.01259425237
-0.01270935927
-0.01281869164
-0.01292125645
-0.01301546143
-0.01309913023
-0.01316950866
-0.01322326379
-0.01325647905
-0.01326464871
-0.01324267657
-0.01318488427
-0.01308503562
-0.01293638383
-0.01273175067
-0.01246364579
-0.01212442486
-0.01170649905
-0.01120272446
-0.01060681726
-0.009912326352
-0.00911301319
-0.008206271
-0.007193048105
-0.006077340947
-0.004866863688
-0.003573568117
-0.002214001702
-0.0008094877866
0.0006139337508
0.002025866749
0.003392267529
0.004676529136
0.005840935844
0.006848441845
0.007664679444
0.008260053621
0.008611737528
0.008705359241
0.0085361735
0.008109545087
0.007440590983
0.006552936382
0.005477487084
0.004251936468
0.002905519709
0.001411449331
-4.056367501e-05
-0.009151425435
-0.009819768139
-0.01045817938
-0.01098032925
-0.01142848651
-0.01181527377
-0.01214820408
-0.01243588328
-0.01268664517
-0.01290800662
-0.0131065845
-0.01328804806
-0.01345710367
-0.01361751533
-0.0137721471
-0.01392301643
-0.01407134976
-0.01421763459
-0.01436166336
-0.01450256654
-0.01463883325
-0.01476831957
-0.01488824491
-0.01499517891
-0.01508502127
-0.01515297864
-0.01519354346
-0.01520048079
-0.01516683015
-0.01508493065
-0.01494647896
-0.0147426314
-0.01446415454
-0.01410162744
-0.01364578516
-0.01308802509
-0.01242009641
-0.01163332157
-0.01072190202
-0.009684315014
-0.008522295915
-0.007241618277
-0.005852819067
-0.004371748507
-0.002819941753
-0.001224738976
0.0003809281232
0.001959155681
0.003468144634
0.004863754332
0.006101503433
0.007138929561
0.007938152694
0.008468425431
0.008708407148
0.008647887043
0.008288706283
0.007644649355
0.006740201467
0.005609168081
0.004294001781
0.002828312171
0.001182643666
-0.0004277322068
-0.01046077265
-0.01114755726
-0.01180391067
-0.01234080719
-0.01280198469
-0.01320052652
-0.01354435788
-0.01384260221
-0.01410413675
-0.01433701557
-0.01454837202
-0.01474435994
-0.01493013207
-0.01510985792
-0.0152867666
-0.0154632015
-0.01564067809
-0.01581993716
-0.01600098894
-0.01618314415
-0.0163650304
-0.01654459325
-0.01671908268
-0.01688502645
-0.01703819362
-0.01717355182
-0.01728522379
-0.01736644938
-0.01740956117
-0.01740598256
-0.0173462593
-0.0172201374
-0.0170166978
-0.01672454909
-0.01633212927
-0.0158282341
-0.01520225257
-0.01444302738
-0.01354126204
-0.01249223469
-0.0112948444
-0.009952280541
-0.008472978213
-0.006871398393
-0.005168633589
-0.003392761013
-0.001578838543
0.000231556544
0.001991330638
0.003649470158
0.00515323128
0.00645085132
0.007494625662
0.008244105397
0.008669096601
0.008752103292
0.008489865593
0.007893655569
0.006988138433
0.005809884646
0.004406509417
0.002816586987
0.001007885311
-0.0007753011234
-0.01186141791
-0.01256742638
-0.01324240983
-0.01379445119
-0.01426879021
-0.01467896586
-0.01503333314
-0.01534157619
-0.01561317449
-0.0158567881
-0.01608014074
-0.01628994647
-0.01649187902
-0.01669058598
-0.01688973097
-0.01709205023
-0.01729941262
-0.01751287517
-0.01773272779
-0.01795852321
-0.01818908944
-0.01842252401
-0.01865617001
-0.01888657583
-0.01910944095
-0.01931955225
-0.01951071585
-0.01967569163
-0.01980613872
-0.01989258225
-0.01992441307
-0.019889935
-0.01977647464
-0.01957055965
-0.01925819093
-0.01882533112
-0.0182584015
-0.0175436584
-0.01666819022
-0.01562328251
-0.01440439873
-0.0130114543
-0.01145001473
-0.009732343575
-0.007878283766
-0.005915898553
-0.003881747219
-0.001820663213
0.0002150876557
0.002167364517
0.003974466293
0.005574166584
0.006907325704
0.007921818924
0.008576406275
0.008844092552
0.008714504542
0.008194803765
0.007308809293
0.00609548471
0.004607912351
0.002890281323
0.0009074347374
-0.001063439172
-0.01335530165
-0.01408166373
-0.0147762574
-0.01534397988
-0.01583161809
-0.01625316537
-0.01661743128
-0.01693471667
-0.01721517852
-0.01746816927
-0.0177020947
-0.01792432116
-0.01814113291
-0.01835774053
-0.01857832226
-0.01880608227
-0.01904331403
-0.01929145878
-0.01955115226
-0.01982225434
-0.0201038586
-0.02039428005
-0.02069102135
-0.02099071825
-0.0212890675
-0.02158074068
-0.02185928985
-0.02211705196
-0.02234506117
-0.02253298009
-0.02266906289
-0.02274016587
-0.02273182384
-0.02262840537
-0.02241336132
-0.02206965041
-0.02158032573
-0.02092861701
-0.02009795676
-0.01907507939
-0.01785136055
-0.0164227193
-0.01479102671
-0.01296544549
-0.0109636215
-0.008812665258
-0.006549779507
-0.0042223689
-0.001887465098
0.0003896806801
0.002537938674
0.004483590778
0.006154463796
0.007484646831
0.008419373684
0.008919518804
0.00896508546
0.008557014754
0.007716800258
0.006485100467
0.004920608992
0.003073721921
0.0009062590596
-0.001267402758
-0.01494446202
-0.0156927905
-0.0164083361
-0.01699243733
-0.01749349269
-0.01792595399
-0.01829912076
-0.01862398485
-0.01891147811
-0.01917175527
-0.01941401849
-0.01964639925
-0.01987589961
-0.02010839302
-0.02034866388
-0.02060046836
-0.02086660181
-0.02114896205
-0.02144859936
-0.02176574753
-0.02209983158
-0.02244945032
-0.02281233293
-0.02318527085
-0.02356402721
-0.0239432278
-0.02431623916
-0.02467504114
-0.02501010352
-0.02531027833
-0.02556272212
-0.02575286473
-0.02586444484
-0.02587963195
-0.02577924884
-0.02554314252
-0.02515077438
-0.02458173056
-0.02381572467
-0.02283469202
-0.02162520554
-0.02017848165
-0.01849185764
-0.01657043212
-0.01442859519
-0.01209139497
-0.009595586857
-0.006990170588
-0.004336203714
-0.001705681584
0.0008206902481
0.003156924861
0.005216342698
0.006917094507
0.008188175836
0.008975287591
0.009245751773
0.00899157315
0.008229868659
0.007001838558
0.005371663294
0.003396493148
0.001034963458
-0.001356608186
-0.01663120141
-0.01740368267
-0.01814197638
-0.01874334658
-0.01925789456
-0.01970054649
-0.02008114447
-0.02041147156
-0.02070336215
-0.02096791402
-0.02121526938
-0.02145446359
-0.0216933457
-0.02193856902
-0.02219562885
-0.02246892627
-0.0227618417
-0.02307680467
-0.02341534956
-0.02377814986
-0.02416502608
-0.0245749243
-0.02500586463
-0.0254548599
-0.02591780716
-0.02638935557
-0.02686275636
-0.02732970249
-0.02778016777
-0.02820225791
-0.02858208852
-0.028903708
-0.0291490866
-0.02929819585
-0.02932919823
-0.02921877743
-0.02894267098
-0.02847630197
-0.02779546648
-0.02687729464
-0.02570288104
-0.02425809223
-0.02253492247
-0.02053343102
-0.01826362737
-0.01574725473
-0.01301931963
-0.01012914936
-0.007140722121
-0.004131995354
-0.001192970481
0.001577700936
0.004077629878
0.0062069693
0.007875633779
0.0090107403
0.009563302147
0.009512979229
0.00886975612
0.007673627463
0.005993750654
0.00389438422
0.001330793937
-0.001293542172
-0.01841819863
-0.01921777086
-0.0199811647
-0.0206009131
-0.02112895008
-0.02158070999
-0.02196665572
-0.02229949844
-0.02259214381
-0.0228568145
-0.02310477408
-0.02334613322
-0.02358974345
-0.02384317539
-0.02411275415
-0.02440362801
-0.02471985021
-0.02506445841
-0.02543953884
-0.02584626674
-0.02628491662
-0.0267548391
-0.02725440251
-0.02778089993
-0.02833042341
-0.02889770925
-0.02947595997
-0.03005665069
-0.03062932996
-0.0311814281
-0.03169808887
-0.03216204346
-0.03255354917
-0.03285041915
-0.03302817029
-0.03306031545
-0.03291882663
-0.03257476705
-0.03199947046
-0.03116536511
-0.03004771932
-0.02862645915
-0.02688749042
-0.02482489945
-0.02244318409
-0.0197594653
-0.01680553758
-0.01362952543
-0.01029685538
-0.0068902056
-0.003508076827
-0.000261664782
0.002730165377
0.005347778383
0.007479187761
0.009029248072
0.009928487069
0.0101400549
0.009663212298
0.008534233743
0.006826187704
0.004610539946
0.001838856189
-0.001032531898
-0.02030876
-0.02113926878
-0.02193079833
-0.02257028227
-0.02311167148
-0.02357097267
-0.02395938684
-0.02429074188
-0.02457923956
-0.02483846332
-0.02508102803
-0.02531833162
-0.02556041578
-0.02581592913
-0.02609216131
-0.02639511874
-0.02672961866
-0.02709938191
-0.02750710967
-0.02795453341
-0.0284424309
-0.0289706036
-0.02953781397
-0.03014168217
-0.03077854456
-0.03144327736
-0.03212909135
-0.03282730537
-0.03352710905
-0.03421532818
-0.03487620922
-0.03549124284
-0.03603905002
-0.03649535806
-0.03683309792
-0.03702265431
-0.03703228242
-0.036828688
-0.03637816759
-0.03564845684
-0.03460902381
-0.0332333666
-0.0315006748
-0.0293982334
-0.02692396322
-0.02408904857
-0.02092052271
-0.01746357753
-0.01378328453
-0.009965336683
-0.006115360159
-0.002356337173
0.001176237247
0.004341628058
0.007003359378
0.009040241142
0.01035767103
0.01089734527
0.01064325162
0.00962448236
0.007916209225
0.005596749174
0.002613451314
-0.0005183416799
-0.02230705754
-0.02317350106
-0.02399702911
-0.0246578727
-0.02521226114
-0.02567688392
-0.02606385541
-0.02638838165
-0.02666626124
-0.02691274576
-0.02714209321
-0.02736725121
-0.02759967733
-0.02784928566
-0.02812448129
-0.02843224773
-0.02877825812
-0.02916698709
-0.02960180509
-0.03008504265
-0.03061801582
-0.03120100777
-0.03183320406
-0.03251258155
-0.03323575283
-0.03399776981
-0.03479189249
-0.03560933077
-0.03643897017
-0.03726709499
-0.03807712622
-0.03884939469
-0.03956097413
-0.04018560186
-0.04069372047
-0.04105267962
-0.04122711946
-0.04117947009
-0.04087077645
-0.04026380367
-0.03932252906
-0.03801370901
-0.03630936826
-0.03418932915
-0.03164401234
-0.02867744386
-0.02531035922
-0.02158318532
-0.01755858497
-0.01332313943
-0.008987636888
-0.004685365357
-0.0005678273226
0.003202538249
0.006462667751
0.009061677979
0.01087488374
0.01181684432
0.01185068029
0.01099370091
0.009320393031
0.006914947752
0.003719639396
0.0003154053346
-0.02441852533
-0.02532730722
-0.026187697
-0.02687179972
-0.02743849407
-0.0279053355
-0.02828561304
-0.02859627438
-0.02885511864
-0.02907946616
-0.02928558865
-0.02948830744
-0.02970076643
-0.0299343618
-0.03019878128
-0.0305021098
-0.0308509656
-0.03125063852
-0.03170520893
-0.03221763207
-0.03278977797
-0.03342242109
-0.03411517697
-0.03486638586
-0.03567294529
-0.03653009567
-0.03743116486
-0.03836728023
-0.03932705903
-0.0402962914
-0.04125763328
-0.0421903309
-0.04307000174
-0.04386850078
-0.0445539051
-0.04509066012
-0.04543992025
-0.04555999185
-0.04540698539
-0.04493800313
-0.04411187393
-0.04288877847
-0.0412332934
-0.03911731263
-0.03652304128
-0.03344630916
-0.02990014159
-0.02591839049
-0.02155912953
-0.0169073826
-0.01207659836
-0.007208141593
-0.002468001125
0.001960002979
0.005884902382
0.00912291302
0.01151425702
0.01294006251
0.01333591091
0.01270141353
0.01110635493
0.008638929292
0.005234977734
0.001547995219
-0.02665030891
-0.02760959108
-0.02851290281
-0.0292224201
-0.02980019958
-0.0302649565
-0.03063154195
-0.03091915168
-0.03114812734
-0.03133838025
-0.0315086649
-0.0316760744
-0.03185576019
-0.0320608478
-0.03230248881
-0.03258999504
-0.03293101046
-0.0333316862
-0.03379683284
-0.03433003245
-0.03493369899
-0.03560908066
-0.03635620175
-0.03717374399
-0.03805886983
-0.03900699223
-0.0400114974
-0.04106342919
-0.04215114685
-0.04325997031
-0.04437183119
-0.04546495122
-0.04651357413
-0.04748778009
-0.04835341538
-0.04907218003
-0.0496019187
-0.04989704967
-0.04990908616
-0.04958907649
-0.04889088902
-0.04776857622
-0.04617921609
-0.04408654508
-0.04146410097
-0.03829874503
-0.03459461597
-0.03037734292
-0.02569826149
-0.02063823005
-0.01531044332
-0.00986142128
-0.00446917053
0.0006625331775
0.005314573528
0.009267860199
0.01232280199
0.01432042565
0.01516107895
0.01481930812
0.01335466655
0.01085629467
0.007251512408
0.003273615839
-0.02901192471
-0.0300320303
-0.03098574823
-0.03172303012
-0.03230986667
-0.03276659608
-0.03311020394
-0.03336283923
-0.03354811361
-0.03368920793
-0.03380795011
-0.03392418984
-0.0340554627
-0.03421690004
-0.03442130731
-0.03467934238
-0.03499973858
-0.03538953013
-0.03585424937
-0.0363980758
-0.03702392407
-0.0377334648
-0.03852707562
-0.03940372364
-0.04036078208
-0.04139378675
-0.04249613922
-0.04365876637
-0.0448697481
-0.04611392843
-0.04737252797
-0.04862278039
-0.04983761912
-0.0509854444
-0.05203000236
-0.05293041626
-0.05364142449
-0.05411380938
-0.05429481991
-0.05412959985
-0.05356684353
-0.0525551332
-0.05104428564
-0.04898989552
-0.04635666946
-0.04312205027
-0.03928044385
-0.0348479066
-0.02986709311
-0.02441212512
-0.01859281238
-0.01255736679
-0.00649244976
-0.0006191757339
0.004816271793
0.009558274904
0.01336342729
0.01602596515
0.01740245512
0.01743348589
0.01616107337
0.01367070584
0.009878036947
0.005603585536
-0.03151608888
-0.03261003007
-0.03362331385
-0.03439076754
-0.03498340632
-0.03542391149
-0.03573224508
-0.03593449039
-0.03605850272
-0.03613160972
-0.03617945037
-0.0362252137
-0.03628925236
-0.03638900333
-0.03653911471
-0.03675169129
-0.03703658989
-0.03740171334
-0.03785326753
-0.03839595852
-0.03903311692
-0.03976674311
-0.04059747229
-0.04152446117
-0.04254520081
-0.04365526202
-0.04484798149
-0.04611409887
-0.04744135771
-0.04881408583
-0.05021277331
-0.0516136711
-0.05298843793
-0.0543038651
-0.05552171081
-0.05659868077
-0.0574866115
-0.05813287802
-0.05848078049
-0.05847032428
-0.05804434482
-0.05714660013
-0.05572029532
-0.05371310749
-0.05108101996
-0.04779194911
-0.04383011157
-0.03920104809
-0.03393716043
-0.02810351708
-0.02180344568
-0.01518308724
-0.008433674853
-0.00178988954
0.004477576934
0.01007689252
0.01471803336
0.01814221156
0.02015312236
0.020647015
0.01963903045
0.01720444552
0.01324268196
0.008668910832
-0.03417988278
-0.03536399847
-0.03644795187
-0.03724778125
-0.03784111224
-0.03825407998
-0.03851085642
-0.0386428208
-0.03868336949
-0.03866510266
-0.03861838022
-0.03857041838
-0.03854487045
-0.03856178876
-0.03863783447
-0.03878662347
-0.03901912292
-0.03934403755
-0.03976814446
-0.04029655225
-0.04093287108
-0.04167928937
-0.04253655711
-0.04350388026
-0.04457873196
-0.04575658895
-0.04703060277
-0.04839121669
-0.04982574276
-0.05131791525
-0.05284743784
-0.05438954876
-0.05591463314
-0.05738791224
-0.05876923946
-0.06001303748
-0.06106842768
-0.06187959677
-0.06238620856
-0.06252393503
-0.06222933528
-0.06144171631
-0.06009852503
-0.05813994376
-0.05551358364
-0.0521780503
-0.04810731771
-0.04329593738
-0.03776498454
-0.03156861339
-0.02480087677
-0.01760209428
-0.01016356025
-0.002728784208
0.004411075535
0.0109300735
0.01649043968
0.02077515272
0.02352586389
0.02458277425
0.0239225957
0.02160144607
0.01749595817
0.01262322301
-0.03702631797
-0.03832108125
-0.03948901661
-0.04032275779
-0.04090887278
-0.04127865418
-0.04146228397
-0.04149832023
-0.04142741834
-0.04128887989
-0.04111888948
-0.04094948127
-0.04080812649
-0.04071778784
-0.04069726413
-0.04076168293
-0.040923037
-0.04119069244
-0.04157182376
-0.04207175027
-0.04269416273
-0.04344123789
-0.04431364474
-0.04531044894
-0.04642892425
-0.04766428123
-0.04900932519
-0.05045405438
-0.05198521596
-0.05358583631
-0.05523474038
-0.05690608614
-0.05856894866
-0.06018698079
-0.06171817833
-0.0631147802
-0.06432334924
-0.06528509391
-0.06593633337
-0.06620890887
-0.06603328506
-0.06534444435
-0.06407482386
-0.06215771884
-0.05953290189
-0.05615014519
-0.05197348846
-0.04698648853
-0.04119837958
-0.03465114157
-0.02742730914
-0.01965797794
-0.01152994875
-0.003290198775
0.004754986596
0.01224951964
0.01880881891
0.02405404773
0.02765615753
0.02938660176
0.02916978571
0.02703080663
0.02281435629
0.01764630642
-0.04008654137
-0.04151755306
-0.04278520308
-0.04365292541
-0.0442196988
-0.04452457713
-0.04460636862
-0.04451340052
-0.04429584154
-0.04400148191
-0.04367363872
-0.04335003892
-0.04306248787
-0.04283709764
-0.04269484198
-0.04265225932
-0.04272217849
-0.04291438588
-0.04323618618
-0.0436928335
-0.04428782489
-0.04502305937
-0.04589886988
-0.0469139398
-0.04806511464
-0.04934712357
-0.05075222481
-0.05226978532
-0.05388581766
-0.0555824925
-0.05733763009
-0.05912420446
-0.06090990554
-0.0626567806
-0.06432097589
-0.0658526055
-0.06719578707
-0.06828892088
-0.06906519371
-0.06945295671
-0.06937724696
-0.06876840737
-0.0675545249
-0.06566276819
-0.06302568562
-0.05958484827
-0.05529493445
-0.05012889673
-0.04408414909
-0.03718989268
-0.02951561738
-0.02118043846
-0.01236247744
-0.003306657912
0.005671861291
0.01419254599
0.02182721277
0.02813380919
0.03270513945
0.03523070591
0.03556642415
0.03369111726
0.02940482683
0.02394841077
-0.04340294635
-0.04500215058
-0.04638773701
-0.04728669654
-0.04781564271
-0.04802536159
-0.04796707219
-0.04770240909
-0.04729397607
-0.04680024203
-0.0462731549
-0.04575704616
-0.04528850849
-0.04489692171
-0.04460532458
-0.04443141194
-0.04438851215
-0.04448645632
-0.04473229351
-0.04513083363
-0.04568501782
-0.04639612605
-0.0472638364
-0.04828615339
-0.04945921844
-0.05077702274
-0.05223104075
-0.05380978715
-0.0554983378
-0.05727783358
-0.05912493861
-0.06101130636
-0.06290312996
-0.06476077601
-0.06653851283
-0.06818435094
-0.06964002877
-0.07084124744
-0.07171817893
-0.07219588379
-0.07219504644
-0.07164058539
-0.07045673979
-0.06856540011
-0.06589249713
-0.06237206234
-0.0579501068
-0.05258962788
-0.04627666488
-0.03902763374
-0.03089821328
-0.02199361755
-0.01247983219
-0.002594550728
0.007344819581
0.01694032049
0.02572559975
0.0331965571
0.0388623055
0.04231733083
0.04333071307
0.04181573191
0.03751042328
0.03177583893
-0.04703367569
-0.04884080631
-0.05036477689
-0.05128716545
-0.05175018904
-0.05182241059
-0.05157290183
-0.05108138957
-0.05042663441
-0.04968039075
-0.04890486837
-0.04815185998
-0.04746303374
-0.04687093852
-0.04640033694
-0.04606960403
-0.04589203039
-0.04587694204
-0.04603059893
-0.04635686547
-0.04685766389
-0.04753323192
-0.04838220679
-0.04940156377
-0.05058641923
-0.05192973236
-0.05342192759
-0.05505041565
-0.0567991022
-0.05864791084
-0.06057218891
-0.06254210906
-0.06452222432
-0.06647111254
-0.0683411066
-0.07007810961
-0.07162150556
-0.07290434418
-0.07385384281
-0.07439187679
-0.07443552294
-0.07390397554
-0.07271770472
-0.070793986
-0.068052671
-0.06442082599
-0.05983644222
-0.05425329658
-0.0476467549
-0.04002086428
-0.03141736431
-0.02192649835
-0.01169960389
-0.0009627480013
0.009970804544
0.02069340975
0.03070784357
0.03945180053
0.04634763372
0.05088256662
0.05271859322
0.05167959042
0.04741784861
0.04141841394
-0.05105927007
-0.05312345176
-0.05480753553
-0.05573673529
-0.05609118096
-0.05596639505
-0.05545706505
-0.05466738985
-0.05369691276
-0.05263364433
-0.05155168665
-0.05051093322
-0.04955809285
-0.04872842888
-0.04804774279
-0.04753430412
-0.04720056361
-0.04705457254
-0.0471010906
-0.04734239391
-0.04777881213
-0.04840903077
-0.049230192
-0.05023784002
-0.0514257021
-0.05278537565
-0.05430595344
-0.05597346682
-0.05777038335
-0.05967523153
-0.06166190738
-0.06369893562
-0.06574906676
-0.067768965
-0.0697089677
-0.07151283758
-0.07311755465
-0.07445349329
-0.07544493792
-0.07601063263
-0.07606428289
-0.07551965315
-0.07429330219
-0.07229816222
-0.06944832049
-0.06566424016
-0.06087634235
-0.05502988802
-0.0480903307
-0.04004985051
-0.03093645413
-0.02082501452
-0.009850629554
0.001775657914
0.01375035773
0.02566388796
0.03699667916
0.04713448134
0.05541259044
0.06120016938
0.06403027248
0.06360806256
0.0594677173
0.05322003125
-0.05559270583
-0.05797398536
-0.05983887281
-0.06074321407
-0.06092428902
-0.06051848253
-0.05965704615
-0.05847698493
-0.05710416724
-0.05564601443
-0.05418989278
-0.05280395427
-0.0515393547
-0.05043306964
-0.04951076329
-0.04878939834
-0.04827944474
-0.04798664183
-0.04791333078
-0.04805939952
-0.04842289304
-0.04900034464
-0.04978687401
-0.05077614827
-0.05196010442
-0.05332862162
-0.05486921841
-0.05656630878
-0.0584007362
-0.06034954864
-0.0623849859
-0.06447364602
-0.06657627048
-0.06864746616
-0.07063536241
-0.07248135133
-0.07411996
-0.07547898657
-0.0764799343
-0.07703858352
-0.07706548833
-0.0764692525
-0.07516195868
-0.0730519694
-0.07004784378
-0.06606355883
-0.06102211595
-0.05486102967
-0.04753640494
-0.03902836921
-0.02935151194
-0.01856533164
-0.006787546134
0.005788393596
0.01887341282
0.03206314231
0.04482463778
0.05649977775
0.06633919138
0.07358498485
0.07761801241
0.07798894417
0.07406923417
0.06759407834
-0.06079497218
-0.06356508066
-0.06562540711
-0.06644773793
-0.06635686751
-0.06555097053
-0.06421304584
-0.06252346053
-0.06064067099
-0.05869444061
-0.05678605989
-0.05499120144
-0.05336397792
-0.05194127036
-0.05074675559
-0.04979434806
-0.04909097881
-0.04863872246
-0.04843635092
-0.04848039081
-0.04876578418
-0.04928622636
-0.05003422597
-0.05100115451
-0.0521768701
-0.05354936208
-0.05510446351
-0.05682473785
-0.05868896254
-0.06067197036
-0.06274383951
-0.06486917714
-0.06700673743
-0.06910904567
-0.07112202056
-0.07298470466
-0.07462916095
-0.07598059365
-0.07695772095
-0.07747334835
-0.07743489434
-0.07674630983
-0.07531515058
-0.07304505941
-0.06983909017
-0.06560490205
-0.06025810646
-0.05372651407
-0.04595538377
-0.03691328106
-0.02660263821
-0.01506767816
-0.002406876033
0.01120605763
0.02550070096
0.04008433544
0.05441944557
0.06781304997
0.07943569359
0.0883952239
0.09389551873
0.09528874368
0.09172150223
0.08504695938
-0.0668998832
-0.07014058487
-0.07239462054
-0.07303479295
-0.07252167811
-0.07114642272
-0.06916429267
-0.06681174533
-0.06428619224
-0.06174165432
-0.05929254331
-0.0570197999
-0.05497764028
-0.0531999113
-0.05170556041
-0.05050303614
-0.04959367483
-0.04897416899
-0.04863831823
-0.04857814527
-0.04878458766
-0.04924789158
-0.04995763333
-0.05090272717
-0.05207058549
-0.05344653179
-0.05501375661
-0.05675250561
-0.05863948165
-0.06064736417
-0.06274408474
-0.06489218666
-0.06704834393
-0.06916291903
-0.07117957135
-0.07303498535
-0.07465876045
-0.07597349778
-0.07689511547
-0.07733339119
-0.07719249806
-0.07637205134
-0.07477473358
-0.07229909491
-0.06884248153
-0.06430589135
-0.05859729601
-0.05163544071
-0.04335465037
-0.03371057348
-0.02268826868
-0.01031260053
0.00333517503
0.01810178393
0.03374097304
0.04987858137
0.06598193922
0.08133249942
0.09502659355
0.106031918
0.1133484748
0.1160750861
0.1130453568
0.1062149776
-0.0742548695
-0.07804988688
-0.0804588526
-0.08074418933
-0.07957916472
-0.07739355359
-0.07454149448
-0.07132960747
-0.06799932973
-0.06472841977
-0.06164095871
-0.05881849656
-0.05631051802
-0.0541433591
-0.05232735794
-0.05086225071
-0.04974116308
-0.04895330976
-0.04848595075
-0.04832559815
-0.04845855943
-0.04887113406
-0.04954908225
-0.05047756869
-0.05164080549
-0.05302142039
-0.05460001179
-0.05635443385
-0.05825915586
-0.06028463789
-0.06239663511
-0.06455556076
-0.06671594645
-0.06882596367
-0.07082702096
-0.07265347875
-0.074232515
-0.07548416892
-0.07632159575
-0.07665154919
-0.07637489738
-0.07538721775
-0.07358601865
-0.07086435476
-0.0671135033
-0.06222717841
-0.05610473552
-0.04865462526
-0.0397988296
-0.02947841785
-0.01766098036
-0.004350424039
0.01039917738
0.02646497493
0.04362336928
0.06152470031
0.07965455631
0.097280986
0.1134329183
0.1269323194
0.1365451275
0.1410470338
0.1388315021
0.1319242238
-0.08339015516
-0.08780144642
-0.09024836336
-0.08988368799
-0.08771533092
-0.08437655542
-0.08035246173
-0.07603275826
-0.07170389074
-0.06756200221
-0.06373294513
-0.06029057879
-0.05727205341
-0.05468969191
-0.05253997356
-0.05080974455
-0.04948085891
-0.04853304132
-0.04794557777
-0.04769818703
-0.04777100835
-0.04814497635
-0.04880147872
-0.04972191345
-0.05088716245
-0.05227695431
-0.0538692213
-0.0556393596
-0.05755951843
-0.05959790785
-0.06171810016
-0.06387837814
-0.06603115709
-0.06812247861
-0.07009158906
-0.07187063156
-0.07338447758
-0.07455072228
-0.07527987255
-0.07547574858
-0.07503594825
-0.07385225772
-0.07181687704
-0.06881703177
-0.06473753629
-0.05946417931
-0.05288663349
-0.04490151489
-0.03541632429
-0.02435448813
-0.01166208289
0.002682993454
0.01865782671
0.03617559962
0.05505669903
0.07498953306
0.09547932112
0.1158028639
0.1349363301
0.1515509932
0.1641435035
0.1710760932
0.1701157271
0.1632918122
-0.09513959412
-0.1001468361
-0.1023549622
-0.1008381115
-0.09712903216
-0.09215182529
-0.08655598454
-0.08082031271
-0.07526801248
-0.07009955003
-0.06542759468
-0.06130470404
-0.05774444372
-0.0547361315
-0.0522558139
-0.05027296046
-0.04875476818
-0.04766875556
-0.04698373758
-0.04667090923
-0.04670361949
-0.04705712461
-0.04770809003
-0.04863395666
-0.04981220648
-0.05121958886
-0.05283134729
-0.05462042181
-0.0565566737
-0.05860613885
-0.06073030483
-0.06288543576
-0.06502196519
-0.06708396416
-0.0690086973
-0.07072628681
-0.07215950608
-0.07322372209
-0.07382701097
-0.07387046372
-0.07324857096
-0.07184957859
-0.0695604527
-0.0662624278
-0.06183355435
-0.05615112337
-0.049094099
-0.04054564038
-0.03039633044
-0.01854835514
-0.004921158408
0.01054053528
0.02785469677
0.04698364695
0.06780525766
0.09006994967
0.1133384411
0.1369026319
0.159718807
0.1803175427
0.1968869292
0.2072565573
0.2082926774
0.2018981459
-0.110856606
-0.1162124585
-0.1175835732
-0.1140637462
-0.1079960476
-0.1007013698
-0.09301624734
-0.08549576494
-0.07847343223
-0.07212522665
-0.066525166
-0.06168364031
-0.0575752291
-0.05415549004
-0.05137186232
-0.04917050645
-0.04749946624
-0.04631129726
-0.04556316452
-0.04521688097
-0.04523839412
-0.04559705805
-0.04626475384
-0.04721496564
-0.04842183961
-0.04985925216
-0.05149990857
-0.05331446339
-0.0552706786
-0.05733262517
-0.05945992787
-0.0616070651
-0.0637227372
-0.06574931181
-0.06762235682
-0.06927027581
-0.07061406207
-0.07156718655
-0.07203563633
-0.07191811504
-0.07110632176
-0.06948533343
-0.06693712277
-0.06333710329
-0.05855649331
-0.05246374681
-0.04492634238
-0.03581256352
-0.02499372302
-0.01234706194
0.002240221886
0.01886492881
0.03759814615
0.05846910149
0.08143782965
0.1063501745
0.1328661042
0.1603546627
0.1877698581
0.213552715
0.2355640884
0.2509453833
0.2552661331
0.2500625885
-0.1328205524
-0.1377069274
-0.1369954481
-0.130039933
-0.1203843428
-0.1098441806
-0.09942616981
-0.0897071787
-0.08097197912
-0.07332006898
-0.06674737282
-0.06119408282
-0.05657481108
-0.05279700826
-0.04976977316
-0.04741030301
-0.04564476852
-0.04440881936
-0.04364689771
-0.04331116369
-0.04336018752
-0.04375760694
-0.04447080487
-0.0454696516
-0.04672532331
-0.04820919428
-0.04989180413
-0.05174188767
-0.05372546797
-0.05580501037
-0.05793863651
-0.06007940162
-0.06217464364
-0.06416540974
-0.06598596919
-0.06756342195
-0.06881741541
-0.06965997855
-0.06999548414
-0.06972073979
-0.06872514273
-0.06689111723
-0.06409612129
-0.06021033234
-0.05509840966
-0.04862006184
-0.04063103844
-0.0309839426
-0.01952912683
-0.00611582111
0.009406190622
0.02718361414
0.04735390849
0.07003391085
0.09529753472
0.1231337845
0.1533713791
0.1855515987
0.218735179
0.2513137711
0.2808900867
0.303770168
0.3136878711
0.3113544087
-0.1650709201
-0.1672559473
-0.1619006747
-0.1491215611
-0.1340760381
-0.1190765666
-0.1051833145
-0.09285866434
-0.08222697517
-0.07322996565
-0.06572582616
-0.05954517884
-0.05451729082
-0.05048730982
-0.04731909851
-0.04489646376
-0.04312165376
-0.04191311917
-0.04120293683
-0.04093431849
-0.04105930016
-0.04153668174
-0.04233019807
-0.04340690573
-0.044735748
-0.04628627402
-0.04802748141
-0.04992676551
-0.05194895545
-0.05405543245
-0.05620331928
-0.05834474334
-0.06042617274
-0.06238783136
-0.06416319641
-0.06567858589
-0.06685284272
-0.06759712054
-0.06781477536
-0.06740135285
-0.06624461305
-0.06422497689
-0.06121622059
-0.05708423387
-0.05168784094
-0.04487870417
-0.03650141249
-0.02639314068
-0.01438293898
-0.0002906238401
0.01607466738
0.03491589271
0.05644845914
0.08089713531
0.1084844394
0.1394006023
0.1737370922
0.2113532431
0.2516319078
0.2931208741
0.3332698764
0.3676281143
0.3875378766
0.3919150303
-0.2149210741
-0.2088526278
-0.193718901
-0.171223337
-0.1482522503
-0.1273207295
-0.109215065
-0.09401127002
-0.08147359813
-0.0712589176
-0.06300817413
-0.05639931746
-0.05115623069
-0.04705056733
-0.0438965575
-0.04154453659
-0.03987434256
-0.03878943347
-0.03821186419
-0.03807812836
-0.0383357407
-0.03894042869
-0.03985380919
-0.04104144286
-0.04247118288
-0.04411174964
-0.04593148272
-0.04789723124
-0.04997335696
-0.05212083201
-0.05429641989
-0.05645193406
-0.05853357235
-0.06048132859
-0.06222848334
-0.06370117792
-0.06481807387
-0.06549010029
-0.06562028499
-0.0651036547
-0.06382713878
-0.061669946
-0.05850335391
-0.05419019116
-0.04858468301
-0.04153186087
-0.03286673319
-0.02241272884
-0.009979249259
0.004641959308
0.0216819548
0.04140151892
0.06409975963
0.09012335711
0.1198730895
0.1537991664
0.1923663825
0.2359493384
0.2845835451
0.3374937183
0.3924203736
0.4444225529
0.482383608
0.5021711894
-0.294506437
-0.2678264762
-0.233221097
-0.1950460511
-0.1609017063
-0.1325690167
-0.1098242027
-0.09185426811
-0.07774902965
-0.06671919641
-0.05811826039
-0.05143722056
-0.04628310438
-0.04235522544
-0.03942365389
-0.03731208992
-0.03588460537
-0.0350355469
-0.03468190654
-0.03475754186
-0.03520876674
-0.03599092969
-0.03706572377
-0.03839901701
-0.03995907506
-0.04171506145
-0.04363575534
-0.04568842479
-0.04783783027
-0.05004532634
-0.05226805415
-0.05445820984
-0.05656239008
-0.05852101024
-0.06026779824
-0.06172936421
-0.06282484622
-0.06346563133
-0.06355514263
-0.06298867369
-0.06165320076
-0.05942761062
-0.05618210576
-0.05177784198
-0.04606614554
-0.03888752404
-0.03007003448
-0.0194266355
-0.006751132214
0.008187886106
0.0256559693
0.04596569257
0.0694948795
0.09671154866
0.1282061746
0.1647286835
0.2072182994
0.2567898829
0.3145890876
0.3813609668
0.4563828876
0.534612898
0.6023423456
0.6529275652
-0.4287981951
-0.349953335
-0.2766353368
-0.2151369094
-0.1671142959
-0.1310334208
-0.1043553771
-0.08461035316
-0.06990355068
-0.0588939872
-0.05062391728
-0.04440929371
-0.0397635916
-0.03633830525
-0.03388055734
-0.03220454191
-0.03117190694
-0.030678095
-0.03064276864
-0.03100301764
-0.03170842541
-0.03271741089
-0.03399443598
-0.03550782302
-0.03722798995
-0.0391259914
-0.04117227272
-0.04333558922
-0.04558204526
-0.0478742349
-0.05017046346
-0.05242404522
-0.05458267034
-0.05658784131
-0.05837437874
-0.05986999616
-0.0609949447
-0.06166172089
-0.06177483191
-0.06123058743
-0.05991687893
-0.05771323985
-0.05449022713
-0.05010880132
-0.04441943863
-0.03726080335
-0.02845758862
-0.01781713632
-0.005124270123
0.009866551542
0.02744308602
0.0479531811
0.07183172726
0.09964128555
0.1321330025
0.1703363832
0.2156855114
0.2701766669
0.3365133987
0.418080067
0.5179033471
0.6338621519
0.7518942589
0.8636902262
-0.7268692471
-0.4656208093
-0.3056853815
-0.2154034742
-0.1554474684
-0.1148930477
-0.08777526596
-0.06913542518
-0.05596104963
-0.04651805136
-0.03969172127
-0.03474297429
-0.0311833515
-0.02868267193
-0.02701110702
-0.0260051167
-0.02554593833
-0.02554544987
-0.02593680018
-0.02666805107
-0.02769770862
-0.02899147569
-0.03051980822
-0.03225601031
-0.03417469415
-0.03625049453
-0.03845696279
-0.04076559353
-0.04314495124
-0.04555987831
-0.04797077187
-0.05033292414
-0.05259592359
-0.05470311783
-0.05659113881
-0.05818949214
-0.05942020967
-0.06019756174
-0.06042781862
-0.06000903283
-0.05883091618
-0.05677467689
-0.05371245431
-0.04950672893
-0.04400944232
-0.03706058486
-0.02848595204
-0.01809365812
-0.005668769738
0.009034929217
0.02630759683
0.04650293854
0.07006895737
0.09759701766
0.129901694
0.1681532773
0.2141007109
0.2704490363
0.3415001941
0.434145045
0.5585399588
0.7273162311
0.9626629534
1.289840613
-1.421111363
-0.6415033625
-0.3250343406
-0.2055250442
-0.1332233765
-0.08914766467
-0.06384111398
-0.04833573458
-0.03819718708
-0.03140439033
-0.02678910654
-0.02364237639
-0.02154323398
-0.02023041066
-0.01953199816
-0.01933047163
-0.01954277166
-0.02010817149
-0.02098083689
-0.02212506444
-0.02351203891
-0.02511749886
-0.02691996846
-0.028899348
-0.03103574016
-0.0333084345
-0.03569500385
-0.038170482
-0.04070660525
-0.04327110702
-0.04582706113
-0.04833227249
-0.05073871688
-0.05299203298
-0.05503107013
-0.05678749539
-0.05818546079
-0.05914132986
-0.0595634549
-0.05935201153
-0.05839887372
-0.05658738663
-0.05379199899
-0.0498777777
-0.04469963114
-0.03810107447
-0.02991227711
-0.01994700925
-0.007997907886
0.006170839551
0.02283485929
0.04232748143
0.06506855839
0.09161240671
0.1227308653
0.1595639791
0.2039064108
0.2587785938
0.3296339704
0.4269134325
0.5703788017
0.7993754813
1.238649397
2.159061247
)
;

boundaryField
{
    movingWall
    {
        type            zeroGradient;
    }
    fixedWalls
    {
        type            zeroGradient;
    }
    frontAndBack
    {
        type            empty;
    }
}


// ************************************************************************* //
