/*--------------------------------*- C++ -*----------------------------------*\
  =========                 |
  \\      /  F ield         | OpenFOAM: The Open Source CFD Toolbox
   \\    /   O peration     | Website:  https://openfoam.org
    \\  /    A nd           | Version:  11
     \\/     M anipulation  |
\*---------------------------------------------------------------------------*/
FoamFile
{
    format      ascii;
    class       volScalarField;
    location    "1000";
    object      p;
}
// * * * * * * * * * * * * * * * * * * * * * * * * * * * * * * * * * * * * * //

dimensions      [0 2 -2 0 0 0 0];

internalField   nonuniform List<scalar> 
4096
(
2.351999121e-09
-3.455359064e-05
-0.0001477984729
-0.0003323917281
-0.0005631050709
-0.000819205062
-0.001083969819
-0.001344092518
-0.001589359294
-0.001812152162
-0.002006923335
-0.002169727684
-0.002297828378
-0.002389374752
-0.002443147421
-0.002458363988
-0.002434538181
-0.002371385398
-0.002268767932
-0.002126673496
-0.001945221009
-0.001724687983
-0.001465554146
-0.001168556329
-0.0008347498737
-0.0004655722083
-6.290442843e-05
0.0003708729462
0.0008328336384
0.001319471998
0.001826685065
0.002349772937
0.00288346017
0.003421938746
0.003958931999
0.004487783316
0.005001568261
0.005493226782
0.005955713672
0.006382163792
0.006766067553
0.007101451437
0.00738305769
0.007606516981
0.007768507781
0.007866896505
0.007900853158
0.007870938254
0.0077791582
0.007628987979
0.007425361861
0.007174634755
0.006884518563
0.006563999266
0.006223240815
0.005873480627
0.005526915321
0.005196568691
0.004896104518
0.004639457071
0.004440089218
0.004310226174
0.004259208418
0.004270442592
3.421147335e-05
-5.53332985e-07
-9.944410729e-05
-0.0002581153461
-0.0004561765589
-0.0006767713894
-0.0009060474285
-0.001132615055
-0.00134742057
-0.001543476209
-0.001715512374
-0.001859638043
-0.001973036872
-0.002053707831
-0.002100252852
-0.002111710342
-0.002087431322
-0.002026993995
-0.001930152041
-0.00179681183
-0.001627033691
-0.001421052527
-0.001179313214
-0.0009025163994
-0.0005916705661
-0.0002481463796
0.0001262703936
0.000529330938
0.0009582837094
0.001409846083
0.001880190061
0.002364944489
0.002859216773
0.003357633924
0.003854401952
0.004343388768
0.004818228518
0.005272443882
0.005699585033
0.006093381974
0.00644790607
0.006757735898
0.007018121981
0.007225144625
0.007375859071
0.007468422393
0.007502197267
0.007477828609
0.007397290379
0.007263901281
0.007082309692
0.006858449698
0.006599471424
0.006313649655
0.006010274539
0.005699526308
0.005392332288
0.005100195566
0.004834966344
0.004608456186
0.004431820006
0.004315516754
0.004269765307
0.004281434794
0.0001480342309
9.770996601e-05
-2.263351452e-06
-0.0001476566042
-0.0003237249105
-0.0005176546771
-0.0007184881181
-0.0009169158555
-0.001105293481
-0.001277531375
-0.00142889245
-0.001555765615
-0.001655446092
-0.001725937587
-0.00176578399
-0.001773933546
-0.001749635466
-0.001692367146
-0.00160178917
-0.001477724691
-0.001320159498
-0.001129258993
-0.0009053982723
-0.0006492016151
-0.0003615877534
-4.381745096e-05
0.0003024599588
0.0006751642688
0.001071749362
0.001489178278
0.001923910923
0.002371906751
0.002828645594
0.003289165962
0.003748119921
0.004199850506
0.004638488852
0.005058067869
0.005452651566
0.005816476869
0.006144104015
0.006430570875
0.006671546064
0.006863475307
0.007003715505
0.007090651173
0.007123788486
0.00710382303
0.00703267852
0.006913515032
0.006750706753
0.00654979057
0.006317387899
0.006061102775
0.005789398899
0.005511456847
0.005237009803
0.004976152974
0.004739110138
0.004535884929
0.004375785403
0.00426790105
0.004223166289
0.004231308709
0.0003357859491
0.000257023273
0.0001404052335
-7.023244996e-06
-0.0001760323971
-0.0003570858181
-0.0005416041852
-0.0007221919224
-0.0008926577148
-0.001047964457
-0.001184112302
-0.001297987031
-0.001387201547
-0.001449946803
-0.001484861294
-0.001490923732
-0.001467370532
-0.001413637726
-0.001329325728
-0.001214184558
-0.001068116749
-0.0008911948812
-0.0006836906305
-0.0004461121509
-0.0001792466848
0.0001157946805
0.0004375331056
0.0007840818578
0.001153112748
0.001541831821
0.001946966742
0.002364768151
0.002791028306
0.003221116391
0.003650028642
0.004072461349
0.004482902679
0.00487574047
0.005245385433
0.005586406726
0.005893676077
0.006162515907
0.006388846378
0.006569325843
0.006701479125
0.006783808239
0.006815880675
0.006798391231
0.006733194449
0.00662330604
0.006472873059
0.006287113924
0.006072230539
0.005835295458
0.005584117209
0.005327086108
0.005073001734
0.004830883163
0.004609757696
0.004418379803
0.004264903356
0.00415751481
0.004106595499
0.004104091923
0.0005739195561
0.0004581386414
0.0003146482191
0.0001552373826
-1.637328182e-05
-0.000193552655
-0.0003698057829
-0.0005395273358
-0.0006979728867
-0.0008412245911
-0.000966127714
-0.001070189965
-0.001151467618
-0.001208454669
-0.001239983968
-0.001245145329
-0.001223222932
-0.001173652431
-0.001095996927
-0.0009899401446
-0.0008552946728
-0.0006920228225
-0.0005002675015
-0.000280390428
-3.301497672e-05
0.0002409290542
0.0005401614561
0.0008630110807
0.001207381411
0.001570724796
0.001950027755
0.002341809641
0.002742137856
0.003146659927
0.003550649017
0.003949072989
0.004336682093
0.004708112689
0.005058006693
0.005381143788
0.005672582585
0.005927806211
0.006142867118
0.006314525497
0.006440375503
0.006518953668
0.00654982437
0.006533638043
0.006472158962
0.006368260737
0.006225889166
0.00604999351
0.005846428605
0.005621831225
0.005383474715
0.005139105958
0.004896768648
0.004664617963
0.00445072927
0.004262874452
0.004108301652
0.003994239755
0.003929330268
0.003908330799
0.0008426541141
0.0006846339097
0.0005077131319
0.0003294351434
0.000148263424
-3.174660964e-05
-0.0002059352745
-0.0003703486878
-0.000521634622
-0.0006569994112
-0.0007741772339
-0.0008713631312
-0.0009471305972
-0.001000349657
-0.001030113464
-0.001035678097
-0.001016417953
-0.000971797467
-0.000901358682
-0.0008047234671
-0.0006816086661
-0.0005318521774
-0.0003554477808
-0.0001525864193
7.629842376e-05
0.0003304836631
0.0006089103201
0.0009101404942
0.001232320112
0.001573149961
0.001929867437
0.002299241343
0.002677582545
0.003060772687
0.003444305231
0.003823350839
0.004192841894
0.004547573535
0.004882321229
0.00519197189
0.005471664743
0.005716937294
0.005923871038
0.006089231014
0.00621059312
0.006286453168
0.006316312176
0.006300733215
0.00624136629
0.006140939183
0.006003213798
0.005832909166
0.005635593882
0.005417552042
0.005185627801
0.004947054281
0.004709273047
0.004479751226
0.00426580175
0.004074400664
0.003912043537
0.003784969146
0.003699477987
0.003653738648
0.001125148949
0.0009221420792
0.0007077933775
0.0005058984971
0.0003100564154
0.0001220720459
-5.499720081e-05
-0.0002186988922
-0.0003669891239
-0.0004981648033
-0.000610850902
-0.0007039542749
-0.0007766023618
-0.0008280823251
-0.0008577874611
-0.0008651748558
-0.0008497364362
-0.0008109841101
-0.0007484486599
-0.0006616913891
-0.0005503270887
-0.0004140566187
-0.0002527072315
-6.627864124e-05
0.0001450072436
0.000380655101
0.0006398457536
0.0009213888599
0.001223681179
0.001544672902
0.001881844562
0.002232196952
0.002592256167
0.002958098926
0.003325389044
0.003689439205
0.004045293114
0.00438782494
0.004711856466
0.005012288987
0.005284246048
0.005523222259
0.00572523257
0.005886955777
0.006005865751
0.006080343918
0.006109766983
0.006094564759
0.006036244189
0.005937377227
0.00580155199
0.005633288534
0.005437922384
0.005221460669
0.004990417062
0.004751632735
0.004512091246
0.004278735126
0.004058290383
0.003857113063
0.003681106816
0.003535601675
0.003424402917
0.003349542805
0.001406784704
0.001157721912
0.0009037837556
0.000675206981
0.000461126064
0.0002613796539
7.762487194e-05
-8.904420648e-05
-0.0002377979867
-0.0003679693955
-0.0004790491557
-0.0005706514304
-0.000642466091
-0.0006942128551
-0.0007256028591
-0.0007363107817
-0.0007259592355
-0.0006941159179
-0.0006403031483
-0.0005640188641
-0.0004647677907
-0.0003421012795
-0.0001956641575
-2.524681867e-05
0.0001691593216
0.0003873050028
0.0006286270558
0.0008921953666
0.001176665273
0.001480237917
0.001800631211
0.002135063951
0.002480254217
0.002832441181
0.003187416857
0.003540584054
0.003887036715
0.004221658466
0.004539240425
0.004834615275
0.005102803603
0.005339167598
0.005539566169
0.005700504892
0.005819273784
0.005894065877
0.005924070033
0.005909532292
0.005851781385
0.005753215731
0.005617251225
0.005448231255
0.00525130252
0.005032262212
0.00479738378
0.004553229795
0.004306461166
0.004063650501
0.003831105709
0.003614738853
0.003420038977
0.003251588165
0.003110794926
0.00300387441
0.001674857005
0.001379743532
0.001085325264
0.0008282699012
0.0005935971473
0.0003794091106
0.000186127633
1.361493945e-05
-0.000138421255
-0.0002702864556
-0.0003822964941
-0.0004747492086
-0.0005478852043
-0.0006018526967
-0.0006366807442
-0.0006522631095
-0.0006483539673
-0.0006245756722
-0.0005804380939
-0.0005153685839
-0.0004287513667
-0.0003199749734
-0.0001884862209
-3.384913053e-05
0.0001441929355
0.0003456537841
0.0005702415813
0.0008172989441
0.001085748339
0.001374045373
0.001680142831
0.00200146814
0.002334914089
0.00267685674
0.003023182364
0.003369340962
0.003710425069
0.004041267732
0.004356561624
0.004650996266
0.004919409296
0.005156946681
0.005359225661
0.005522493403
0.005643773823
0.005720994952
0.005753089625
0.005740063142
0.005683022984
0.005584167457
0.005446732386
0.005274897316
0.005073655175
0.00484865158
0.004606001958
0.004352096143
0.004093400847
0.003836267588
0.003586751865
0.003350500133
0.003132776189
0.002937616911
0.002764250142
0.002623281012
0.001918187988
0.001577706284
0.001242779664
0.0009563741501
0.0006996807469
0.000469241404
0.0002643713536
8.380707446e-05
-7.378131423e-05
-0.0002096074618
-0.0003247642769
-0.0004201982741
-0.0004966757468
-0.0005547555499
-0.0005947715943
-0.0006168264415
-0.0006207967194
-0.0006063502834
-0.000572974488
-0.0005200145953
-0.0004467211561
-0.0003523050732
-0.0002359989697
-9.712338494e-05
6.484380171e-05
0.0002501964871
0.0004589299713
0.0006906733
0.0009446267525
0.001219507142
0.001513504032
0.001824249729
0.002148801286
0.002483653727
0.002824762159
0.003167589813
0.003507185269
0.003838279785
0.004155407947
0.004453048598
0.004725781963
0.004968457697
0.005176367377
0.005345413978
0.005472270234
0.005554517589
0.005590757775
0.005580689929
0.005525147649
0.005426092316
0.005286561449
0.005110573509
0.004902993301
0.004669364744
0.004415719961
0.004148375438
0.00387372667
0.003598048686
0.003327307997
0.0030670646
0.002822551057
0.002597475951
0.002389136975
0.002212664653
0.002126762668
0.001742025986
0.001367149139
0.001051191645
0.000771743599
0.0005239168694
0.000306016162
0.0001157376011
-4.921318594e-05
-0.0001908972538
-0.0003111346797
-0.0004114799582
-0.000493192016
-0.0005572134038
-0.0006041606027
-0.0006343260288
-0.0006476919925
-0.0006439562708
-0.0006225685279
-0.0005827765822
-0.0005236813946
-0.0004442995719
-0.0003436321166
-0.0002207380581
-7.481146939e-05
9.473981863e-05
0.0002882157318
0.0005055478977
0.0007462284928
0.001009246749
0.001293036492
0.001595437846
0.001913669532
0.002244335904
0.002583444587
0.002926447323
0.003268315305
0.003603635329
0.003926731757
0.004231811321
0.004513126628
0.004765153062
0.004982772328
0.005161454783
0.005297431859
0.005387849571
0.005430894316
0.00542588303
0.005373311234
0.005274854617
0.005133322381
0.004952563536
0.00473733035
0.004493106138
0.004225907025
0.003942069414
0.0036480356
0.00335014476
0.003054434822
0.00276655629
0.002491902442
0.002234066339
0.001988655278
0.001775429974
0.002291448712
0.001863853909
0.001449990785
0.001104764866
0.0008023471105
0.0005365124946
0.0003046241818
0.000103404593
-7.034377209e-05
-0.0002194746341
-0.0003464868351
-0.0004535003519
-0.0005422296594
-0.0006139687208
-0.0006695884083
-0.0007095461693
-0.0007339077693
-0.0007423805427
-0.0007343572901
-0.0007089698221
-0.0006651510819
-0.0006017047417
-0.0005173811163
-0.00041095815
-0.0002813260798
-0.0001275741681
5.092237886e-05
0.000254417509
0.0004827139516
0.0007350902174
0.001010238613
0.001306217807
0.00162041455
0.001949542036
0.002289653983
0.002636175765
0.002983977242
0.003327466726
0.0036607136
0.003977596667
0.004271974203
0.004537870392
0.004769671226
0.004962321645
0.005111514629
0.005213862477
0.005267040562
0.005269894597
0.005222503964
0.005126195787
0.004983507246
0.004798096812
0.004574608502
0.004318496494
0.004035820337
0.003733023333
0.003416707598
0.003093412932
0.002769405131
0.002450597677
0.00214273035
0.001849480204
0.001564969259
0.001313699691
0.00240379405
0.001934938712
0.001483344034
0.001109487899
0.0007842714164
0.0005001985507
0.0002537388351
4.069207515e-05
-0.0001429917591
-0.0003009109842
-0.0004361981191
-0.0005514968311
-0.0006489388554
-0.0007301348101
-0.000796178576
-0.0008476643138
-0.0008847155592
-0.0009070256366
-0.0009139084782
-0.0009043588855
-0.0008771212605
-0.0008307658297
-0.0007637713418
-0.0006746131318
-0.0005618552724
-0.0004242453005
-0.0002608096896
-7.094787997e-05
0.0001454776774
0.0003880583709
0.0006557670559
0.0009469005622
0.001259030213
0.001588987654
0.001932877236
0.002286093805
0.002643392195
0.002998977472
0.003346627008
0.00367984159
0.003992021716
0.004276663897
0.004527569982
0.004739060972
0.004906185484
0.005024912285
0.005092296167
0.005106607042
0.005067413528
0.00497561454
0.004833415301
0.004644247689
0.004412638547
0.004144033302
0.003844585449
0.003520925301
0.003179922527
0.002828449651
0.002473152382
0.002120374271
0.001776379939
0.001445113189
0.001119371244
0.0008285455027
0.002455888995
0.001947528287
0.001459676528
0.001058091972
0.0007105349788
0.000408285667
0.0001469525174
-7.854818595e-05
-0.0002730773948
-0.0004409362788
-0.0005858499917
-0.0007109462718
-0.0008187365356
-0.0009111129321
-0.0009893598778
-0.001054178413
-0.001105722451
-0.001143646
-0.001167160445
-0.001175100985
-0.001166001412
-0.001138176401
-0.001089810478
-0.001019052712
-0.0009241160187
-0.0008033796638
-0.0006554932375
-0.0004794799432
-0.0002748366514
-4.16277855e-05
0.0002194310108
0.0005069043371
0.0008185760918
0.001151417187
0.001501599435
0.001864494934
0.002234741228
0.002606325714
0.002972705397
0.003326959395
0.003661970668
0.003970632077
0.004246069913
0.004481876102
0.004672338807
0.004812659974
0.004899148
0.004929374024
0.004902281618
0.004818241822
0.00467904854
0.004487853
0.004249040101
0.003968053637
0.003651181074
0.003305311948
0.002937685454
0.002555634517
0.002166332635
0.001776715516
0.001393744375
0.001021796669
0.0006524578298
0.0003202138287
0.002440278956
0.001894306954
0.001371850031
0.0009436398288
0.0005744151401
0.0002542678119
-2.203246011e-05
-0.0002604223562
-0.0004665390632
-0.0006453502942
-0.0008011368813
-0.0009374739249
-0.001057216866
-0.00116250539
-0.001254782496
-0.001334826354
-0.001402793643
-0.001458273334
-0.001500350014
-0.001527675979
-0.001538551444
-0.00153101226
-0.001502924511
-0.00145208525
-0.001376328436
-0.001273634839
-0.001142244298
-0.0009807682589
-0.0007883000685
-0.0005645201264
-0.0003097917945
-2.524206473e-05
0.0002871662677
0.00062457659
0.0009832589299
0.001358583868
0.001745082417
0.002136521839
0.002526020636
0.00290620044
0.003269371728
0.003607749007
0.003913688869
0.004179942112
0.004399909197
0.004567886821
0.004679292534
0.00473085436
0.00472075337
0.004648709216
0.004516001714
0.004325425528
0.004081179452
0.003788696508
0.003454425356
0.003085577562
0.002689857367
0.002275181444
0.00184939556
0.001420186194
0.0009953787337
0.000579938064
0.0001643051238
-0.0002116607341
0.002349917445
0.001768361946
0.001213105263
0.0007595305932
0.0003694726554
3.186469702e-05
-0.0002593462408
-0.0005109246988
-0.0007292542863
-0.0009199372582
-0.001087776902
-0.00123676214
-0.00137005942
-0.001490024115
-0.001598227581
-0.001695496715
-0.001781964385
-0.001857129548
-0.00191992622
-0.001968800665
-0.002001796381
-0.002016646515
-0.002010873327
-0.001981894241
-0.001927133755
-0.001844140198
-0.001730705899
-0.001584988817
-0.001405633205
-0.001191886465
-0.0009437082598
-0.00066186458
-0.0003480105888
-4.782850347e-06
0.0003642329137
0.0007544422914
0.001160295564
0.001575351491
0.001992384355
0.002403532455
0.002800485609
0.003174708119
0.003517691126
0.00382122574
0.004077685961
0.004280308406
0.004423454511
0.004502840402
0.004515720196
0.004461010351
0.00433934567
0.004153061676
0.003906102978
0.003603862468
0.003252961275
0.002860984266
0.00243618876
0.001987194292
0.001522661163
0.001051183952
0.0005816190168
0.0001196637743
-0.0003453606462
-0.0007678569806
0.002178149408
0.001563174238
0.0009770637338
0.0004995152718
8.958170546e-05
-0.0002649341632
-0.0005708946196
-0.0008358698191
-0.001066963008
-0.001270382144
-0.001451422944
-0.001614457757
-0.001762934033
-0.001899393819
-0.002025509194
-0.002142129733
-0.002249339982
-0.002346525682
-0.00243244794
-0.002505324922
-0.002562920878
-0.002602642422
-0.002621642007
-0.002616928405
-0.002585483774
-0.002524386562
-0.002430939043
-0.002302797739
-0.002138104438
-0.001935615104
-0.001694823023
-0.001416067991
-0.001100630507
-0.0007508586167
-0.0003701346958
3.703623603e-05
0.0004650671262
0.0009073366603
0.001356284471
0.001803552573
0.002240171554
0.002656789082
0.003043935539
0.003392318658
0.003693136144
0.003938392691
0.004121205761
0.004236083384
0.004279157207
0.004248355459
0.004143503269
0.003966341978
0.003720464347
0.003411168465
0.003045239091
0.002630671143
0.002176353996
0.001691724799
0.001186399761
0.000670040311
0.0001527037925
-0.0003590387226
-0.0008769990156
-0.001349382189
0.00191871872
0.001272628379
0.0006577437951
0.0001577219628
-0.0002710342901
-0.0006418226373
-0.0009623015717
-0.001240825379
-0.001485191625
-0.001702187249
-0.001897572994
-0.002076077217
-0.00224140155
-0.002396248968
-0.00254236789
-0.002680607636
-0.002810982858
-0.002932745541
-0.003044463887
-0.003144107824
-0.003229141248
-0.00329662125
-0.003343304588
-0.003365761592
-0.003360497413
-0.003324080179
-0.003253275191
-0.003145183661
-0.002997383917
-0.002808072568
-0.002576202264
-0.002301607581
-0.001985114937
-0.001628695697
-0.001235450111
-0.0008097213679
-0.000357070594
0.0001157492352
0.0006008714514
0.001089445452
0.00157181741
0.002037760988
0.002476754176
0.002878295025
0.003232245589
0.003529190083
0.003760790422
0.003920120324
0.00400195832
0.004003020786
0.003922118471
0.003760224146
0.003520444587
0.00320789666
0.00282949434
0.002393660781
0.001909984921
0.001388831343
0.0008409138341
0.0002771236508
-0.0002911033398
-0.0008561797168
-0.001431096482
-0.001957298143
0.001565793125
0.0008910376182
0.0002495884053
-0.0002713106112
-0.000717761498
-0.001104128168
-0.001438850455
-0.001731044427
-0.001989176873
-0.00222058824
-0.002431478989
-0.002626908825
-0.002810809993
-0.002986024209
-0.003154355561
-0.003316633932
-0.00347278615
-0.003621913367
-0.003762374044
-0.003891872509
-0.004007553495
-0.004106103254
-0.004183857916
-0.004236919648
-0.004261280932
-0.004252956934
-0.004208125435
-0.004123273209
-0.003995347072
-0.003821907347
-0.003601280793
-0.003332704289
-0.003016452158
-0.002654015382
-0.002248116624
-0.001802838371
-0.001323630753
-0.0008173070605
-0.0002919892549
0.0002430041479
0.0007773278575
0.001299838015
0.001798876796
0.002262607586
0.002679390831
0.003038186573
0.003328965831
0.003543109875
0.003673774567
0.003716196692
0.003667920912
0.003528929807
0.003301665273
0.002990936834
0.002603720702
0.002148862394
0.001636702924
0.001078637795
0.0004866211045
-0.0001270560881
-0.0007493898739
-0.001371626988
-0.00200801156
-0.002592554285
0.00111400305
0.000413180035
-0.0002524983387
-0.0007925931069
-0.001255550182
-0.001656759421
-0.002005423936
-0.002311397162
-0.002583789296
-0.002830469392
-0.003058053991
-0.003271912059
-0.003476186151
-0.003673838295
-0.003866711665
-0.004055601757
-0.004240333908
-0.004419845508
-0.004592272378
-0.004755039489
-0.004904956759
-0.005038320899
-0.005151024384
-0.005238672561
-0.005296709648
-0.005320554044
-0.00530574289
-0.005248085187
-0.005143822083
-0.004989792447
-0.004783601274
-0.004523782615
-0.004209946251
-0.003842975211
-0.003425103454
-0.00296002839
-0.002452978559
-0.001910729592
-0.001341580734
-0.0007552675756
-0.0001628101126
0.000423706634
0.0009914198198
0.001527040046
0.002017258245
0.002449194726
0.002810871909
0.003091687828
0.003282864159
0.003377840916
0.003372590619
0.003265827935
0.003059096575
0.002756723237
0.002365637978
0.001895071494
0.001356149307
0.0007613924276
0.0001241390755
-0.000541740571
-0.001221468723
-0.001904964103
-0.002607820506
-0.003255824383
0.0005584892276
-0.0001656571373
-0.0008531083622
-0.001410641072
-0.00188886633
-0.002304152361
-0.002666443278
-0.002986302554
-0.003273456605
-0.003536278302
-0.003781778012
-0.004015614318
-0.004242123067
-0.004464372106
-0.004684231483
-0.004902452016
-0.005118748654
-0.005331886869
-0.005539771576
-0.00573953903
-0.005927652727
-0.006100004694
-0.006252023694
-0.006378791807
-0.006475170666
-0.006535938273
-0.006555936822
-0.006530231411
-0.006454278703
-0.006324104074
-0.006136485489
-0.005889136944
-0.005580876251
-0.005211833347
-0.004783619953
-0.004299398312
-0.003764037462
-0.003184147482
-0.002568095458
-0.001925951585
-0.001269363534
-0.0006113540908
3.396140025e-05
0.0006517369068
0.001226830689
0.001744301258
0.002189945842
0.002550856828
0.002815966464
0.002976546714
0.003026630206
0.002963320309
0.002786963809
0.0025011682
0.00211265661
0.001630966993
0.001068014648
0.0004375275911
-0.0002456281093
-0.0009658127665
-0.001706248414
-0.002455345577
-0.003230160988
-0.003947342293
-0.0001050432368
-0.0008496286955
-0.001556283395
-0.002129428248
-0.002621642206
-0.003050216192
-0.003425808141
-0.003759660773
-0.004062087787
-0.004341940918
-0.004606603349
-0.004862006042
-0.005112664479
-0.005361741929
-0.005611127738
-0.005861522757
-0.006112527885
-0.006362733819
-0.006609811585
-0.006850604497
-0.007081222912
-0.007297143574
-0.007493315531
-0.0076642746
-0.007804268194
-0.007907391972
-0.007967739379
-0.00797956449
-0.007937457875
-0.007836534452
-0.007672632383
-0.007442517809
-0.007144075865
-0.006776522187
-0.006340688962
-0.005839027992
-0.005275881912
-0.004657534523
-0.003992275677
-0.003290390454
-0.002564069925
-0.001827236056
-0.001095273449
-0.0003846650348
0.000287465365
0.0009038938366
0.001447903008
0.001903929033
0.002258216026
0.002499439266
0.002619255256
0.002612737136
0.002478658405
0.002219596669
0.001841841619
0.001355107779
0.0007720687554
0.0001077216224
-0.0006213988366
-0.001397681345
-0.002202097404
-0.003021345318
-0.003874069578
-0.004666732739
-0.0008802687579
-0.001642280596
-0.002365467814
-0.002952339961
-0.003457227859
-0.003898280943
-0.004286838464
-0.004634787884
-0.004952999326
-0.005250778232
-0.005535860833
-0.005814435725
-0.006091187861
-0.006369369818
-0.006650887559
-0.006936392004
-0.007225371947
-0.007516246238
-0.007806454868
-0.008092549788
-0.008370287186
-0.008634723393
-0.008880316907
-0.009101039022
-0.00929049544
-0.009442060946
-0.00954902883
-0.009604776171
-0.00960294536
-0.009537641436
-0.009403645018
-0.009196638101
-0.008913421918
-0.008552130799
-0.00811261612
-0.007596435704
-0.007007207273
-0.006350692058
-0.005634918174
-0.004870223266
-0.004069213182
-0.003246626485
-0.002419092828
-0.00160477751
-0.0008229106115
-9.320678492e-05
0.0005648090343
0.001132544669
0.001593117084
0.001932117865
0.002138317296
0.002204254261
0.002126662006
0.001906688084
0.001549880586
0.001065932151
0.0004681938519
-0.0002270346828
-0.001001416956
-0.001835157155
-0.002706698974
-0.003600795596
-0.004537809564
-0.005412832258
-0.001770185029
-0.002546500506
-0.003283463511
-0.003882129161
-0.004398345895
-0.004851048788
-0.005252220388
-0.005614354626
-0.00594884534
-0.00626542644
-0.006572168872
-0.006875506804
-0.007180288221
-0.007489853429
-0.007806127481
-0.008129717022
-0.008460006632
-0.008795252418
-0.009132672494
-0.009468535416
-0.009798248547
-0.010116449
-0.0104171001
-0.01069359633
-0.01093887986
-0.01114557123
-0.01130611666
-0.01141295377
-0.01145869686
-0.01143634212
-0.011339493
-0.01116260522
-0.01090123316
-0.01055226642
-0.01011434811
-0.009587926608
-0.00897567266
-0.008282594838
-0.007516233149
-0.00668676838
-0.005807041569
-0.004892472384
-0.003960859281
-0.003032047758
-0.002127459177
-0.001269480884
-0.0004807289043
0.0002167932823
0.0008026031722
0.001258665652
0.001570277877
0.001726847062
0.001722495565
0.001556434599
0.001233062384
0.0007617651093
0.0001564248722
-0.0005653637686
-0.001383345346
-0.002275318681
-0.003216893883
-0.004190612047
-0.005218684249
-0.006183495749
-0.00277706085
-0.003564472109
-0.00431238928
-0.004920877634
-0.005447051929
-0.005910551435
-0.006323958439
-0.006700331464
-0.007051553789
-0.007387762791
-0.007717347581
-0.008046978898
-0.008381665372
-0.008724838312
-0.009078449791
-0.009443073738
-0.009818004656
-0.0102013515
-0.01059012635
-0.01098032915
-0.01136703074
-0.01174445725
-0.01210607927
-0.01244470935
-0.01275261138
-0.01302162522
-0.01324330971
-0.01340910657
-0.01351052729
-0.01353936408
-0.01348792596
-0.01334930103
-0.01311762971
-0.0127883667
-0.01235872333
-0.01182782673
-0.0111971203
-0.0104706012
-0.009655054914
-0.008760246665
-0.007799016859
-0.006787269624
-0.005743832701
-0.00469016804
-0.003649918083
-0.002648281256
-0.001711221695
-0.0008645327109
-0.0001327899756
0.0004617526528
0.0009002563465
0.001168300062
0.001256708813
0.001162127656
0.0008872757518
0.0004408403537
-0.0001629978542
-0.0009054148611
-0.001764146295
-0.002714362626
-0.003728506186
-0.004786601081
-0.005912831583
-0.006975383312
-0.00390238976
-0.004697636567
-0.005453647726
-0.006069965138
-0.006604703347
-0.007078116084
-0.007503336416
-0.007893942333
-0.008262271181
-0.008618839597
-0.008972340645
-0.009329676206
-0.009696017724
-0.01007489606
-0.01046830404
-0.01087680065
-0.01129961096
-0.01173471907
-0.01217895382
-0.01262806843
-0.01307681682
-0.01351902993
-0.01394769591
-0.01435504828
-0.0147326662
-0.01507159096
-0.0153624623
-0.01559567814
-0.01576158057
-0.01585067003
-0.01585384973
-0.01576270276
-0.01556979135
-0.01526894648
-0.01485569859
-0.01432764371
-0.01368469336
-0.01292954185
-0.0120679136
-0.01110884942
-0.01006489357
-0.008952170021
-0.007790322533
-0.006602289964
-0.005413892871
-0.004253215516
-0.003149779493
-0.00213352151
-0.001233607707
-0.0004771388587
0.0001121776519
0.0005152951059
0.0007189290951
0.0007163880604
0.000508039464
0.0001013459143
-0.0004895566865
-0.001244759877
-0.002139943916
-0.003147435243
-0.004236148397
-0.005383244432
-0.006614994664
-0.007783722325
-0.005146853571
-0.005946663428
-0.006707902237
-0.007330049089
-0.007871938986
-0.008354342566
-0.008790889572
-0.009195629629
-0.009581318388
-0.0099588291
-0.01033714769
-0.0107234061
-0.01112294594
-0.01153941203
-0.01197485795
-0.01242985205
-0.01290357731
-0.01339392222
-0.01389756215
-0.01441003273
-0.01492579809
-0.01543831756
-0.01594011531
-0.01642285746
-0.0168774413
-0.01729410142
-0.01766253712
-0.01797206547
-0.01821180354
-0.01837088314
-0.0184387005
-0.01840520501
-0.01826122259
-0.01799877622
-0.01761148218
-0.0170951529
-0.01644787117
-0.0156707096
-0.01476798866
-0.01374766811
-0.01262164033
-0.0114059124
-0.01012064854
-0.008790035946
-0.007441939595
-0.006107318678
-0.004819389017
-0.003612533455
-0.002520985151
-0.001577335929
-0.0008109507035
-0.0002463956852
9.799206383e-05
0.0002112580339
9.057864131e-05
-0.0002584953903
-0.0008223569517
-0.001580264957
-0.002505863016
-0.003568439269
-0.004733000477
-0.005973456459
-0.007318263399
-0.008602039065
-0.006510297403
-0.007311434288
-0.008075066985
-0.008701057603
-0.00924867247
-0.009739094319
-0.01018639069
-0.01060503306
-0.01100816018
-0.01140698188
-0.01181077006
-0.01222689095
-0.01266086987
-0.01311648652
-0.01359588209
-0.01409966553
-0.01462701207
-0.01517575074
-0.01574244029
-0.01632243505
-0.01690994378
-0.01749808557
-0.01807894741
-0.01864364855
-0.01918241702
-0.01968468333
-0.02013919674
-0.02053416904
-0.02085745034
-0.02109674116
-0.02123984413
-0.0212749604
-0.02119103257
-0.02097809869
-0.02062766448
-0.02013346118
-0.01949146627
-0.01870079086
-0.017763982
-0.01668751987
-0.01548223229
-0.01416360018
-0.01275192525
-0.01127231466
-0.00975443663
-0.008232006001
-0.006741969391
-0.005323376949
-0.004015953402
-0.002858413297
-0.001886602308
-0.001131583666
-0.000617820394
-0.0003616233483
-0.0003700354804
-0.0006402971602
-0.001159989056
-0.001907929573
-0.002855837828
-0.003969810824
-0.005210557868
-0.006548308357
-0.008013781475
-0.009421854528
-0.007991720111
-0.008791041376
-0.009554312441
-0.01018219852
-0.01073410183
-0.01123150581
-0.01168885266
-0.01212098491
-0.01254139103
-0.01296160141
-0.01339117266
-0.01383771623
-0.01430696196
-0.01480285302
-0.0153276526
-0.0158820489
-0.01646525095
-0.0170750715
-0.01770799633
-0.0183592416
-0.0190228022
-0.01969149566
-0.02035700643
-0.02100993628
-0.02163986631
-0.02223543662
-0.0227844493
-0.02327400046
-0.02369064691
-0.0240206123
-0.02425003735
-0.02436527987
-0.0243532703
-0.024201895
-0.02390038046
-0.02344008669
-0.02281463161
-0.02202079235
-0.02105896449
-0.01993372058
-0.01865436243
-0.01723536764
-0.01569670478
-0.01406396638
-0.01236826147
-0.01064581162
-0.008937201976
-0.007286255099
-0.005738522153
-0.004339422384
-0.003132107301
-0.002155175157
-0.001440407882
-0.001010737486
-0.0008786625206
-0.001045316546
-0.001500340255
-0.00222268381
-0.003182383179
-0.004342259883
-0.005658342296
-0.007096714281
-0.008690413576
-0.01023233868
-0.009589281478
-0.01038380418
-0.01114408926
-0.0117719871
-0.01232673801
-0.01283000896
-0.01329654994
-0.01374152401
-0.01417873946
-0.01462003704
-0.01507526427
-0.0155522973
-0.0160571002
-0.01659381701
-0.01716487589
-0.01777109106
-0.01841175434
-0.01908471235
-0.01978642816
-0.02051202918
-0.02125534421
-0.02200893448
-0.02276412375
-0.02351103355
-0.02423862966
-0.0249347861
-0.02558637313
-0.02617937546
-0.02669904702
-0.0271301082
-0.02745699096
-0.02766413833
-0.02773636668
-0.02765927118
-0.02741963139
-0.02700616934
-0.02640995829
-0.02562503541
-0.02464926728
-0.02348487571
-0.02213913963
-0.02062499849
-0.01896153526
-0.01717428659
-0.01529531048
-0.01336293909
-0.0114211478
-0.009518484595
-0.007706529485
-0.006037892996
-0.004563815803
-0.003331493854
-0.002381317842
-0.001744271331
-0.001439765044
-0.001474179666
-0.001840342256
-0.002518133183
-0.003476319671
-0.004674467482
-0.006063569771
-0.00760507323
-0.009334366919
-0.01101991785
-0.01130032973
-0.01208730614
-0.01284217289
-0.0134682949
-0.01402445484
-0.01453238087
-0.01500706113
-0.01546393055
-0.01591709288
-0.01637869724
-0.0168588983
-0.01736586712
-0.01790584267
-0.01848321789
-0.01910063871
-0.01975910094
-0.02045803611
-0.02119538176
-0.02196763462
-0.02276988837
-0.02359585884
-0.02443790158
-0.02528702731
-0.02613292131
-0.02696397351
-0.02776732584
-0.0285289438
-0.02923371909
-0.02986561022
-0.03040782795
-0.03084307178
-0.03115382455
-0.03132271546
-0.03133294371
-0.03116871024
-0.03081586442
-0.03026273842
-0.02950029673
-0.02852349969
-0.02733177371
-0.02592985921
-0.02432858092
-0.02254551475
-0.020605501
-0.01854092471
-0.01639167457
-0.01420468943
-0.012033009
-0.009934266766
-0.007968603099
-0.006196034798
-0.004673393038
-0.003451026229
-0.002569545775
-0.002056953448
-0.001926506387
-0.002175639505
-0.002786239186
-0.003726443789
-0.004952732207
-0.006410768959
-0.008056861335
-0.009928762046
-0.01176782992
-0.01312145046
-0.01389845421
-0.01464573168
-0.01526842248
-0.01582456267
-0.01633581515
-0.01681733462
-0.01728478324
-0.01775254421
-0.01823308442
-0.01873689497
-0.0192724859
-0.01984642541
-0.02046341607
-0.02112638582
-0.02183657756
-0.02259362777
-0.0233956288
-0.02423917303
-0.02511938
-0.02602990967
-0.02696296641
-0.02790929955
-0.02885820692
-0.0297975481
-0.03071377466
-0.03159198441
-0.03241600722
-0.03316852971
-0.03383126633
-0.03438518405
-0.03481078797
-0.03508847924
-0.03519898932
-0.03512383737
-0.03484586788
-0.03435042285
-0.03362516499
-0.03266177913
-0.03145647577
-0.03001094504
-0.02833330073
-0.02643894173
-0.02435128867
-0.02210231097
-0.0197327408
-0.01729186115
-0.01483675396
-0.01243090915
-0.01014213082
-0.008039738399
-0.006191146568
-0.004658014397
-0.003492265983
-0.002732382292
-0.002400415321
-0.00250016224
-0.003016923038
-0.003919133078
-0.005160558212
-0.006681343795
-0.008432168354
-0.01045314717
-0.01245562236
-0.0150485402
-0.01581356344
-0.0165514208
-0.0171691983
-0.01772390832
-0.0182370187
-0.01872377879
-0.01920004005
-0.01968046115
-0.02017785154
-0.02070308524
-0.02126507308
-0.02187078376
-0.02252530573
-0.02323192659
-0.02399221303
-0.02480608058
-0.02567184709
-0.02658626741
-0.02754455003
-0.02854035849
-0.02956580225
-0.03061142279
-0.03166618155
-0.03271745675
-0.03375105642
-0.03475125525
-0.03570086283
-0.03658133126
-0.03737291007
-0.03805485629
-0.03860570758
-0.03900363008
-0.03922685222
-0.03925413905
-0.03906528499
-0.03864238365
-0.03796970167
-0.03703526497
-0.03583170115
-0.03435716974
-0.03261648507
-0.03062217824
-0.02839546992
-0.02596707096
-0.02337769644
-0.02067815953
-0.01792890047
-0.01519880909
-0.01256322668
-0.01010107107
-0.007891122538
-0.0060076344
-0.004515578644
-0.00346597994
-0.002891891075
-0.002805588528
-0.003197579702
-0.004037876277
-0.00527817662
-0.006853073214
-0.008707172824
-0.01088295121
-0.01305858866
-0.01707690562
-0.01782846933
-0.01855550505
-0.01916710674
-0.01971900336
-0.02023233593
-0.020722378
-0.02120514301
-0.02169557793
-0.02220688019
-0.02275037583
-0.02333546075
-0.02396959664
-0.02465835288
-0.02540547032
-0.02621292883
-0.02708100662
-0.02800832428
-0.02899187003
-0.03002700632
-0.03110746016
-0.03222530184
-0.03337091759
-0.03453298294
-0.03569844395
-0.03685251383
-0.03797869268
-0.03905881834
-0.04007315642
-0.04100053782
-0.04181855234
-0.0425038064
-0.04303225665
-0.04337963403
-0.04352192673
-0.04343587291
-0.04310009527
-0.04249548972
-0.04160607933
-0.04042060021
-0.03893325594
-0.03714501029
-0.03506484819
-0.03271098722
-0.03011196873
-0.02730750792
-0.02434895324
-0.02129918099
-0.01823173972
-0.01522907181
-0.01237968787
-0.00977426348
-0.007500769783
-0.005638931143
-0.004254499465
-0.003393998946
-0.003080680796
-0.003312489656
-0.004062718148
-0.0052819921
-0.006899541503
-0.008853549723
-0.01118887017
-0.01354713864
-0.0192013918
-0.01993867054
-0.02065401343
-0.02125844794
-0.02180618347
-0.02231790193
-0.02280883518
-0.023295147
-0.02379210866
-0.02431337858
-0.02487083308
-0.02547446614
-0.02613235126
-0.02685065668
-0.02763368879
-0.02848394437
-0.02940215815
-0.03038733703
-0.03143677642
-0.03254605787
-0.03370902991
-0.03491777607
-0.03616257591
-0.03743186542
-0.03871220431
-0.03998825754
-0.04124279916
-0.04245674652
-0.04360923297
-0.04467772778
-0.04563821192
-0.04646541851
-0.04713314863
-0.04761467911
-0.04788325033
-0.04791256777
-0.04767767574
-0.04715609391
-0.04632766704
-0.04517698439
-0.04369394391
-0.04187517496
-0.03972548621
-0.03725930719
-0.03450207323
-0.03149143479
-0.02827813089
-0.02492632893
-0.02151320332
-0.01812751739
-0.01486700366
-0.01183442123
-0.009132318429
-0.006856741904
-0.005090388128
-0.003895937811
-0.003310485247
-0.003342117117
-0.003969609228
-0.005143946371
-0.006789491965
-0.008837804727
-0.01133618193
-0.01388609875
-0.02141654114
-0.02213950589
-0.02284292964
-0.02343953348
-0.02398180161
-0.02448982659
-0.02497874159
-0.02546487179
-0.02596388051
-0.02648999656
-0.02705578264
-0.02767197991
-0.02834742506
-0.02908903062
-0.02990180274
-0.030788875
-0.03175154312
-0.03278928955
-0.03389979221
-0.03507891499
-0.03632068125
-0.03761723371
-0.03895878624
-0.04033357379
-0.04172780796
-0.04312564558
-0.04450917856
-0.04585845282
-0.04715152486
-0.04836456445
-0.04947201246
-0.05044680261
-0.05126065748
-0.05188447538
-0.05228881419
-0.05244439713
-0.05232274952
-0.05189791381
-0.05114561361
-0.05004605296
-0.04858458318
-0.0467531138
-0.04455173199
-0.04199035659
-0.03909040557
-0.03588637036
-0.03242713531
-0.02877682903
-0.0250149441
-0.02123542817
-0.01754445195
-0.01405662177
-0.01088954731
-0.008156909381
-0.005960485699
-0.004381930172
-0.003475387247
-0.003262285797
-0.003729651647
-0.004830790625
-0.00648609694
-0.008620528487
-0.01128398375
-0.01403393798
-0.02371678773
-0.02442637012
-0.02511842357
-0.0257069223
-0.02624245865
-0.0267444116
-0.02722777399
-0.02770907604
-0.02820448389
-0.02872895416
-0.02929592029
-0.02991706513
-0.03060217965
-0.03135909891
-0.03219368817
-0.03310985549
-0.03410957276
-0.03519289193
-0.03635794818
-0.03760094625
-0.03891612979
-0.04029573652
-0.04172994411
-0.04320681284
-0.04471223251
-0.04622988091
-0.04774120204
-0.04922541211
-0.05065954166
-0.05201852234
-0.05327532726
-0.05440117396
-0.05536579956
-0.05613782413
-0.0566852179
-0.05697580453
-0.05697778579
-0.05666152438
-0.05599893942
-0.05496562773
-0.05354227019
-0.0517157917
-0.0494811296
-0.04684307502
-0.04381819612
-0.04043676378
-0.03674452709
-0.032804121
-0.02869581832
-0.02451727452
-0.02038188037
-0.01641536297
-0.01275039483
-0.009519208812
-0.006844578257
-0.004829959538
-0.0035500226
-0.003043226886
-0.003308233748
-0.004303259146
-0.005946136341
-0.008155563629
-0.01098434625
-0.01394191447
-0.02609669168
-0.0267949754
-0.02747713119
-0.02805770356
-0.02858527624
-0.02907840287
-0.0295519195
-0.03002265126
-0.03050743603
-0.03102217828
-0.03158142821
-0.03219806099
-0.03288306094
-0.03364540218
-0.03449199683
-0.03542768382
-0.03645523667
-0.03757537345
-0.03878675804
-0.04008598635
-0.04146755604
-0.04292382136
-0.04444493741
-0.04601879969
-0.047630986
-0.04926470828
-0.05090078236
-0.05251762376
-0.05409127767
-0.05559549182
-0.05700184071
-0.05827991041
-0.05939755311
-0.06032122554
-0.06101643046
-0.06144821692
-0.06158168035
-0.06138339641
-0.06082181224
-0.05986785311
-0.0584975035
-0.05669256699
-0.05444254304
-0.05174662064
-0.04861581618
-0.04507521684
-0.04116619667
-0.03694839707
-0.03250117516
-0.02792412871
-0.02333622954
-0.01887307279
-0.0146818223
-0.01091364963
-0.00771385341
-0.005210379259
-0.003502053586
-0.002648499023
-0.002664048482
-0.0035151368
-0.005119076375
-0.007389075679
-0.01038137577
-0.01355313631
-0.02855122214
-0.02924166828
-0.02991649294
-0.03048983517
-0.03100821846
-0.03148928202
-0.0319477287
-0.03240083351
-0.03286635324
-0.03336144176
-0.03390208971
-0.034502684
-0.03517569825
-0.03593150602
-0.03677828483
-0.03772197975
-0.03876629965
-0.03991272513
-0.04116051284
-0.0425066876
-0.04394601833
-0.04547097835
-0.04707169333
-0.04873588265
-0.05044880085
-0.05219318674
-0.0539492284
-0.05569455179
-0.05740424168
-0.05905090274
-0.06060476983
-0.06203387597
-0.06330428716
-0.06438041606
-0.06522543443
-0.06580177008
-0.06607159619
-0.06599778477
-0.06554555024
-0.06468126759
-0.06337627731
-0.06160725996
-0.05935814349
-0.05662220935
-0.05340439414
-0.04972379867
-0.04561630301
-0.04113710341
-0.03636288459
-0.03139321761
-0.02635065083
-0.02137887393
-0.01663833951
-0.01229889044
-0.008529324154
-0.005484433388
-0.003290829794
-0.002033786402
-0.001747993384
-0.002412213355
-0.003946038435
-0.006258516323
-0.009410173686
-0.01280152715
-0.03107610093
-0.0317638168
-0.03243516566
-0.03300255113
-0.03351047142
-0.0339756019
-0.03441259756
-0.03483942994
-0.03527512655
-0.03573849748
-0.03624739449
-0.03681811868
-0.03746499504
-0.03820010544
-0.03903314328
-0.03997135215
-0.04101951489
-0.04217996567
-0.04345260531
-0.04483490694
-0.04632190595
-0.04790617279
-0.04957777132
-0.05132420757
-0.05313037591
-0.05497851
-0.05684814677
-0.05871611162
-0.06055653296
-0.06234089457
-0.06403813402
-0.06561479582
-0.06703524806
-0.06826197272
-0.06925594909
-0.06997713846
-0.07038496287
-0.07043888389
-0.07010081872
-0.06933313019
-0.06810249648
-0.06638061499
-0.06414586857
-0.06138550747
-0.05809806377
-0.05429606038
-0.05000896003
-0.04528620805
-0.04020011296
-0.03484816348
-0.02935421337
-0.02386780864
-0.01856084673
-0.01362083053
-0.009240310406
-0.005602748396
-0.002865966783
-0.001145588997
-0.0005019532774
-0.0009311174865
-0.002358645605
-0.00469146341
-0.007995676792
-0.0116106822
-0.03366822582
-0.03436028898
-0.03503352934
-0.03559685536
-0.03609289393
-0.03653737327
-0.03694508019
-0.03733505739
-0.03772809456
-0.03814519968
-0.03860662597
-0.03913108953
-0.03973520358
-0.04043311872
-0.04123632528
-0.0421535706
-0.04319084855
-0.04435142569
-0.04563587802
-0.04704212087
-0.04856542244
-0.050198398
-0.05193098612
-0.05375041163
-0.05564114204
-0.05758484514
-0.0595603561
-0.06154366257
-0.0635079162
-0.06542347865
-0.0672580107
-0.06897661264
-0.07054202462
-0.0719148959
-0.07305414018
-0.07391739475
-0.07446149419
-0.07464292647
-0.07442002874
-0.07375189164
-0.07260056648
-0.07093300383
-0.06872220522
-0.06594944166
-0.06260672941
-0.05869966518
-0.05425062588
-0.04930223587
-0.04392089543
-0.03820000661
-0.03226232903
-0.02626067254
-0.02037594415
-0.0148115144
-0.009783088179
-0.005503873913
-0.002165890414
8.017208438e-05
0.001142529421
0.001001977352
-0.0002777300785
-0.002604314896
-0.006051354315
-0.009892592333
-0.03632620169
-0.03703205456
-0.03771431979
-0.0382761283
-0.03875855734
-0.03917651277
-0.03954523476
-0.03988539005
-0.04022020684
-0.04057360386
-0.04096892166
-0.0414279061
-0.04196997695
-0.04261176539
-0.04336686524
-0.04424573747
-0.04525571279
-0.04640104632
-0.0476829902
-0.04909986112
-0.05064708969
-0.05231724636
-0.05410004441
-0.05598232431
-0.05794802648
-0.05997816038
-0.06205077869
-0.06414096569
-0.06622084842
-0.06825963892
-0.07022371601
-0.07207675507
-0.07377991394
-0.07529208356
-0.07657021738
-0.07756975976
-0.07824512047
-0.0785501058
-0.07843950456
-0.07786957323
-0.07679796772
-0.07518718315
-0.07300510972
-0.07022724455
-0.06683917951
-0.06283948823
-0.05824308354
-0.05308500445
-0.04742449141
-0.0413490512
-0.03497798749
-0.02846458755
-0.02199585831
-0.01578849752
-0.01007983516
-0.005112970543
-0.001116410911
0.001719600722
0.003265687949
0.003472784929
0.002388122191
9.919592414e-05
-0.003477725279
-0.007546201435
-0.03905102266
-0.03978295628
-0.04048343168
-0.04104688213
-0.04151339986
-0.0418973662
-0.04221500715
-0.04248941315
-0.04274717049
-0.04301603629
-0.04332329781
-0.04369447365
-0.04415239275
-0.04471662476
-0.04540318846
-0.04622445957
-0.04718920584
-0.04830269052
-0.04956679991
-0.05098016561
-0.05253826421
-0.05423348709
-0.05605517992
-0.05798965622
-0.06002019246
-0.06212701345
-0.06428727707
-0.06647506878
-0.06866141475
-0.07081432209
-0.07289885496
-0.07487725522
-0.07670911567
-0.07835161406
-0.07975981924
-0.08088709007
-0.08168555129
-0.08210651785
-0.08210140047
-0.08162392779
-0.08062765341
-0.07907092445
-0.07691686835
-0.07413553183
-0.07070634486
-0.06662099412
-0.06188684489
-0.05653093092
-0.05060444455
-0.04418751629
-0.03739384485
-0.03037441221
-0.02331912234
-0.0164548259
-0.01003801748
-0.004340763172
0.0003705908926
0.00386227786
0.005961054776
0.006580489055
0.005744223086
0.003529713007
-0.0001606408448
-0.004455743358
-0.04184696914
-0.04262071914
-0.04335095613
-0.04391971631
-0.04436703037
-0.0447073259
-0.04495865796
-0.0451476797
-0.04530557206
-0.04546512363
-0.04565863
-0.04591626343
-0.04626494514
-0.04672767397
-0.04732321174
-0.04806602083
-0.04896636063
-0.0500304671
-0.05126075994
-0.05265604043
-0.05421165852
-0.05591963992
-0.05776877275
-0.05974465787
-0.06182973236
-0.06400327539
-0.06624140605
-0.0685170861
-0.07080013666
-0.07305727722
-0.07525219694
-0.07734566713
-0.07929570274
-0.08105778116
-0.08258512798
-0.08382908887
-0.08473959681
-0.08526559979
-0.08535551356
-0.08496027332
-0.08403012087
-0.08251934786
-0.08038671128
-0.07759720681
-0.0741244865
-0.06995367478
-0.06508477187
-0.05953672992
-0.05335221073
-0.04660291364
-0.0393951565
-0.03187504868
-0.02423212624
-0.01669978079
-0.009550376436
-0.003082900086
0.002398261128
0.006612658844
0.009337056807
0.01043949533
0.009911679225
0.007814269635
0.004030751328
-0.0004887754473
-0.04472281651
-0.0455582976
-0.04633254452
-0.04691054441
-0.04733372868
-0.04761756714
-0.04778324053
-0.04786256655
-0.04789296569
-0.04791377295
-0.04796358152
-0.04807823788
-0.04828950417
-0.04862430752
-0.04910443863
-0.04974656035
-0.05056240571
-0.05155906978
-0.05273932709
-0.05410192972
-0.05564186117
-0.05735053509
-0.05921593979
-0.06122273244
-0.06335229604
-0.06558276916
-0.06788905797
-0.07024284828
-0.07261262626
-0.07496371612
-0.07725834621
-0.07945575336
-0.08151233272
-0.08338184189
-0.08501566828
-0.08636317616
-0.08737215113
-0.0879892417
-0.08816031547
-0.08783300786
-0.08695508307
-0.08547684208
-0.08335303813
-0.08054402659
-0.07701812392
-0.07275434051
-0.06774570013
-0.06200329716
-0.05556117708
-0.0484820256
-0.0408634948
-0.03284466415
-0.02461162875
-0.0164005357
-0.008495688594
-0.00121988432
0.005085522296
0.01009133447
0.01351865523
0.01518137628
0.01502960393
0.01309870701
0.00924648658
0.004506217964
-0.04769349962
-0.04861570803
-0.04945123025
-0.0500421918
-0.05043370538
-0.05064393464
-0.05069913764
-0.05063852386
-0.05050791596
-0.05035509047
-0.05022647165
-0.05016472736
-0.05020724332
-0.05038534224
-0.05072405525
-0.0512422617
-0.05195304317
-0.05286413378
-0.05397838447
-0.05529418963
-0.05680584852
-0.05850384981
-0.06037508445
-0.06240298876
-0.06456763856
-0.06684580531
-0.06921097919
-0.07163339215
-0.07408004587
-0.0765147431
-0.07889814478
-0.08118786678
-0.08333861727
-0.08530238576
-0.08702869275
-0.08846491396
-0.0895566986
-0.09024842453
-0.09048355787
-0.09020643701
-0.08936257304
-0.08789846838
-0.08576515612
-0.08291871802
-0.07932257426
-0.07495011536
-0.06978789617
-0.0638395945
-0.057130891
-0.0497153304
-0.04168115502
-0.03315880836
-0.02432829917
-0.01542487051
-0.006740491933
0.001382221204
0.008567303023
0.01443604232
0.01864898806
0.0209570412
0.02125774423
0.01955065571
0.01565889514
0.01070284668
-0.05078245172
-0.05182256338
-0.05273989709
-0.0533465006
-0.0536947031
-0.05380801562
-0.05372066248
-0.05348230628
-0.05314997798
-0.0527822233
-0.05243507332
-0.05215925391
-0.05199853606
-0.05198901224
-0.05215903238
-0.05252955876
-0.05311474687
-0.05392261027
-0.05495567403
-0.05621156054
-0.05768347943
-0.05936061
-0.06122839109
-0.0632687114
-0.06546005002
-0.06777756116
-0.07019308662
-0.07267520324
-0.07518927204
-0.07769744158
-0.08015868566
-0.0825288973
-0.08476101222
-0.08680518139
-0.08860900248
-0.09011782212
-0.09127512917
-0.09202301876
-0.09230257574
-0.09205490138
-0.09122330286
-0.08975059535
-0.0875842638
-0.08467640049
-0.08098590415
-0.07648098265
-0.07114221457
-0.0649664068
-0.05797136992
-0.0502017525
-0.04173615587
-0.03269539379
-0.0232513433
-0.01363509117
-0.00414200037
0.004870062
0.01299401688
0.01980226355
0.02489094466
0.02793916489
0.02877966089
0.02736331036
0.02346663192
0.01830075898
-0.05402495053
-0.05522163259
-0.05624466473
-0.05686712815
-0.05715404161
-0.05713843663
-0.05686671905
-0.05640316082
-0.05581958459
-0.055188098
-0.05457632158
-0.05404429202
-0.05364281748
-0.05341295319
-0.05338623428
-0.05358535765
-0.05402507796
-0.05471315241
-0.05565122957
-0.05683562456
-0.05825795542
-0.05990562775
-0.06176221751
-0.06380768218
-0.06601858687
-0.06836823012
-0.07082660837
-0.07336048139
-0.07593336602
-0.07850555796
-0.0810342006
-0.08347334616
-0.08577405422
-0.0878845439
-0.08975040442
-0.0913148746
-0.09251921092
-0.0933031496
-0.09360531754
-0.09336370281
-0.09251903628
-0.09101095714
-0.08878362729
-0.0857851545
-0.08197000219
-0.07730147485
-0.07175455527
-0.06531967719
-0.05800731209
-0.04985363477
-0.04092778529
-0.03134054153
-0.02125428748
-0.01089332466
-0.000552473314
0.009399906594
0.01852996714
0.02636315437
0.03242854606
0.03632490166
0.03780664865
0.03676033241
0.0329000554
0.02753097309
-0.05747298716
-0.05887390838
-0.06002958002
-0.06066328782
-0.06086122706
-0.06067241017
-0.06016149222
-0.05941291718
-0.05851778326
-0.05756500664
-0.05663589573
-0.05580093963
-0.05511839242
-0.05463416196
-0.0543825214
-0.05438726048
-0.05466300096
-0.05521649355
-0.05604778708
-0.0571512162
-0.05851620168
-0.06012781947
-0.06196735569
-0.06401253754
-0.06623770073
-0.06861391485
-0.07110899806
-0.07368763
-0.07631135424
-0.07893853993
-0.0815243972
-0.0840210345
-0.08637754189
-0.08854012099
-0.09045227217
-0.09205504946
-0.09328740176
-0.09408661723
-0.09438875995
-0.09412896837
-0.09324468892
-0.0916724834
-0.08935254697
-0.08622928701
-0.08225291
-0.07738230498
-0.07158767418
-0.06485311167
-0.05718170625
-0.04860152042
-0.03917250029
-0.02899529011
-0.01822205153
-0.007068425816
0.004174616722
0.01513277363
0.02535021703
0.03430842112
0.04146789974
0.0463388744
0.04858263652
0.04800236652
0.04422861295
0.03866332354
-0.06120247184
-0.06286591602
-0.06418317026
-0.06481475618
-0.0648812486
-0.06445751793
-0.06363508066
-0.06252586687
-0.06124571115
-0.05990394424
-0.05859759719
-0.057408438
-0.0564021399
-0.0556288879
-0.05512480621
-0.05491375063
-0.05500915958
-0.05541577507
-0.05613112526
-0.05714673414
-0.05844916318
-0.06002064803
-0.06183964828
-0.06388110543
-0.06611671036
-0.06851510727
-0.07104182261
-0.07365931137
-0.07632694588
-0.07900099019
-0.08163459617
-0.08417782577
-0.08657770673
-0.0887783351
-0.09072103476
-0.09234458462
-0.09358553021
-0.09437860033
-0.09465715773
-0.09435351079
-0.09340140879
-0.09173467049
-0.08928942283
-0.08600607441
-0.08183045729
-0.07671622939
-0.07062771977
-0.06354313354
-0.05545985006
-0.0463986921
-0.03640969512
-0.02558279012
-0.01405929972
-0.002044790659
0.01017614079
0.02222717161
0.03363526225
0.04384152393
0.05223730661
0.05823633303
0.06139035487
0.06139586631
0.05777124122
0.05201718772
-0.0653240944
-0.0673203891
-0.06882765172
-0.06942854527
-0.06929864751
-0.06855361911
-0.06732386646
-0.06575820111
-0.06400359249
-0.0621935114
-0.06044236875
-0.05884341231
-0.05746900525
-0.05637236019
-0.0555899747
-0.05514425793
-0.05504603454
-0.05529674786
-0.05589027015
-0.05681442529
-0.05805211845
-0.05958201766
-0.06137917834
-0.06341545946
-0.06565966861
-0.06807769368
-0.07063250909
-0.07328416426
-0.07598973903
-0.07870329375
-0.08137583389
-0.0839552984
-0.08638658342
-0.08861161268
-0.09056946485
-0.09219656874
-0.09342698148
-0.09419277115
-0.09442446386
-0.09405138332
-0.0930034838
-0.09121146563
-0.08860714971
-0.08512665386
-0.08071109043
-0.0753089372
-0.06887875574
-0.06139237422
-0.05283903235
-0.04323060392
-0.03260926844
-0.02105604796
-0.00869965077
0.004266932234
0.017568073
0.03082860846
0.04356252757
0.0551742418
0.06498576405
0.07230616421
0.07655906515
0.07730521987
0.07391135105
0.06797739918
-0.0700000351
-0.07241206483
-0.07413190881
-0.07464768071
-0.07422230698
-0.07303455396
-0.0712701802
-0.06912655747
-0.06678885129
-0.06441803524
-0.06214666558
-0.06007859119
-0.05829107483
-0.05683817353
-0.05575451653
-0.0550589618
-0.05475784948
-0.05484771835
-0.05531747597
-0.05615018821
-0.05732421056
-0.05881397663
-0.06059070836
-0.06262271892
-0.06487559002
-0.06731224549
-0.06989293384
-0.07257516996
-0.07531365034
-0.07806016424
-0.0807635186
-0.08336948836
-0.08582080313
-0.08805718082
-0.09001541819
-0.09162954927
-0.09283108524
-0.0935493569
-0.09371194228
-0.09324502517
-0.09207467973
-0.09012809818
-0.08733251328
-0.08361934033
-0.07892444171
-0.07319044479
-0.06636937762
-0.05842578134
-0.04934068788
-0.03911668504
-0.02778456401
-0.01541207364
-0.002117535168
0.01191742786
0.0264313829
0.04105496652
0.0552932711
0.068517073
0.07997854146
0.08887300043
0.09447403692
0.09616952552
0.09311883017
0.08701852533
-0.07547029778
-0.07839136338
-0.08032976608
-0.08066244438
-0.0797905562
-0.07798885846
-0.07552037019
-0.07264482822
-0.06959260055
-0.06655429063
-0.06367967052
-0.06108058904
-0.05883588951
-0.05699704544
-0.055593622
-0.05463812459
-0.0541300542
-0.05405909947
-0.05440779718
-0.05515326993
-0.056268368
-0.05772267759
-0.05948305772
-0.06151392488
-0.06377737914
-0.06623321195
-0.06883883107
-0.07154914444
-0.07431642366
-0.07709016712
-0.07981697915
-0.08244047682
-0.08490123491
-0.08713677837
-0.08908163202
-0.09066743738
-0.09182314903
-0.09247532989
-0.09254854348
-0.09196571256
-0.09064898692
-0.08852167042
-0.08550612328
-0.08152858447
-0.07651903956
-0.07041342814
-0.06315617461
-0.05470316013
-0.0450255118
-0.03411447362
-0.02198787076
-0.008698855317
0.005651872837
0.0209002347
0.03679442952
0.05297736228
0.06895328422
0.08406314383
0.09748754206
0.1082968086
0.1155874962
0.1185256642
0.1159827671
0.1097428614
-0.08209537603
-0.0856203672
-0.0877455051
-0.08772402426
-0.08617536968
-0.08351780747
-0.08011956158
-0.07631769561
-0.0723932239
-0.06856578622
-0.06499853315
-0.06180610617
-0.05906348975
-0.05681453891
-0.05507940652
-0.05386065913
-0.05314804759
-0.05292241955
-0.05315826787
-0.05382539337
-0.05489035053
-0.05631723706
-0.0580681275
-0.06010326898
-0.06238110905
-0.06485821158
-0.06748910235
-0.07022608049
-0.0730190183
-0.07581516776
-0.07855898794
-0.08119200393
-0.08365270637
-0.08587649982
-0.08779570814
-0.0893396458
-0.09043476572
-0.09100490052
-0.09097160316
-0.09025448174
-0.08877178607
-0.08644259928
-0.08318418032
-0.07891712235
-0.07356486734
-0.06705572632
-0.059325231
-0.05031886912
-0.03999558323
-0.0283323398
-0.01533029775
-0.001023367101
0.01450961878
0.03112792086
0.04860455519
0.06659459337
0.08460621496
0.1019625631
0.1177725747
0.1309666882
0.1404297059
0.1450396142
0.1432608871
0.1369417052
-0.09042760208
-0.09462820627
-0.09682879643
-0.09615929825
-0.09358271062
-0.08972739545
-0.08509994722
-0.08012824109
-0.07514495102
-0.07039301832
-0.06604044901
-0.06219568168
-0.0589215465
-0.05624724024
-0.0541778575
-0.05270156477
-0.05179535874
-0.05142877701
-0.05156629957
-0.05216935457
-0.05319740942
-0.05460855983
-0.05635979571
-0.05840703773
-0.06070502292
-0.06320709843
-0.0658649649
-0.06862840053
-0.07144498674
-0.07425985096
-0.07701543785
-0.07965131754
-0.08210403783
-0.08430702674
-0.08619055184
-0.08768174335
-0.08870468953
-0.08918061782
-0.0890281696
-0.08816368505
-0.08650162743
-0.08395663388
-0.08044075819
-0.07586855948
-0.07015631968
-0.06322377725
-0.05499618255
-0.04540665722
-0.03439923992
-0.02193294176
-0.007987351236
0.007429321383
0.0242683462
0.04242285026
0.06170163765
0.08179227939
0.1022159007
0.1222839844
0.1410475439
0.1572827737
0.1696169332
0.1765485805
0.1759562557
0.1696983336
-0.1013341343
-0.1061970412
-0.10820044
-0.1063824484
-0.1022425685
-0.09670778104
-0.09045709529
-0.08401535406
-0.07775832586
-0.07193755111
-0.06671014113
-0.06216402542
-0.05833787643
-0.05523696009
-0.05284428089
-0.05112880528
-0.05005097015
-0.04956622501
-0.04962760253
-0.05018714292
-0.05119661518
-0.05260780284
-0.05437249896
-0.05644231351
-0.05876837089
-0.06130095091
-0.06398910885
-0.06678029924
-0.0696200196
-0.07245148499
-0.07521534115
-0.07784942135
-0.08028855154
-0.08246440749
-0.0843054282
-0.08573678999
-0.08668044739
-0.08705524998
-0.08677714043
-0.08575936566
-0.0839128214
-0.08114764108
-0.077370759
-0.07249047625
-0.06641545968
-0.05905607722
-0.05032600383
-0.04014401739
-0.02843634702
-0.01513988851
-0.0002068230961
0.01638841131
0.03463820685
0.05448449036
0.07579139107
0.098303562
0.1215870939
0.1449582216
0.1674243162
0.1876156208
0.2038477654
0.2141125685
0.2154327923
0.2095621771
-0.1162144918
-0.1214953616
-0.1227058928
-0.118891663
-0.1123752355
-0.1044883898
-0.09610529372
-0.08783475751
-0.08006865491
-0.07303755434
-0.06686131005
-0.06158606913
-0.05721019692
-0.05370339186
-0.05101853185
-0.04909928176
-0.04788570202
-0.04731713641
-0.0473338768
-0.04787789539
-0.04889300842
-0.05032469631
-0.05211972164
-0.05422563993
-0.05659026636
-0.05916113749
-0.06188499255
-0.06470728896
-0.06757176064
-0.07042002409
-0.07319123464
-0.07582179462
-0.07824511416
-0.08039142596
-0.08218765514
-0.08355734623
-0.08442064971
-0.08469437333
-0.08429209772
-0.083124296
-0.08109863472
-0.07812090887
-0.0740932544
-0.06891773686
-0.06249523393
-0.05472626374
-0.04551196937
-0.03475513167
-0.02236151157
-0.008241788247
0.007685421842
0.02548853368
0.04521427298
0.06687240853
0.09040930324
0.1156636424
0.1422962795
0.1696886162
0.1968261301
0.2222251791
0.2438640473
0.2590550978
0.2635669596
0.2588263317
-0.1374069096
-0.1422857765
-0.1414593459
-0.1342214483
-0.1241064268
-0.1129479192
-0.1017982434
-0.09129545884
-0.08178793216
-0.07343256684
-0.06627177612
-0.06028041695
-0.05539583154
-0.05153799869
-0.04861990313
-0.04655486184
-0.04525966763
-0.04465602551
-0.04467088946
-0.04523615068
-0.04628798754
-0.04776606039
-0.04961265787
-0.05177185597
-0.05418872336
-0.05680858934
-0.05957638097
-0.06243603081
-0.06532995351
-0.06819858848
-0.07098000548
-0.0736095701
-0.07601966656
-0.07813947568
-0.07989480664
-0.08120798106
-0.08199776893
-0.08217937644
-0.0816644795
-0.08036124289
-0.0781745732
-0.07500635896
-0.07075450553
-0.06531518478
-0.05858170793
-0.05044476113
-0.0407926078
-0.02951110191
-0.01648369709
-0.001591607285
0.01528553495
0.03426774859
0.05546994467
0.07899137468
0.1048939311
0.1331603842
0.163619205
0.1958187906
0.2288407792
0.2611106868
0.2903329873
0.3129717051
0.3229882986
0.3210405928
-0.1690192476
-0.1712575289
-0.1658339438
-0.1527915286
-0.1372836755
-0.1216473308
-0.1069963183
-0.09386180747
-0.08243634595
-0.07272043975
-0.06461915458
-0.05799726482
-0.05270532587
-0.04859918506
-0.04554494838
-0.04342173331
-0.04212170384
-0.04154891852
-0.04161770829
-0.04225093019
-0.04337827766
-0.0449347296
-0.0468591664
-0.04909315366
-0.05157988243
-0.05426324991
-0.05708706412
-0.05999435692
-0.06292679224
-0.06582415806
-0.06862393296
-0.07126091953
-0.07366693878
-0.07577058025
-0.07749700357
-0.0787677873
-0.07950082089
-0.0796102355
-0.0790063615
-0.07759564768
-0.07528084897
-0.07196066717
-0.06752955859
-0.06187851356
-0.05489399241
-0.04645752371
-0.03644501811
-0.0247256223
-0.01116012393
0.004401126281
0.02212069286
0.04217653011
0.06476336674
0.09009051414
0.1183708725
0.149790982
0.1844440042
0.2221957428
0.262441912
0.3037492387
0.3436157194
0.3777299371
0.3976616174
0.4023369314
-0.2184333719
-0.2124685996
-0.1973131721
-0.1745789485
-0.1511463938
-0.1295624355
-0.1106754292
-0.09463730544
-0.08128496646
-0.07033592637
-0.06147780641
-0.05442064549
-0.04890802443
-0.04472120684
-0.04167584432
-0.0396171114
-0.03841451217
-0.037957078
-0.03814923135
-0.03890733378
-0.04015684789
-0.04183001742
-0.04386397097
-0.04619916577
-0.048778103
-0.05154426002
-0.05444119709
-0.05741180571
-0.06039767359
-0.06333854703
-0.06617187609
-0.06883243114
-0.07125198177
-0.07335903069
-0.07507859581
-0.07633203399
-0.07703689929
-0.07710682749
-0.07645142935
-0.07497611667
-0.07258222361
-0.06916626782
-0.06462017292
-0.05883084208
-0.05167914163
-0.04303887324
-0.03277519637
-0.02074228437
-0.006780009189
0.009290644313
0.02767375629
0.04860646983
0.07236868029
0.09929329865
0.1297735816
0.1642587828
0.2032187522
0.2470375046
0.2957625585
0.3486315643
0.4033998089
0.4552088902
0.4931447698
0.513142062
-0.2978339158
-0.2712955025
-0.2367101756
-0.1983186
-0.163707645
-0.1347002166
-0.111146216
-0.09231492487
-0.07737257452
-0.06558950564
-0.05636424455
-0.04921861223
-0.04377844838
-0.03975213079
-0.0369109392
-0.03507349109
-0.03409377694
-0.03385208404
-0.0342481863
-0.03519623797
-0.03662091921
-0.03845449714
-0.04063455696
-0.04310222519
-0.04580075754
-0.04867440005
-0.05166745847
-0.05472352895
-0.05778485632
-0.06079179556
-0.06368235827
-0.0663918307
-0.06885245263
-0.07099314842
-0.07273930216
-0.07401256861
-0.07473071082
-0.0748074534
-0.07415232708
-0.07267041485
-0.07026240636
-0.06682386264
-0.06224512583
-0.05641043872
-0.04919683094
-0.04047254923
-0.03009472593
-0.01790597801
-0.003729513246
0.01263786259
0.03143566969
0.05295370685
0.07755137797
0.1056837411
0.1379347682
0.1750550277
0.2179914949
0.2678725037
0.3258597613
0.3927121617
0.4677158694
0.5458542779
0.6135490961
0.6642637947
-0.4321888758
-0.3535078989
-0.280234097
-0.2185216425
-0.1700136919
-0.1332280208
-0.1057106576
-0.08507607454
-0.06950519901
-0.05771602943
-0.04879455383
-0.04208693025
-0.03712539895
-0.03357084537
-0.03117216927
-0.02973915784
-0.02912405895
-0.02920888206
-0.02989662243
-0.03110512813
-0.03276273339
-0.03480508679
-0.0371727982
-0.03980965371
-0.04266123055
-0.04567379957
-0.04879343893
-0.05196530673
-0.05513303662
-0.05823823103
-0.06122003387
-0.06401476952
-0.06655563772
-0.06877245561
-0.07059143902
-0.07193501395
-0.07272164849
-0.07286569103
-0.07227718139
-0.07086162361
-0.06851989547
-0.06514765796
-0.06063479621
-0.05486456505
-0.04771230683
-0.03904353786
-0.02871114655
-0.0165512982
-0.00237745829
0.0140283414
0.03292831429
0.05464781455
0.07960336667
0.1083444003
0.1416152575
0.1804459135
0.2262787246
0.2811255872
0.3477106745
0.4294386861
0.5293492142
0.6453295717
0.7633610957
0.8752264551
-0.7304718164
-0.4693942059
-0.3095128224
-0.2190054063
-0.1585432951
-0.1172575867
-0.08926865117
-0.06970433723
-0.05562706116
-0.04536172212
-0.03783808997
-0.03234862087
-0.02842514906
-0.02574835505
-0.02409147079
-0.02328759539
-0.02320935955
-0.02375577683
-0.02484370475
-0.02640218685
-0.02836858194
-0.030685834
-0.03330048751
-0.03616119863
-0.03921758374
-0.04241930407
-0.04571532089
-0.04905327786
-0.05237898181
-0.05563596213
-0.05876509516
-0.06170428364
-0.06438818324
-0.0667479696
-0.06871113896
-0.07020133479
-0.07113819065
-0.07143717419
-0.07100938895
-0.06976150138
-0.06759543968
-0.06440782681
-0.06008946158
-0.05452447871
-0.04758903555
-0.03914936985
-0.02905895519
-0.017154326
-0.003248936639
0.01287592197
0.03148469514
0.05290814085
0.07757510257
0.1060626357
0.1391769354
0.1780868708
0.2245477412
0.2812789894
0.3526040651
0.4454392229
0.5699637819
0.7388225033
0.9742188664
1.301444465
-1.424894562
-0.6454543362
-0.3290543493
-0.2093240005
-0.1365124745
-0.09169405748
-0.06549151094
-0.04902344765
-0.03793259407
-0.03026025589
-0.02488645104
-0.0211372466
-0.01861481018
-0.0170708647
-0.01633805137
-0.01629644626
-0.01685493231
-0.01794016073
-0.01949002569
-0.02144966854
-0.02376887975
-0.02640031617
-0.02929821346
-0.03241740748
-0.03571255635
-0.03913749962
-0.04264471622
-0.04618485784
-0.04970634291
-0.05315500184
-0.0564737671
-0.05960240365
-0.06247727592
-0.06503114752
-0.06719300959
-0.06888793185
-0.07003692853
-0.07055682598
-0.07036015125
-0.06935498916
-0.06744467874
-0.06452744542
-0.06049591736
-0.05523636708
-0.0486275499
-0.04053898258
-0.03082841197
-0.01933809412
-0.005889312814
0.00972575515
0.02775628265
0.04851161421
0.0723910624
0.09993286877
0.1318983087
0.1694234108
0.2143062889
0.2695788749
0.3407139757
0.4381781607
0.5817619789
0.8108377906
1.250173338
2.170637553
)
;

boundaryField
{
    movingWall
    {
        type            zeroGradient;
    }
    fixedWalls
    {
        type            zeroGradient;
    }
    frontAndBack
    {
        type            empty;
    }
}


// ************************************************************************* //
