/*--------------------------------*- C++ -*----------------------------------*\
  =========                 |
  \\      /  F ield         | OpenFOAM: The Open Source CFD Toolbox
   \\    /   O peration     | Website:  https://openfoam.org
    \\  /    A nd           | Version:  11
     \\/     M anipulation  |
\*---------------------------------------------------------------------------*/
FoamFile
{
    format      ascii;
    class       volScalarField;
    location    "1700";
    object      p;
}
// * * * * * * * * * * * * * * * * * * * * * * * * * * * * * * * * * * * * * //

dimensions      [0 2 -2 0 0 0 0];

internalField   nonuniform List<scalar> 
4096
(
2.333978936e-10
-3.457951542e-05
-0.0001480185885
-0.0003329896408
-0.0005642213554
-0.0008209410702
-0.001086393245
-0.001347243189
-0.001593255265
-0.001816795156
-0.002012303144
-0.002175825503
-0.002304619165
-0.002396828746
-0.002451231012
-0.002467040085
-0.002443766258
-0.002381121352
-0.002278963892
-0.00213727767
-0.001956177674
-0.001735937657
-0.001477033996
-0.001180200826
-0.0008464917105
-0.0004773434517
-7.463789717e-05
0.0003592421246
0.0008213663336
0.001308223303
0.001815702503
0.00233909472
0.002873113579
0.003411938723
0.003949280021
0.004478466612
0.004992559402
0.00548448368
0.005947180037
0.006373770042
0.006757732194
0.007093082892
0.007374556539
0.00759777856
0.007759425068
0.00785736321
0.007890766922
0.007860203854
0.007767690658
0.007616715487
0.007412228426
0.007160602496
0.006869569619
0.006548137256
0.006206491855
0.005855893866
0.005508562952
0.005177545374
0.004876525959
0.004619457186
0.004419814832
0.004289828598
0.004238829456
0.004250158504
3.422794369e-05
-5.598654911e-07
-9.962345488e-05
-0.0002586296644
-0.0004571496102
-0.0006782951021
-0.0009081866823
-0.001135411678
-0.001350897769
-0.001547642733
-0.001720365996
-0.001865168277
-0.001979226948
-0.002060536014
-0.002107693229
-0.002119733191
-0.002096003214
-0.002036077722
-0.001939706509
-0.001806791971
-0.001637390498
-0.001431733246
-0.001190261735
-0.0009136738747
-0.0006029762474
-0.0002595386772
0.000114852656
0.0005179471012
0.0009469897323
0.001398692919
0.001869222013
0.00235419761
0.002848717369
0.003347397239
0.003844431122
0.004333674085
0.004808747024
0.00526315935
0.005690448359
0.006084331999
0.00643887083
0.00674863429
0.007008865811
0.007215640989
0.007366012996
0.007458139671
0.007491387378
0.007466407652
0.007385183901
0.007251046923
0.007068659571
0.006843972442
0.006584153821
0.006297497865
0.00599331485
0.005681805399
0.005373916971
0.00508117191
0.004815438038
0.004588541721
0.004411647974
0.00429522061
0.00424948024
0.004261245094
0.000148246568
9.787360174e-05
-2.276473416e-06
-0.0001479832535
-0.0003244698726
-0.0005188979573
-0.0007202887697
-0.0009193146913
-0.0011083162
-0.001281191607
-0.00143319436
-0.001560705983
-0.001661015841
-0.001732122811
-0.001772566564
-0.001781291413
-0.001757542698
-0.001700793882
-0.001610701512
-0.001487084642
-0.001329924994
-0.001139384088
-0.0009158335007
-0.0006598945522
-0.000372483785
-5.486074083e-05
0.0002913253169
0.0006639929433
0.001060593355
0.001478085416
0.001912923327
0.002361059337
0.002817964638
0.003278667836
0.003737810092
0.004189722829
0.004628525143
0.005048237842
0.005442913146
0.00580677692
0.00613437946
0.006420750224
0.006661551288
0.006853224032
0.006993123461
0.007079634807
0.007112267668
0.007091723755
0.007019935509
0.006900074144
0.006736527132
0.006534846448
0.006301670012
0.006044619335
0.005772176113
0.005493538941
0.005218458541
0.00495704663
0.004719541859
0.004515960253
0.00435561853
0.004247612838
0.004202890976
0.004211138722
0.0003363873931
0.0002575236964
0.0001406956401
-7.052939984e-06
-0.0001764686521
-0.0003579957072
-0.0005430384137
-0.0007241870676
-0.0008952386093
-0.001051146461
-0.001187903238
-0.001302388694
-0.001392210789
-0.001455556221
-0.001491059582
-0.001497695786
-0.00147469738
-0.001421496375
-0.001337688989
-0.001223020933
-0.001077390415
-0.0009008658326
-0.0006937149834
-0.0004564426533
-0.0001898334216
0.0001050033853
0.0004265896067
0.000773037948
0.001142018294
0.001530733312
0.001935905808
0.002353780097
0.002780140661
0.00321034761
0.003639387131
0.004061944745
0.004472497368
0.004865421453
0.00523511656
0.005576141329
0.005883357991
0.006152080885
0.006378223853
0.006558441004
0.006690255243
0.006772169154
0.006803753379
0.006785708431
0.006719897033
0.006609345346
0.006458212861
0.00627173208
0.006056120229
0.005818465984
0.005566594328
0.005308911907
0.005054234024
0.004811594434
0.004590033654
0.004398317371
0.004244607922
0.004137100385
0.004086196206
0.004083803466
0.0005750647448
0.0004591071339
0.0003153495983
0.0001555917769
-1.643287041e-05
-0.0001940791069
-0.0003708397414
-0.0005410992276
-0.0007001047639
-0.0008439317825
-0.0009694201785
-0.001074073287
-0.001155943646
-0.001213521832
-0.001245637327
-0.001251376437
-0.001230019573
-0.001180998309
-0.001103871377
-0.0009983179121
-0.0008641458201
-0.0007013127889
-0.0005099573489
-0.000290437285
-4.337268763e-05
0.0002303090801
0.0005293292084
0.0008520167467
0.001196274039
0.001559550862
0.001938829685
0.002330624341
0.002730995167
0.003135581241
0.003539646308
0.003938148066
0.004325826034
0.004697305612
0.005047217908
0.005370332327
0.00566169814
0.005916790449
0.006131655369
0.006303048745
0.006428562638
0.006506733905
0.006537129756
0.006520405952
0.006458334479
0.006353798845
0.00621075663
0.006034170412
0.005829909453
0.00560462562
0.005365607552
0.00512061717
0.004877712534
0.004645062149
0.004430753406
0.004242568593
0.004087764201
0.003973578657
0.003908675557
0.003887777306
0.0008444598371
0.0006861699438
0.0005089071922
0.0003302398398
0.0001486320758
-3.185186026e-05
-0.0002065439824
-0.0003714840036
-0.0005233146828
-0.0006592384488
-0.0007769864074
-0.0008747510389
-0.0009511034775
-0.00100491132
-0.001035265014
-0.00104141751
-0.001022739585
-0.0009786915444
-0.0009088108525
-0.0008127144459
-0.0006901140276
-0.0005408423231
-0.0003648881055
-0.0001624376895
6.607947384e-05
0.0003199435237
0.0005980976977
0.0008991051248
0.001221111424
0.001561815624
0.001918451856
0.002287784154
0.0026661169
0.003049323738
0.003432889165
0.00381197409
0.00418150046
0.004536252654
0.004870995418
0.005180605389
0.005460212359
0.005705345646
0.005912080171
0.006077176349
0.006198207656
0.006273669874
0.006303066473
0.006286965442
0.006227024059
0.006125979527
0.005987605003
0.00581663224
0.005618643578
0.005399937429
0.005167372359
0.004928195563
0.00468986194
0.004459850911
0.004245486493
0.004053754432
0.003891158365
0.00376394653
0.003678440278
0.003632777313
0.001127695198
0.0009243141374
0.0007095362817
0.000507198201
0.0003108867947
0.0001224105598
-5.516857989e-05
-0.0002193955147
-0.0003682246511
-0.0004999518164
-0.0006132012523
-0.0007068791352
-0.0007801119989
-0.0008321856423
-0.0008624913747
-0.0008704835714
-0.000855650692
-0.0008175004497
-0.0007555587898
-0.0006693816683
-0.000558578188
-0.0004228433803
-0.0002619987477
-7.603856624e-05
0.0001348201477
0.0003700861862
0.00062894349
0.0009102036431
0.001212263967
0.001533073719
0.001870110939
0.002220372355
0.002580378054
0.002946197046
0.003313484481
0.003677543541
0.004033407613
0.004375940097
0.004699951941
0.005000333941
0.005272199903
0.005511035873
0.005712849799
0.005874315388
0.005992903614
0.00606699539
0.006095969398
0.006080259908
0.006021380689
0.005921912664
0.005785454756
0.00561653926
0.005420514929
0.005203402629
0.004971729802
0.004732350982
0.0044922623
0.004258417808
0.004037553848
0.003836035526
0.003659774156
0.003514108582
0.003402861719
0.00332804058
0.00141011563
0.001160567429
0.0009061051968
0.0006770236034
0.0004624320618
0.0002621676446
7.788829523e-05
-8.931289002e-05
-0.0002386078996
-0.0003693313737
-0.0004809756332
-0.0005731560444
-0.000645563031
-0.0006979160165
-0.0007299248661
-0.0007412619493
-0.0007315465364
-0.0007003420155
-0.0006471655487
-0.0005715092316
-0.0004728714636
-0.0003507970116
-0.0002049241062
-3.503678806e-05
0.0001588793778
0.0003765802251
0.0006175066818
0.0008807315148
0.001164911535
0.001468247792
0.00178845647
0.002122752986
0.002467849803
0.002819978543
0.003174922731
0.003528075798
0.003874521339
0.004209132042
0.004526687896
0.004822010679
0.005090110742
0.005326341139
0.005526553159
0.00568724665
0.005805708081
0.005880129348
0.005909700691
0.005894672058
0.005836378495
0.005737226931
0.005600643632
0.005430983815
0.005233406996
0.005013723676
0.004778220618
0.004533473257
0.004286154545
0.00404284805
0.003809871444
0.003593145301
0.00339816592
0.003229523243
0.003088639256
0.002981710687
0.001678982611
0.001383269462
0.001088228205
0.0008306017763
0.0005953718539
0.0003806338873
0.0001868069148
1.374858452e-05
-0.0001388381833
-0.0002712633406
-0.0003838465892
-0.0004768887979
-0.0005506325324
-0.0006052267322
-0.0006406998477
-0.0006569436763
-0.0006537091118
-0.0006306140127
-0.0005871626915
-0.0005227760773
-0.0004368313368
-0.0003287095645
-0.0001978500356
-4.380940726e-05
0.0001336758592
0.0003346257284
0.0005587535152
0.0008054057327
0.001073507275
0.001361514525
0.001667379315
0.001988526373
0.002321843213
0.002663698406
0.003009969799
0.003356098058
0.003697165222
0.0040279931
0.004343262796
0.004637652359
0.00490598852
0.005143407361
0.005345517698
0.005508560138
0.005629554227
0.005706426058
0.005738109097
0.005724611868
0.00566704756
0.005567622458
0.005429582302
0.005257118072
0.005055235164
0.004829592184
0.004586317562
0.004331813682
0.004072558969
0.003814915549
0.003564948293
0.003328311766
0.003110276702
0.002914886908
0.002741379097
0.002600347792
0.001923085712
0.00158189004
0.00124624055
0.0009591956971
0.0007018956541
0.0004708706891
0.0002654296406
8.43008638e-05
-7.385346183e-05
-0.000210254087
-0.0003259999753
-0.0004220424094
-0.0004991509585
-0.0005578861277
-0.0005985817915
-0.0006213387989
-0.0006260304658
-0.0006123198729
-0.0005796883233
-0.0005274739801
-0.0004549195091
-0.0003612274279
-0.0002456217778
-0.0001074146313
5.392417016e-05
0.0002386958252
0.0004469019064
0.0006781764327
0.0009317231154
0.001206260453
0.001499977855
0.001810505625
0.00213489588
0.002469636129
0.002810673038
0.003153460481
0.003493036324
0.003824120184
0.004141234513
0.00443884598
0.004711523072
0.004954104632
0.005161872825
0.005330723038
0.00545732261
0.005539250051
0.005575106786
0.005564594325
0.005508551222
0.005408946194
0.005268826148
0.005092220555
0.004884006361
0.004649740226
0.00439546708
0.004127515801
0.003852293456
0.003576085533
0.003304867736
0.003044207968
0.002799345609
0.002573995349
0.002365459183
0.002188865556
0.00213237897
0.001746816377
0.001371118315
0.001054453351
0.0007743481869
0.0005258980415
0.0003073976554
0.0001165315295
-4.900572052e-05
-0.0001912848128
-0.0003121339568
-0.0004131140351
-0.0004954884444
-0.0005602021895
-0.0006078721666
-0.0006387892151
-0.0006529321902
-0.0006499937059
-0.0006294167753
-0.0005904413394
-0.0005321595468
-0.0004535785748
-0.0003536897109
-0.0002315423261
-8.632123337e-05
8.257426173e-05
0.000275451555
0.000492248392
0.0007324614462
0.0009950825942
0.001278546351
0.001580691572
0.001898732415
0.002229265654
0.002568290376
0.00291124893
0.003253101521
0.003588422829
0.003911524426
0.004216600039
0.004497889566
0.004749856483
0.004967371901
0.005145897356
0.005281657634
0.005371794596
0.005414493177
0.005409071619
0.005356029458
0.005257048922
0.005114947955
0.004933586085
0.004717727375
0.004472867665
0.004205035785
0.003920580509
0.003625955743
0.00332751119
0.00303129402
0.002742962676
0.002467917376
0.00220975677
0.001964087989
0.001750678757
0.002297700418
0.001869172255
0.001454393189
0.00110839359
0.0008052688076
0.0005387722463
0.0003062535432
0.0001044200448
-6.993975263e-05
-0.000219691691
-0.0003473446993
-0.000455026627
-0.0005444574717
-0.0006169343124
-0.0006733287487
-0.000714096653
-0.0007393000648
-0.0007486406468
-0.0007415038358
-0.000717012679
-0.0006740902793
-0.0006115297378
-0.0005280704299
-0.0004224793615
-0.0002936362035
-0.0001406203885
3.720162244e-05
0.000240091114
0.0004678564487
0.0007197798076
0.0009945550934
0.001290240494
0.001604218665
0.001933195137
0.00227321493
0.002619694
0.002967490928
0.003311001392
0.003644281252
0.003961195379
0.004255588232
0.004521470825
0.004753217179
0.004945761958
0.005094790009
0.005196907998
0.005249788418
0.005252276974
0.005204455891
0.00510765783
0.004964427902
0.004778434495
0.004554333017
0.004297589962
0.004014277543
0.003710851541
0.003393925894
0.00307005121
0.002745502823
0.002426202463
0.002117897267
0.00182426961
0.001539437227
0.001287918744
0.002410569905
0.00194068
0.001488080081
0.00111338748
0.0007874159252
0.0005026429569
0.0002555210338
4.183149523e-05
-0.0001424925931
-0.0003010640118
-0.0004370271867
-0.0005530349949
-0.0006512255933
-0.0007332132233
-0.000800092654
-0.0008524563291
-0.0008904236518
-0.0009136816397
-0.0009215360308
-0.000912971868
-0.0008867225829
-0.0008413465941
-0.0007753103952
-0.0006870770157
-0.0005751985716
-0.0004384113822
-0.0002757318184
-8.655068233e-05
0.0001292764275
0.0003713456787
0.0006386325042
0.0009294341268
0.001241318387
0.001571109204
0.001914902012
0.002268082261
0.002625393232
0.00298102682
0.003328746097
0.003662036907
0.003974284701
0.004258971402
0.004509885312
0.004721335469
0.004888360603
0.00500692209
0.005074070131
0.005088073019
0.005048500765
0.004956256567
0.004813552564
0.004623829786
0.004391625973
0.004122398628
0.003822313914
0.00349801483
0.003156383252
0.002804303009
0.002448429909
0.002095116335
0.001750634989
0.001418935103
0.001092805721
0.0008016644438
0.002463051147
0.001953562625
0.001464623307
0.001062144167
0.0007137869783
0.0004108006691
0.0001487731257
-7.740115006e-05
-0.0002726028095
-0.0004411497017
-0.0005867805632
-0.0007126335237
-0.0008212271596
-0.0009144575903
-0.000993610126
-0.0010593838
-0.001111927848
-0.00115088921
-0.001175470126
-0.001184494936
-0.001176485228
-0.001149742542
-0.001102437741
-0.001032706137
-0.000938747213
-0.0008189275431
-0.0006718851704
-0.0004966332684
-0.0002926605414
-6.002542639e-05
0.0002005600865
0.0004876619603
0.0007990614378
0.001131721692
0.001481805354
0.001844675225
0.002214957072
0.002586624599
0.002953119715
0.003307505523
0.003642648604
0.003951425665
0.004226947674
0.004462792667
0.004653236889
0.004793472824
0.004879802235
0.004909792702
0.004882387409
0.004797960128
0.004658310402
0.004466597642
0.004227217011
0.003945624075
0.003628118982
0.003281604254
0.002913331828
0.002530646652
0.002140733142
0.001750536729
0.001367027751
0.0009945894766
0.0006247956369
0.0002921683993
0.00244766485
0.001900481157
0.001376862742
0.0009477055786
0.0005776393608
0.0002567201154
-2.030652464e-05
-0.0002594022383
-0.0004662265823
-0.0006457660241
-0.0008023165013
-0.0009394645262
-0.001060073275
-0.001166286587
-0.001259548208
-0.001340633863
-0.001409694873
-0.001466312254
-0.001509560385
-0.001538079493
-0.001550156267
-0.001543811998
-0.001516897619
-0.001467194888
-0.001392522768
-0.00129084778
-0.001160396678
-0.0009997693883
-0.0008080496741
-0.0005849106284
-0.0003307107757
-4.657465981e-05
0.0002655333674
0.0006027490386
0.0009613328956
0.001336646435
0.001723208748
0.002114772932
0.002504441607
0.002884819289
0.003248198661
0.003586776375
0.003892891741
0.004159279491
0.004379325847
0.004547315641
0.004658657383
0.004710073218
0.004699741678
0.004627383241
0.00449428177
0.00430323889
0.004058462834
0.003765397988
0.003430505683
0.003061010834
0.002664631101
0.002249296109
0.001822863624
0.001393031027
0.0009676341915
0.0005516445622
0.0001354880579
-0.000240929515
0.002357341767
0.001774501521
0.001218019016
0.0007634516399
0.0003725153382
3.410308443e-05
-0.0002578655277
-0.0005101831257
-0.0007292582124
-0.0009207137168
-0.001089369392
-0.00123922643
-0.001373459422
-0.001494427926
-0.001603703739
-0.001702110741
-0.00178977563
-0.0018661884
-0.001930271693
-0.001980458397
-0.002014777067
-0.002030944785
-0.002026467088
-0.001998744486
-0.00194518484
-0.001863320579
-0.001750929316
-0.001606155902
-0.001427633471
-0.001214600679
-0.0009670110455
-0.0006856269037
-0.0003721035463
-2.908498152e-05
0.0003398332862
0.0007300480958
0.001135997783
0.001551226553
0.001968492069
0.002379914414
0.002777164152
0.003151685914
0.003494951426
0.003798733325
0.00405538875
0.004258139699
0.004401335778
0.004480684494
0.004493434853
0.004438501825
0.004316522295
0.004129837208
0.003882399545
0.003579612992
0.003228111278
0.002835493006
0.002410029716
0.001960355014
0.001495142538
0.001022999255
0.0005527936847
9.023081261e-05
-0.0003753862437
-0.0007984032638
0.002185406568
0.001569085566
0.0009816956205
0.0005031161162
9.227243398e-05
-0.000263077113
-0.0005698255205
-0.0008355739573
-0.001067452916
-0.001271692776
-0.001453606911
-0.001617580628
-0.001767069771
-0.001904620443
-0.002031904725
-0.002149768463
-0.002258289104
-0.002356842312
-0.002444176552
-0.002518495223
-0.002577546131
-0.002618718245
-0.002639145646
-0.0026358185
-0.002605700606
-0.002545852778
-0.002453560849
-0.002326466535
-0.00216269886
-0.001961003465
-0.001720866059
-0.001442621429
-0.001127548423
-0.0007780022371
-0.0003973751223
9.819552131e-06
0.0004379829193
0.0008804788459
0.001329729695
0.001777358209
0.002214374246
0.002631403914
0.003018955903
0.003367716842
0.00366886467
0.003914386352
0.004097384316
0.004212354787
0.004255421259
0.004224507695
0.004119438906
0.003941959731
0.003695669925
0.003385877586
0.00301937988
0.002604185844
0.002149199952
0.001663874725
0.001157841293
0.0006407752411
0.0001227480639
-0.0003896602328
-0.0009082822962
-0.001381255456
0.001925585423
0.00127810134
0.0006618953466
0.0001608121816
-0.0002688803821
-0.0006405284313
-0.0009618242714
-0.001241155931
-0.001486350379
-0.001704218538
-0.001900539818
-0.002080056053
-0.002246477363
-0.002402510507
-0.002549903328
-0.002689500589
-0.002821308804
-0.002944568673
-0.003057834403
-0.003159059681
-0.003245690394
-0.003314764335
-0.003363018183
-0.003387001897
-0.003383200472
-0.003348162593
-0.003278635303
-0.003171703209
-0.003024930109
-0.002836500577
-0.002605358102
-0.002331330767
-0.002015241418
-0.001659067754
-0.001265919819
-0.0008401488319
-0.0003873273672
8.577669137e-05
0.0005712788886
0.001060308385
0.001543189186
0.002009671475
0.002449209165
0.002851276394
0.00320571227
0.003503079826
0.003735022317
0.003894598
0.003976573701
0.00397765823
0.003896659116
0.003734550251
0.003494443639
0.003181465078
0.002802540576
0.002366107717
0.001881771471
0.001359913233
0.0008112635232
0.0002467298096
-0.0003222355807
-0.0008880346892
-0.001463681947
-0.001990542965
0.00157203152
0.0008958484144
0.0002530483176
-0.0002689337267
-0.0007163411699
-0.001103589907
-0.001439156481
-0.001732193202
-0.001991198194
-0.002223537246
-0.002435430311
-0.002631950921
-0.002817039748
-0.002993541883
-0.003163260139
-0.003327018906
-0.003484735742
-0.00363549922
-0.003777652381
-0.003908881779
-0.004026312509
-0.004126609823
-0.004206088001
-0.00426082702
-0.004286797352
-0.004279992831
-0.004236571084
-0.004153000384
-0.004026211139
-0.003853749797
-0.003633932185
-0.00336598704
-0.003050183432
-0.002688016984
-0.002282219557
-0.001836881796
-0.001357464607
-0.0008507960391
-0.0003250161713
0.0002105354247
0.0007454899453
0.001268678165
0.001768415752
0.00223283923
0.002650282694
0.003009681229
0.003300983161
0.003515550158
0.00364652228
0.003689124881
0.003640895932
0.003501816215
0.003274330624
0.00296325616
0.002575580434
0.002120163563
0.001607363516
0.00104859416
0.0004558283388
-0.0001586243557
-0.0007817409439
-0.00140475566
-0.002041938523
-0.002627209818
0.001119363949
0.0004170944504
-0.0002499511176
-0.0007911415839
-0.001255069195
-0.001657178954
-0.002006713334
-0.002313564245
-0.002586874904
-0.002834540845
-0.003063198736
-0.00327823155
-0.003483790058
-0.003682839128
-0.003877219849
-0.004067721194
-0.004254158017
-0.004435453771
-0.004609727371
-0.004774384431
-0.004926213557
-0.005061488713
-0.005176078715
-0.005265564855
-0.005325367429
-0.005350881564
-0.005337622277
-0.005281378092
-0.005178371773
-0.005025426357
-0.004820133999
-0.004561018814
-0.004247683514
-0.003881013634
-0.003463251331
-0.002998102361
-0.002490805121
-0.001948149594
-0.001378453244
-0.0007914733372
-0.0001982545668
0.0003890908911
0.0009576712764
0.001494167321
0.001985240036
0.002417980722
0.0027803847
0.003061825781
0.003253505191
0.003348847034
0.003343813037
0.003237112534
0.003030289442
0.002727676004
0.002336212681
0.001865144726
0.001325615453
0.0007301658417
9.215503882e-05
-0.0005745256624
-0.001255076483
-0.00193940144
-0.002643122388
-0.00329192349
0.0005627158715
-0.0001628803252
-0.0008517013279
-0.001410333024
-0.00188953627
-0.002305737133
-0.002668921458
-0.002989693123
-0.003277812982
-0.003541681292
-0.003788328983
-0.004023428655
-0.004251324022
-0.004475085114
-0.004696578988
-0.004916548826
-0.005134697821
-0.005349776089
-0.005559670118
-0.005761495179
-0.005951691754
-0.006126127349
-0.006280205224
-0.00640898151
-0.006507291975
-0.006569889357
-0.006591591712
-0.006567441614
-0.006492875292
-0.006363900238
-0.006177279554
-0.005930715406
-0.005623016655
-0.005254312894
-0.004826222933
-0.004341917489
-0.003806274262
-0.003225916998
-0.002609230833
-0.001966307997
-0.001308821814
-0.0006498238323
-3.46060338e-06
0.0006153889879
0.001191549634
0.001710046594
0.002156645269
0.002518408763
0.002784243679
0.002945400962
0.002995897657
0.002932827571
0.002756534241
0.002470628191
0.002081841494
0.001599726284
0.001036216321
0.0004050611809
-0.0002788498381
-0.0009998531335
-0.001741145536
-0.002491120293
-0.003266864245
-0.003984910437
-0.0001022114215
-0.0008482339402
-0.001556246892
-0.002130484387
-0.002623677045
-0.003053175822
-0.003429682432
-0.00376448161
-0.004067922616
-0.004348885238
-0.004614773451
-0.004871532083
-0.005123683995
-0.005374393874
-0.005625547085
-0.005877835664
-0.006130847424
-0.006383156256
-0.0066324132
-0.006875438942
-0.007108319101
-0.007326504109
-0.007524915658
-0.007698061703
-0.007840161824
-0.007945284409
-0.008007496709
-0.008021028197
-0.007980446901
-0.007880847742
-0.00771805191
-0.007488811751
-0.007191001498
-0.00682383306
-0.006388144421
-0.005886395812
-0.005322937118
-0.004704064828
-0.004038086369
-0.003335308907
-0.002607949822
-0.001869961178
-0.001136760858
-0.000424867491
0.000248557926
0.0008662538994
0.001411466276
0.001868596501
0.002223857338
0.002465897307
0.002586351823
0.002580279473
0.002446446292
0.002187429701
0.001809526277
0.001322463899
0.0007389350237
7.395976662e-05
-0.0006559014999
-0.001433010588
-0.002238310294
-0.003058478825
-0.003912192492
-0.004705786553
-0.0008790919386
-0.001642511746
-0.002367031315
-0.002954979945
-0.003460840335
-0.003902823594
-0.004292314453
-0.004641243641
-0.004960517665
-0.005259470433
-0.005545858996
-0.005825885497
-0.006104241654
-0.006384180601
-0.006667603255
-0.006955150488
-0.007246296639
-0.007539442273
-0.00783200582
-0.008120514951
-0.008400699386
-0.008667587349
-0.008915608124
-0.009138703233
-0.009330448576
-0.009484189649
-0.009593191494
-0.009650804489
-0.009650646364
-0.009586800014
-0.009454026931
-0.009247993317
-0.008965487504
-0.008604636262
-0.008165295673
-0.0076490312
-0.0070594664
-0.006402373935
-0.005685798698
-0.004920100121
-0.004117910651
-0.003293999924
-0.002465032621
-0.001649212311
-0.0008658096821
-0.0001345812375
0.0005249062626
0.001094020247
0.001555840202
0.001895924624
0.002103016485
0.002169634313
0.002092498827
0.00187275336
0.001515950096
0.001031793607
0.0004336537918
-0.0002621454195
-0.001037239611
-0.001871802936
-0.002744246633
-0.003639300591
-0.004577360694
-0.005453377919
-0.001770918886
-0.002548596719
-0.003286851725
-0.003886567794
-0.004403743748
-0.004857377399
-0.005259498097
-0.005622643923
-0.00595824561
-0.006276065687
-0.006584195745
-0.006889083026
-0.007195581545
-0.007507031215
-0.007825350914
-0.008151135964
-0.008483755096
-0.008821444636
-0.00916139956
-0.009499862484
-0.009832212582
-0.01015305708
-0.01045632822
-0.01073538884
-0.01098314934
-0.01119219898
-0.01135495369
-0.01146382231
-0.01151139239
-0.01149063582
-0.0113951348
-0.0112193272
-0.01095875263
-0.01061028945
-0.01017258346
-0.009646089639
-0.009033483472
-0.008339783313
-0.007572544808
-0.006741969853
-0.005860925958
-0.004944864396
-0.004011619951
-0.003081078553
-0.002174705261
-0.001314933314
-0.0005244255202
0.0001747684667
0.0007621222367
0.001219560766
0.001532346992
0.001689861144
0.001686207076
0.001520586809
0.001197398983
0.0007260395503
0.0001204088259
-0.0006018734273
-0.001420521638
-0.002313301412
-0.003255786429
-0.004230491046
-0.005259660791
-0.006225527087
-0.002779952161
-0.003568663838
-0.004317818256
-0.004927321039
-0.00545443409
-0.005918859879
-0.006333228421
-0.006710642894
-0.007063023652
-0.007400536597
-0.007731591107
-0.008062870369
-0.008399388201
-0.00874457449
-0.009100373954
-0.009467347893
-0.00984477355
-0.0102307386
-0.0106222304
-0.01101522131
-0.01140475227
-0.01178501775
-0.01214945546
-0.01249084439
-0.01280141476
-0.01307297318
-0.01329704621
-0.01346504477
-0.01356845153
-0.01359903237
-0.01354907292
-0.01341164139
-0.01318086149
-0.01285217454
-0.0124227909
-0.011891842
-0.01126077627
-0.01053359863
-0.009717108675
-0.008821091672
-0.007858413916
-0.006845011158
-0.005799748223
-0.0047441291
-0.003701842499
-0.002698136344
-0.001759026216
-0.0009103572655
-0.0001767555995
0.0004194778449
0.0008594625341
0.001128743018
0.001218118882
0.001124219987
0.0008497612292
0.0004034365163
-0.0002005566085
-0.0009433685626
-0.001802702971
-0.002753693959
-0.003768743318
-0.004827844631
-0.005955217429
-0.007018879778
-0.003907672278
-0.004704141449
-0.005461320937
-0.006078606926
-0.006614256131
-0.007088585338
-0.007514775861
-0.007906450459
-0.008275983417
-0.008633919543
-0.008988971604
-0.009348053161
-0.009716339902
-0.01009736017
-0.01049309823
-0.01090409909
-0.01132956915
-0.01176746974
-0.0122146034
-0.01266669413
-0.01311846425
-0.01356371131
-0.01399538876
-0.01440569473
-0.01478617285
-0.01512782924
-0.01542126943
-0.01565685861
-0.01582490809
-0.01591589003
-0.01592068231
-0.01583084614
-0.01563892527
-0.0153387353
-0.01492580214
-0.01439772356
-0.01375441613
-0.0129985799
-0.01213595166
-0.01117559087
-0.01013006664
-0.009015534067
-0.007851674097
-0.006661468555
-0.005470786143
-0.004307763573
-0.003201977997
-0.002183423248
-0.001281322287
-0.0005228302558
6.829585335e-05
0.0004729668022
0.0006778649034
0.0006762763216
0.0004685584105
6.217623311e-05
-0.0005287197674
-0.001284195925
-0.002179899059
-0.003188116324
-0.00427771755
-0.005425829285
-0.006658758411
-0.007828646748
-0.005154743741
-0.005955682393
-0.006718006813
-0.007341066651
-0.007883832397
-0.00836713698
-0.008804658499
-0.009210491077
-0.009597426848
-0.009976366638
-0.01035631533
-0.01074441564
-0.01114601242
-0.01156474681
-0.01200266257
-0.01246031275
-0.01293686023
-0.01343016923
-0.01393688728
-0.01445251917
-0.01497149575
-0.01548724122
-0.01599224332
-0.01647813096
-0.01693576406
-0.01735534023
-0.01772652272
-0.01803859402
-0.01828063864
-0.01844175831
-0.01851132216
-0.01847925593
-0.01833636554
-0.01807465702
-0.01768773774
-0.01717142098
-0.01652379323
-0.01574593109
-0.01484216557
-0.01382047344
-0.01269277053
-0.01147509396
-0.01018764461
-0.008854652757
-0.00750403255
-0.006166797705
-0.004876222898
-0.003666752706
-0.002572683026
-0.001626667171
-0.000858127723
-0.0002916820356
5.429087035e-05
0.0001688060428
4.902271649e-05
-0.0002995113967
-0.0008631781295
-0.001621212516
-0.002547223971
-0.003610458783
-0.00477587492
-0.006017343489
-0.007363356137
-0.008648335345
-0.00652099053
-0.007323147746
-0.008087770082
-0.00871460857
-0.009263056675
-0.009754358065
-0.01020262833
-0.0106223828
-0.01102679594
-0.01142710433
-0.01183259793
-0.01225065273
-0.01268679619
-0.01314480315
-0.01362680373
-0.01413339021
-0.01466371634
-0.01521558538
-0.01578552669
-0.01636886217
-0.01695976565
-0.01755131938
-0.01813557215
-0.01870360429
-0.01924560466
-0.01975096505
-0.02020839694
-0.02060607583
-0.02093181763
-0.02117329121
-0.02131827056
-0.02135493172
-0.02127219606
-0.02106008365
-0.02071008708
-0.02021593756
-0.01957361473
-0.01878223247
-0.0178443464
-0.01676645193
-0.01555939861
-0.01423869585
-0.01282468082
-0.01134250306
-0.009821879961
-0.008296581913
-0.006803616593
-0.00538209948
-0.004071823135
-0.002911570164
-0.001937251791
-0.001179991236
-0.0006643027984
-0.0004065369412
-0.0004137621334
-0.000683228613
-0.001202510842
-0.001950405873
-0.002898598799
-0.004013142789
-0.005254694529
-0.006593440469
-0.008060134577
-0.009469445208
-0.008005386547
-0.008805605776
-0.009569757922
-0.01019841749
-0.0107511039
-0.0112493596
-0.01170767411
-0.01214093279
-0.01256265881
-0.01298440825
-0.01341575473
-0.01386431839
-0.01433583005
-0.01483422681
-0.01536175951
-0.0159190984
-0.01650542959
-0.0171185386
-0.01775488032
-0.01840963684
-0.0190767665
-0.0197490483
-0.02041812679
-0.02107456307
-0.02170789737
-0.02230672937
-0.02285882176
-0.02335123285
-0.02377048376
-0.02410276516
-0.0243341879
-0.02445108348
-0.02444036011
-0.02428988548
-0.02398887121
-0.02352867527
-0.02290291439
-0.02210836949
-0.02114544277
-0.02001872008
-0.01873752311
-0.01731635605
-0.01577522109
-0.0141397516
-0.01244110477
-0.0107155575
-0.009003756843
-0.007349592973
-0.005798688755
-0.004396537089
-0.003186362297
-0.002206831305
-0.001489786965
-0.001058210865
-0.0009246366128
-0.001090215951
-0.001544589759
-0.002266690825
-0.003226522461
-0.004386861239
-0.005703679564
-0.007143014145
-0.008737936366
-0.01028112255
-0.009606063426
-0.01040134882
-0.01116239466
-0.0117909827
-0.01234645903
-0.0128505471
-0.01331804316
-0.01376415172
-0.01420271446
-0.01464559661
-0.01510266155
-0.01558179295
-0.01608895468
-0.01662828355
-0.01720219411
-0.0178114813
-0.01845541266
-0.01913180614
-0.01983709238
-0.02056636316
-0.02131340908
-0.02207075115
-0.02282967152
-0.02358024935
-0.02431140788
-0.0250109791
-0.02566579236
-0.02626179315
-0.0267841985
-0.0272176947
-0.02754668293
-0.02775557915
-0.02782917687
-0.02775305221
-0.02751396927
-0.02710064639
-0.02650415293
-0.02571853031
-0.02474165041
-0.02357574677
-0.02222811636
-0.02071172312
-0.01904568137
-0.01725556633
-0.01537348211
-0.01343781463
-0.01149260059
-0.00958645619
-0.007771035399
-0.006099026546
-0.004621749256
-0.003386476168
-0.002433668441
-0.001794369672
-0.001488036194
-0.001521076623
-0.001886326262
-0.002563653756
-0.003521796537
-0.004720275448
-0.006110025085
-0.007652441083
-0.009382944453
-0.01106976759
-0.01132033821
-0.01210793044
-0.01286342684
-0.01349014725
-0.01404696735
-0.01455566876
-0.01503128439
-0.01548928897
-0.01594381805
-0.01640704395
-0.01688913589
-0.0173982713
-0.01794068781
-0.01852076994
-0.01914114881
-0.01980279968
-0.02050512848
-0.02124604263
-0.02202200494
-0.02282807185
-0.02365791936
-0.02450386109
-0.02535686445
-0.02620657064
-0.02704132543
-0.02784822713
-0.02861319892
-0.02932109202
-0.029955827
-0.0305005797
-0.03093801825
-0.03125059807
-0.03142092532
-0.03143218043
-0.03126854912
-0.03091587495
-0.03036248665
-0.02959935157
-0.02862143505
-0.02742817415
-0.02602432575
-0.02442073705
-0.02263501282
-0.0206920291
-0.01862421405
-0.01647150735
-0.0142809069
-0.0121055194
-0.01000305261
-0.008033726913
-0.006257642512
-0.00473171404
-0.003506369243
-0.002622290022
-0.002107535004
-0.001975400286
-0.002223338764
-0.002833232607
-0.003773195009
-0.00499966147
-0.006458236444
-0.008105172737
-0.009978252915
-0.01181858987
-0.01314476304
-0.01392222546
-0.01466999172
-0.0152931811
-0.01584990868
-0.01636188724
-0.01684431447
-0.01731289034
-0.01778202814
-0.01826421649
-0.01876995978
-0.01930777326
-0.01988422269
-0.02050400112
-0.02117002054
-0.02188350211
-0.02264405539
-0.02344974123
-0.02429711657
-0.02518126216
-0.02609579641
-0.02703288006
-0.02798321738
-0.02893606041
-0.02987922291
-0.03079911132
-0.03168077976
-0.03250801651
-0.03326346937
-0.03392881729
-0.03448499563
-0.03491248212
-0.03519165522
-0.03530322841
-0.035228707
-0.03495092754
-0.0344552313
-0.03372928119
-0.03276476841
-0.03155791343
-0.0301104218
-0.0284304281
-0.02653335762
-0.02444266364
-0.02219035503
-0.01981721101
-0.01737256983
-0.01491357727
-0.01250379555
-0.01021110871
-0.00810492177
-0.006252737727
-0.00471630251
-0.00354762055
-0.002785241102
-0.002451267108
-0.00254952503
-0.003065320093
-0.003967069141
-0.005208497973
-0.006729691812
-0.008481272128
-0.01050338156
-0.01250710662
-0.01507519896
-0.01584051504
-0.01657871177
-0.01719688057
-0.01775209773
-0.01826587699
-0.01875350851
-0.01923087937
-0.01971267647
-0.02021172945
-0.0207389244
-0.02130317627
-0.02191145032
-0.0225688245
-0.02327856943
-0.02404222894
-0.02485969041
-0.02572923883
-0.02664759211
-0.02760991833
-0.02860983778
-0.02963941452
-0.03068914318
-0.03174793765
-0.03280312863
-0.03384047754
-0.03484421403
-0.03579710507
-0.03668056319
-0.0374748021
-0.03815904724
-0.03871180936
-0.03911123268
-0.03933552894
-0.03936345117
-0.0391747862
-0.03875163025
-0.03807824595
-0.03714266915
-0.03593753756
-0.03446102579
-0.03271796786
-0.03072091925
-0.0284911302
-0.02605934703
-0.02346632708
-0.02076293364
-0.01800966574
-0.01527548126
-0.01263579863
-0.01016962076
-0.007955818544
-0.006068737541
-0.004573438529
-0.003521025398
-0.002944614301
-0.00285652361
-0.003247277301
-0.004086877362
-0.005326987582
-0.006902142083
-0.008756889147
-0.01093372924
-0.01311057945
-0.01710691598
-0.01785859952
-0.01858581791
-0.01919769679
-0.019750013
-0.02026394899
-0.02075481669
-0.02123866275
-0.02173046038
-0.02224342574
-0.02278889576
-0.02337626955
-0.02401300449
-0.02470465867
-0.02545495508
-0.02626584971
-0.02713759147
-0.02806876679
-0.02905632548
-0.03009558789
-0.03118023607
-0.03230229304
-0.03345209632
-0.03461827203
-0.03578771702
-0.03694559628
-0.03807536357
-0.03915881311
-0.04017617033
-0.04110623012
-0.04192655097
-0.04261371317
-0.04314365273
-0.04349208561
-0.04363499016
-0.04354909916
-0.0432130411
-0.04260770683
-0.04171713122
-0.04053006221
-0.03904071921
-0.03725008552
-0.03516716914
-0.03281021464
-0.0302077949
-0.02739966224
-0.02443720906
-0.02138336378
-0.01831173649
-0.01530484118
-0.01245126992
-0.009841787984
-0.007564461301
-0.005699109186
-0.004311572338
-0.003448450449
-0.003133049994
-0.003363345181
-0.00411262998
-0.005331503496
-0.006949141347
-0.008903668578
-0.01123996064
-0.01359938526
-0.01923472163
-0.01997194175
-0.02068730468
-0.02129189616
-0.02183995662
-0.02235220453
-0.02284390742
-0.02333125968
-0.02382955685
-0.02435247466
-0.02491189937
-0.0255178274
-0.02617832739
-0.02689955568
-0.02768580011
-0.02853953277
-0.02946145803
-0.03045054736
-0.03150405627
-0.03261752259
-0.033784748
-0.03499776686
-0.03624680802
-0.03752025615
-0.03880461987
-0.0400845143
-0.04134266581
-0.04255994709
-0.04371545076
-0.04478660998
-0.04574937492
-0.0465784536
-0.04724762808
-0.04773016239
-0.04799928982
-0.04802871363
-0.04779348691
-0.04727112754
-0.04644149174
-0.04528918399
-0.04380412005
-0.04198294976
-0.03983050468
-0.03736123959
-0.03460061802
-0.03158632246
-0.02836912927
-0.02501325016
-0.02159591261
-0.0182059434
-0.01494114959
-0.0119043755
-0.009198263144
-0.006918957113
-0.00514924987
-0.003951908512
-0.003364095988
-0.003393942727
-0.004020238976
-0.005193953178
-0.006839400935
-0.008888084781
-0.01138732163
-0.01393831716
-0.02145312065
-0.02217584456
-0.02287912119
-0.02347575649
-0.0240182481
-0.02452671987
-0.02501633767
-0.02550345459
-0.02600375627
-0.02653148764
-0.02709922057
-0.02771769829
-0.02839575235
-0.0291402831
-0.02995627771
-0.03084684443
-0.03181324771
-0.03285493339
-0.03396953799
-0.03515287999
-0.03639893395
-0.0376997914
-0.03904561337
-0.0404245814
-0.04182285403
-0.04322453652
-0.04461167159
-0.04596425948
-0.04726031534
-0.04847597285
-0.0495856426
-0.05056223449
-0.05137745394
-0.05200218896
-0.05240699364
-0.05256259314
-0.05244052324
-0.052014834
-0.05126125586
-0.05016001468
-0.04869648244
-0.04686259142
-0.04465845274
-0.04209401005
-0.0391907072
-0.03598306331
-0.0325199936
-0.02886566263
-0.0250996063
-0.02131582521
-0.01762055463
-0.0141284778
-0.01095729284
-0.008220777457
-0.006020809114
-0.004439136638
-0.003529985519
-0.003314842999
-0.003780764091
-0.004881051123
-0.006536059867
-0.008670696569
-0.01133487753
-0.01408581116
-0.02375650966
-0.02446566699
-0.02515740317
-0.02574580345
-0.02628145541
-0.02678376372
-0.02726775066
-0.0277499716
-0.02824661324
-0.02877264729
-0.02934151607
-0.02996490452
-0.03065259861
-0.0314124213
-0.03225021881
-0.03316987344
-0.03417332508
-0.03526058794
-0.03642975436
-0.03767698184
-0.03899646326
-0.04038038293
-0.04181886339
-0.04329990927
-0.04480935516
-0.04633082533
-0.04784571303
-0.04933318759
-0.05077023757
-0.05213175843
-0.05339069363
-0.05451823817
-0.05548411406
-0.05625693382
-0.05680466749
-0.05709514515
-0.05709658088
-0.0567793575
-0.0561153961
-0.05508032205
-0.05365484128
-0.05182590505
-0.04958847725
-0.04694737493
-0.04391919129
-0.04053422181
-0.03683824088
-0.03289391131
-0.02878153883
-0.0245988199
-0.02045919713
-0.01648846259
-0.01281936761
-0.009584236126
-0.006905940547
-0.004888037088
-0.003605286895
-0.003096221787
-0.003359548005
-0.004353493052
-0.005995864061
-0.008205314961
-0.01103466789
-0.0139930938
-0.02613941208
-0.02683708623
-0.02751875314
-0.02809909375
-0.02862666835
-0.02912005016
-0.02959410123
-0.0300656691
-0.0305516106
-0.03106784477
-0.03162893084
-0.03224774661
-0.0329352721
-0.03370046993
-0.03455023344
-0.03548937571
-0.03652063768
-0.03764469867
-0.03886017823
-0.04016362319
-0.04154947829
-0.04301004197
-0.04453541177
-0.04611342502
-0.04772960198
-0.04936709894
-0.0510066792
-0.05262671006
-0.05420319395
-0.05570984222
-0.05711820028
-0.05839783294
-0.05951657933
-0.06044089148
-0.06113627563
-0.06156779154
-0.06170055156
-0.06150116014
-0.06093806862
-0.05998223414
-0.05860967223
-0.0568022179
-0.05454940134
-0.05185044026
-0.04871637706
-0.04517232223
-0.04125967108
-0.03703808587
-0.03258694667
-0.02800587956
-0.02341389371
-0.01894663417
-0.01475132965
-0.01097923193
-0.007775732704
-0.00526887752
-0.003557590504
-0.002701578726
-0.002715235623
-0.003565024205
-0.005168245873
-0.007438075
-0.01043076987
-0.01360324403
-0.02859676136
-0.02928641494
-0.02996057928
-0.03053355417
-0.03105182047
-0.03153303045
-0.03199190927
-0.03244575169
-0.03291233219
-0.0334088192
-0.0339512132
-0.03455390498
-0.03522936521
-0.03598795708
-0.03683784007
-0.03778493364
-0.03883291373
-0.03998322122
-0.04123506696
-0.04258542475
-0.04402900826
-0.0455582324
-0.0471631626
-0.04883145735
-0.05054831104
-0.0522964045
-0.05405587123
-0.05580428747
-0.05751669421
-0.05916565946
-0.06072138934
-0.06215189679
-0.06342323672
-0.0644998199
-0.06534482518
-0.06592069542
-0.06618962581
-0.06611452502
-0.06566061791
-0.06479431249
-0.06348698765
-0.06171536162
-0.05946339864
-0.05672441343
-0.05350337157
-0.04981939798
-0.04570839211
-0.04122556597
-0.03644761859
-0.0314741372
-0.02642769231
-0.02145200626
-0.01670757892
-0.01236431749
-0.008591100633
-0.005542815219
-0.003346172036
-0.002086537112
-0.001798675323
-0.002461394738
-0.003994294015
-0.006306400103
-0.009458258761
-0.01285016011
-0.03112424491
-0.0318109885
-0.03248150747
-0.03304838901
-0.03355606902
-0.03402122886
-0.03445854195
-0.03488599708
-0.03532263869
-0.0357872921
-0.03629782055
-0.03687053108
-0.03751974788
-0.03825754423
-0.0390935968
-0.04003512412
-0.04108687596
-0.04225114592
-0.04352778746
-0.04491422063
-0.04640542302
-0.04799390391
-0.0496696639
-0.05142014516
-0.05323017904
-0.05508193855
-0.05695490386
-0.05882584878
-0.06066885681
-0.06245537447
-0.0641543108
-0.06573219119
-0.06715337442
-0.06838034322
-0.06937408739
-0.07009458768
-0.07050129352
-0.07055370664
-0.07021377204
-0.06944387753
-0.06821075103
-0.06648613443
-0.0642484535
-0.06148499789
-0.05819433358
-0.0543890107
-0.05009851199
-0.04537229601
-0.04028267925
-0.03492715614
-0.02942958801
-0.02393953546
-0.01862892297
-0.01368529752
-0.009301272975
-0.0056603931
-0.002920574309
-0.001197536394
-0.0005517033555
-0.0009791950937
-0.002405601305
-0.004737843242
-0.008042049571
-0.01165741691
-0.03371872742
-0.03440964368
-0.03508188828
-0.03564457419
-0.0361402457
-0.03658462943
-0.03699252656
-0.03738299481
-0.03777684064
-0.03819508887
-0.03865800679
-0.03918431957
-0.03979064262
-0.04049112055
-0.04129722876
-0.04221769053
-0.04325846669
-0.04442278239
-0.04571116472
-0.0471214736
-0.04864891671
-0.05028604505
-0.05202273064
-0.05384613116
-0.05574064793
-0.05768788519
-0.05966661876
-0.06165278274
-0.06361948233
-0.06553704118
-0.06737309145
-0.06909271502
-0.07065864424
-0.07203153146
-0.07317030409
-0.07403262315
-0.07457535587
-0.07475503076
-0.0745300342
-0.07385947514
-0.07270546328
-0.07103500135
-0.06882114155
-0.06604520168
-0.0626992386
-0.05878888159
-0.05433653085
-0.0493848244
-0.04400016728
-0.03827595954
-0.03233495582
-0.0263299632
-0.02044189443
-0.01487414069
-0.00984244742
-0.005560085503
-0.002219155436
2.955963477e-05
0.001094183764
0.0009554364978
-0.0003229734613
-0.002648782268
-0.006095595453
-0.009936991482
-0.03637878196
-0.03708332032
-0.03776442959
-0.03832546376
-0.03880739655
-0.03922512402
-0.03959389646
-0.0399343938
-0.04026986178
-0.04062423862
-0.04102088277
-0.04148155345
-0.04202567666
-0.04266988096
-0.04342774771
-0.04430971513
-0.04532308112
-0.04647205856
-0.04775784889
-0.04917871096
-0.05073001177
-0.05240425408
-0.05419108101
-0.05607726225
-0.05804666853
-0.06008024255
-0.06215597484
-0.06424889377
-0.06633107825
-0.06837170121
-0.07033711252
-0.07219096952
-0.07389442346
-0.07540637034
-0.07668378009
-0.07768212452
-0.07835585038
-0.07865880903
-0.07854584924
-0.07797325085
-0.07689873129
-0.07528484607
-0.07309954435
-0.07031837839
-0.06692698869
-0.06292398874
-0.05832432052
-0.05316304022
-0.04749939334
-0.04142088062
-0.03504679148
-0.02853039547
-0.0220586847
-0.01584835264
-0.01013674288
-0.005166991587
-0.00116766733
0.001670905621
0.003219260027
0.003428244123
0.002345024645
5.706349782e-05
-0.003519406414
-0.007587821865
-0.03910537188
-0.03983583252
-0.04053499959
-0.04109754514
-0.0415634362
-0.04194703535
-0.04226457444
-0.04253915591
-0.04279738539
-0.04306704352
-0.04337544079
-0.04374811469
-0.0442079056
-0.04477438484
-0.04546356172
-0.04628779087
-0.04725580757
-0.04837283189
-0.04964069749
-0.0510579753
-0.05262007493
-0.05431931623
-0.05614497077
-0.05808327727
-0.0601174387
-0.0622276096
-0.06439088259
-0.06658128464
-0.06876979182
-0.07092437078
-0.07301005607
-0.07498907161
-0.07682100444
-0.07846303891
-0.07987026274
-0.08099606529
-0.08179261204
-0.08221126749
-0.08220351121
-0.08172310231
-0.08072365749
-0.07916359252
-0.07700610204
-0.07422129659
-0.07078866372
-0.06669993873
-0.06196252405
-0.05660347708
-0.05067399907
-0.04425421458
-0.03745780314
-0.03043571789
-0.02337783014
-0.016510962
-0.01009159266
-0.004391794419
0.0003220532691
0.003816123003
0.005917090733
0.006538434936
0.00570371898
0.003490344346
-0.0001993330959
-0.004494145364
-0.04190274757
-0.04267487757
-0.04340366413
-0.0439713944
-0.04441795134
-0.04475773413
-0.04500879949
-0.04519781221
-0.04535597582
-0.04551610812
-0.04571053486
-0.04596945428
-0.04631980545
-0.04678459398
-0.0473825758
-0.0481281941
-0.0490316761
-0.05009921349
-0.05133317106
-0.05273228622
-0.05429183809
-0.05600377668
-0.05785681159
-0.05983646452
-0.06192509493
-0.0641019079
-0.06634295389
-0.06862113337
-0.07090621512
-0.07316487658
-0.07536077641
-0.07745466774
-0.07940456023
-0.08116593903
-0.08269205041
-0.08393427314
-0.08484258431
-0.0853659857
-0.08545296269
-0.085054504
-0.08412090194
-0.08260652911
-0.08047021733
-0.07767703457
-0.07420069978
-0.07002639562
-0.06515416907
-0.05960300476
-0.05341558052
-0.04666359409
-0.039453344
-0.03193090468
-0.02428576616
-0.0167512702
-0.009599736859
-0.003130125629
0.002353177486
0.006569693428
0.009296124728
0.01040042868
0.0098742215
0.007778090923
0.003995467654
-0.0005235333902
-0.04477965466
-0.04561338298
-0.04638605035
-0.04696290289
-0.04738520075
-0.04766837503
-0.04783360422
-0.04791271858
-0.04794316616
-0.04796431886
-0.04801480884
-0.04813051728
-0.04834323175
-0.04867989212
-0.04916228718
-0.04980706263
-0.05062591943
-0.051625907
-0.05280974222
-0.05417610966
-0.05571991768
-0.05743249951
-0.05930176016
-0.06131227292
-0.0634453387
-0.06567901797
-0.06798814465
-0.07034434017
-0.07271603602
-0.07506851253
-0.07736396642
-0.07956161587
-0.08161785085
-0.0834864375
-0.08511878528
-0.08646429354
-0.08747079499
-0.0880849956
-0.08825282957
-0.08792201108
-0.08704034391
-0.08555821867
-0.08343047072
-0.08061753587
-0.07708780656
-0.07282036132
-0.06780828113
-0.06206270337
-0.05561769935
-0.04853596117
-0.04091512628
-0.03289423879
-0.02465934022
-0.01644651157
-0.008539986813
-0.001262501607
0.005044629098
0.01005221588
0.01348133123
0.01514580067
0.01499564056
0.01306613146
0.00921501109
0.004475504047
-0.04775099814
-0.04867133855
-0.0495051682
-0.05009487457
-0.05048537469
-0.05069478266
-0.05074935106
-0.05068830454
-0.05055750052
-0.05040476243
-0.05027656439
-0.05021561931
-0.05025934717
-0.05043909002
-0.05077988131
-0.05130058512
-0.05201425086
-0.05292856505
-0.05404631771
-0.05536583148
-0.05688132559
-0.05858320319
-0.0604582667
-0.06248986341
-0.06465798237
-0.0669393127
-0.0693072683
-0.07173201364
-0.07418049361
-0.07661646484
-0.07900055537
-0.08129036169
-0.08344058669
-0.08540322881
-0.08712783155
-0.08856180715
-0.08965085403
-0.09033941018
-0.0905710107
-0.09029008086
-0.08944217675
-0.08797389211
-0.08583634847
-0.08298571458
-0.07938549555
-0.07500915961
-0.06984332959
-0.06389173762
-0.05718010161
-0.04976198365
-0.0417256204
-0.03320142503
-0.02436935176
-0.01546456798
-0.00677895375
0.001344967679
0.008531310278
0.01440141441
0.01861583947
0.02092544943
0.02122770636
0.01952207225
0.0156315957
0.0106765387
-0.05084018096
-0.05187833093
-0.05279387864
-0.05339913079
-0.05374619577
-0.05385852409
-0.05377033261
-0.05353130393
-0.05319851374
-0.05283056724
-0.05248355853
-0.05220827055
-0.05204851829
-0.05204042067
-0.05221233415
-0.0525852073
-0.05317316271
-0.05398416376
-0.05502067067
-0.05628022914
-0.05775596331
-0.05943696136
-0.06130856793
-0.06335257708
-0.06554737632
-0.06786803337
-0.07028630821
-0.07277070801
-0.07528653636
-0.07779589227
-0.08025771518
-0.08262787792
-0.08485931057
-0.08690217318
-0.08870408699
-0.09021043618
-0.09136476026
-0.09210921637
-0.09238496075
-0.09213318738
-0.09129725492
-0.08982007094
-0.08764921352
-0.08473686548
-0.08104201887
-0.07653296926
-0.07119037314
-0.06501110205
-0.05801301638
-0.05024079515
-0.04177304627
-0.032730563
-0.02328517338
-0.01366788645
-0.004173963615
0.004838844892
0.01296357737
0.01977273173
0.02486251066
0.02791202374
0.0287539499
0.02733907149
0.02344383244
0.01827916813
-0.05408245025
-0.05527710322
-0.05629827935
-0.05691930865
-0.05720496381
-0.05718820537
-0.05691543164
-0.05645094249
-0.05586661843
-0.05523464214
-0.05462271258
-0.05409093696
-0.05369017799
-0.05346152447
-0.05343652193
-0.05363785447
-0.05408024229
-0.05477138903
-0.05571287363
-0.05690092887
-0.05832708099
-0.0599786387
-0.06183907767
-0.06388825387
-0.06610263714
-0.0684554372
-0.07091656585
-0.0734527082
-0.07602731565
-0.078600635
-0.08112977516
-0.08356876742
-0.08586866522
-0.08797769663
-0.08984147466
-0.09140327621
-0.09260440935
-0.09338467389
-0.09368277028
-0.09343677554
-0.09258749766
-0.09107463885
-0.08884247346
-0.08583922062
-0.08201942941
-0.07734650036
-0.07179550251
-0.06535694217
-0.05804135341
-0.04988495552
-0.04095690853
-0.03136798369
-0.02128052757
-0.01091876932
-0.0005774244996
0.009375279687
0.01850564389
0.02633925841
0.03240531614
0.03630263499
0.03778562226
0.03674074183
0.03288202367
0.02751434733
-0.05752976678
-0.05892862339
-0.06008239651
-0.06071460215
-0.0609111652
-0.06072101813
-0.06020881138
-0.05945902852
-0.0585628426
-0.05760926347
-0.05667969547
-0.05584471287
-0.05516263507
-0.0546794103
-0.05442932514
-0.05443615645
-0.05471448888
-0.05527101523
-0.05610570901
-0.057212816
-0.0585816572
-0.06019720757
-0.06204064885
-0.06408959919
-0.06631829197
-0.06869769984
-0.07119555179
-0.07377645522
-0.07640189042
-0.07903017337
-0.08161647704
-0.0841128877
-0.08646848848
-0.08862948949
-0.09053941473
-0.09213935642
-0.09336831542
-0.09416364442
-0.09446148256
-0.09419705189
-0.09330789779
-0.09173064321
-0.08940559271
-0.0862772568
-0.08229594806
-0.07742064082
-0.07162164253
-0.06488314686
-0.05720829889
-0.04862521795
-0.03919388338
-0.02901494751
-0.01824055069
-0.007086273982
0.004157010245
0.01511513769
0.02533245054
0.03429060661
0.04145029068
0.04632184541
0.0485665947
0.04798766682
0.04421554894
0.03865183588
-0.0612580124
-0.06291939465
-0.0642347393
-0.0648647703
-0.06492977031
-0.06450452367
-0.06368054934
-0.06256983344
-0.06128830651
-0.05994541464
-0.05863830416
-0.05744884342
-0.05644278142
-0.05567034935
-0.05516768667
-0.05495863476
-0.05505659104
-0.05546623427
-0.05618501075
-0.05720434844
-0.05851070317
-0.060086202
-0.06190918832
-0.06395448822
-0.06619369121
-0.06859534392
-0.07112488099
-0.07374467897
-0.07641404345
-0.079089185
-0.08172321705
-0.08426617831
-0.08666508884
-0.08886405266
-0.09080441696
-0.09242499871
-0.09366239541
-0.09445140067
-0.09472545302
-0.09441694482
-0.09345972685
-0.09178768135
-0.08933704758
-0.08604833999
-0.08186749894
-0.07674828827
-0.07065513533
-0.06356634082
-0.05547934733
-0.04641505926
-0.03642357304
-0.02559482421
-0.01407013194
-0.002055017279
0.01016600519
0.02221674415
0.03362433926
0.04383011354
0.05222563875
0.05822482596
0.06137952589
0.06138622757
0.05776326664
0.05201092585
-0.06537785361
-0.06737213392
-0.06887751081
-0.06947681137
-0.06934530449
-0.06859856345
-0.06736700972
-0.06579953284
-0.06404322372
-0.06223169299
-0.0604794872
-0.0588799695
-0.05750558819
-0.05640960624
-0.05562853647
-0.05518477043
-0.05508908617
-0.0553428582
-0.05593986887
-0.05686783618
-0.05810955224
-0.05964356749
-0.06144481827
-0.0634850478
-0.06573295474
-0.06815432465
-0.07071203882
-0.07336606539
-0.07607341548
-0.07878809482
-0.08146106928
-0.08404025366
-0.08647053575
-0.08869384668
-0.09064928801
-0.09227332629
-0.09350007039
-0.09426165312
-0.09448867644
-0.09411054824
-0.09305732646
-0.09125977791
-0.08864983578
-0.08516372549
-0.08074266902
-0.0753352528
-0.06890014252
-0.06140926603
-0.05285195197
-0.04324015233
-0.03261608622
-0.02106082805
-0.008703110079
0.004264125403
0.01756531137
0.03082539934
0.04355855305
0.05516940768
0.06498023762
0.0723003663
0.07655359247
0.0773007296
0.07390850063
0.06797635737
-0.07005145745
-0.07246157153
-0.07417959091
-0.07469374452
-0.07426664164
-0.07307696686
-0.07131051334
-0.06916475889
-0.06682502023
-0.0644524372
-0.06217972232
-0.06011085361
-0.05832318629
-0.05687082965
-0.05578842598
-0.05509481041
-0.05479626845
-0.05488926643
-0.05536260887
-0.05619924512
-0.05737741363
-0.05887142395
-0.0606523753
-0.06268846137
-0.06494515033
-0.06738526058
-0.06996894533
-0.07265363629
-0.07539395992
-0.07814164978
-0.0808454723
-0.08345117756
-0.08590148625
-0.08813612315
-0.09009190743
-0.09170291041
-0.09290069463
-0.09361465524
-0.09377244586
-0.09330033423
-0.09212449926
-0.09017220289
-0.08737078923
-0.08365178212
-0.0789511549
-0.07321164535
-0.06638538879
-0.0584370285
-0.04934768957
-0.03912004286
-0.02778494608
-0.01541020285
-0.00211413779
0.01192161867
0.02643567231
0.04105876221
0.05529614533
0.06851881185
0.079979214
0.08887298458
0.09447396745
0.09617018076
0.09312104566
0.08702259911
-0.07551883221
-0.07843813704
-0.080374814
-0.08070585824
-0.07983211467
-0.07802827331
-0.07555741534
-0.07267941782
-0.06962483309
-0.06658445817
-0.06370824083
-0.06110817046
-0.05886318726
-0.05702481606
-0.05562263055
-0.05466910661
-0.05416368182
-0.05409596035
-0.05444836683
-0.05519789968
-0.05631728929
-0.05777599227
-0.05954074008
-0.06157582588
-0.06384323317
-0.06630264572
-0.06891137434
-0.07162424246
-0.0743934507
-0.07716844111
-0.07989577691
-0.0825190499
-0.08497882544
-0.08721263492
-0.08915502508
-0.09073767422
-0.09188958771
-0.09253739229
-0.09260572654
-0.09201759675
-0.09069525717
-0.08856208442
-0.08554054927
-0.08155699937
-0.07654153188
-0.07043019774
-0.06316752994
-0.05470951326
-0.04502737039
-0.03411243119
-0.02198259302
-0.008691066178
0.00566141638
0.0209107766
0.03680522482
0.05298772388
0.06896268899
0.08407125656
0.09749430799
0.1083025174
0.1155927705
0.1185313663
0.1159898944
0.109751846
-0.082140504
-0.08566394734
-0.08778749408
-0.08776436891
-0.08621372473
-0.08355378666
-0.08015287663
-0.07634823813
-0.07242110502
-0.06859133723
-0.06502227777
-0.0618287167
-0.05908573618
-0.05683723856
-0.05510337799
-0.05388668018
-0.05317682478
-0.05295456158
-0.05319426455
-0.05386560897
-0.05493501975
-0.05636646148
-0.05812187764
-0.06016138927
-0.06244332527
-0.06492414036
-0.06755826244
-0.07029790543
-0.0730928703
-0.07589035236
-0.07863476939
-0.08126762094
-0.08372738796
-0.08594948107
-0.08786624555
-0.08940703208
-0.09049834373
-0.09106407616
-0.09102585675
-0.09030337651
-0.08881498832
-0.08647985083
-0.08321533284
-0.0789421358
-0.07358381303
-0.06706878692
-0.05933269792
-0.05032113765
-0.03999314508
-0.02832577349
-0.01532025593
-0.001010562261
0.01452443393
0.03114397537
0.04862107023
0.06661086408
0.08462161502
0.101976643
0.1177851487
0.13097792
0.1404401503
0.1450501668
0.1432726775
0.1369552982
-0.09046887889
-0.09466820339
-0.09686736768
-0.09619621704
-0.09361749882
-0.08975957158
-0.08512917118
-0.08015439605
-0.07516817504
-0.07041369352
-0.0660591626
-0.06221317315
-0.05893865004
-0.05626482987
-0.05419679594
-0.05272266594
-0.05181935379
-0.05145628759
-0.05159782615
-0.05220526709
-0.05323794248
-0.05465381163
-0.05640973097
-0.05846149339
-0.06076371617
-0.06326963676
-0.06593085768
-0.0686970719
-0.07151578959
-0.07433208163
-0.07708835147
-0.07972414365
-0.0821759961
-0.08437734257
-0.08625847154
-0.08774654882
-0.08876571201
-0.08923725077
-0.08907987996
-0.08821002196
-0.08654224083
-0.08399125163
-0.08046921738
-0.0758908046
-0.07017240568
-0.06323386969
-0.05500055492
-0.04540568603
-0.03439339737
-0.02192278603
-0.007973514302
0.007446147864
0.02428742807
0.04244342953
0.06172294968
0.08181359402
0.1022365477
0.1223034171
0.1410654501
0.1572991709
0.1696322543
0.1765636909
0.1759723714
0.1697161428
-0.1013712454
-0.1062331864
-0.1082353481
-0.1064156974
-0.1022735453
-0.09673591698
-0.09048201192
-0.08403694101
-0.07777676085
-0.07195327546
-0.06672380861
-0.06217644187
-0.05834993502
-0.05524957936
-0.05285836016
-0.05114518342
-0.05007039099
-0.04958931968
-0.04965487577
-0.05021896425
-0.05123321548
-0.05264927465
-0.05441880013
-0.05649327361
-0.0588236997
-0.06136024876
-0.06405187839
-0.06684595844
-0.06968791565
-0.07252090898
-0.0752855432
-0.07791962608
-0.08035797357
-0.08253226682
-0.0843709652
-0.08579927987
-0.08673921379
-0.08710967768
-0.08682668665
-0.08580356885
-0.08395131799
-0.08118014736
-0.07739709981
-0.07251058248
-0.06642937131
-0.05906394343
-0.05032808023
-0.04014066093
-0.02842800844
-0.01512710239
-0.0001901955646
0.01640821685
0.03466048593
0.05450851472
0.07581642594
0.09832889157
0.1216120452
0.1449822006
0.1674468922
0.1876366633
0.2038675474
0.2141318524
0.2154528169
0.2095837335
-0.1162473236
-0.1215275701
-0.1227370683
-0.1189211789
-0.1124023489
-0.1045124562
-0.0961259098
-0.08785183192
-0.08008241353
-0.07304850072
-0.06687016124
-0.06159369204
-0.05721752985
-0.05371138705
-0.05102811334
-0.04911129982
-0.04790090787
-0.04733616357
-0.04735722812
-0.04790593592
-0.0489259631
-0.05036265127
-0.05216262848
-0.05427332256
-0.05664242971
-0.05921737803
-0.06194481005
-0.06477009939
-0.06763690998
-0.07048680275
-0.07325889244
-0.07588955593
-0.07831219317
-0.08045704181
-0.08225104668
-0.08361778618
-0.08447745816
-0.08474693024
-0.08433985414
-0.08316678305
-0.08113547829
-0.0781518163
-0.07411804042
-0.06893632065
-0.06250764189
-0.05473262959
-0.04551253126
-0.03475022683
-0.0223515685
-0.008227316377
0.007703844862
0.02551027675
0.04523866791
0.06689876716
0.09043693403
0.1156918688
0.1423244577
0.1697161601
0.1968525478
0.222250189
0.243887753
0.2590780869
0.263590412
0.2588511071
-0.1374356286
-0.14231422
-0.1414869701
-0.1342474295
-0.1241299017
-0.1129681773
-0.1018148667
-0.09130838209
-0.08179743189
-0.07343920609
-0.0662763266
-0.06028378816
-0.0553989951
-0.05154192785
-0.04862553269
-0.04656304684
-0.04527115927
-0.04467145368
-0.0446907515
-0.0452608056
-0.04631765456
-0.04780082082
-0.04965245976
-0.05181652111
-0.05423795607
-0.05686198684
-0.05963344505
-0.06249618052
-0.06539253867
-0.0682629039
-0.07104530556
-0.07367508376
-0.07608461215
-0.07820307587
-0.07995630286
-0.08126664751
-0.08205292579
-0.08223040226
-0.08171082228
-0.08040242918
-0.07821022104
-0.07503616903
-0.07077828405
-0.06533284054
-0.05859325475
-0.05045031791
-0.04079239552
-0.02950543808
-0.01647298772
-0.001576336216
0.01530481918
0.03429044814
0.05549542949
0.07901900035
0.1049230561
0.1331903858
0.1636494918
0.1958488158
0.2288700605
0.2611388558
0.2903599654
0.3129978562
0.323014651
0.3210680228
-0.1690443734
-0.171282707
-0.1658585231
-0.1528145109
-0.1373040837
-0.1216643929
-0.107009605
-0.09387128031
-0.08244232793
-0.07272353886
-0.06462018254
-0.05799716131
-0.05270508137
-0.04859978307
-0.04554732397
-0.04342673875
-0.04213008519
-0.04156129968
-0.04163458109
-0.0422726494
-0.04340505998
-0.04496665577
-0.04689618591
-0.04913509162
-0.05162644818
-0.05431404719
-0.05714160238
-0.06005206375
-0.06298702657
-0.06588622404
-0.06868709422
-0.07132441383
-0.07372999263
-0.07583242347
-0.07755688353
-0.07882498267
-0.07955465467
-0.07966008721
-0.07905167819
-0.07763595303
-0.07531575497
-0.07198986933
-0.06755285518
-0.06189580332
-0.05490527674
-0.04646290667
-0.03644470328
-0.02471990724
-0.01114939204
0.0044164166
0.02214002153
0.04219933121
0.06478904628
0.09011846913
0.1184005098
0.1498217351
0.1844753452
0.2222271877
0.2624730256
0.3037796723
0.3436452119
0.3777586392
0.3976903165
0.4023664446
-0.2184558136
-0.2124913799
-0.1973355775
-0.1745998328
-0.1511646623
-0.1295772541
-0.1106863557
-0.09464432095
-0.0812884272
-0.07033647602
-0.06147628507
-0.05441800649
-0.04890526276
-0.04471930556
-0.04167573387
-0.03961963841
-0.03842041755
-0.03796698212
-0.03816362479
-0.03892657265
-0.04018115273
-0.04185947523
-0.04389853961
-0.0462386805
-0.04882228475
-0.05159272518
-0.05449346846
-0.05746732459
-0.06045581263
-0.06339862378
-0.06623316699
-0.06889418583
-0.07131343749
-0.07341942657
-0.07513718691
-0.07638810484
-0.07708977678
-0.0771558929
-0.07649612925
-0.07501597203
-0.07261684048
-0.06919533683
-0.06464348352
-0.05884828201
-0.05169069897
-0.04304463625
-0.03277535041
-0.02073710638
-0.006769859722
0.009305331822
0.02769248878
0.04862871047
0.07239386654
0.09932086217
0.1298029687
0.1642894742
0.2032502772
0.2470694481
0.2957945576
0.3486633078
0.4034310097
0.4552394888
0.4931752553
0.5131731082
-0.2978549163
-0.271317072
-0.2367315765
-0.1983385553
-0.1637249291
-0.1347139288
-0.1111559058
-0.09232059266
-0.07737460634
-0.06558856525
-0.05636118087
-0.04921437858
-0.04377403596
-0.03974851744
-0.03690905057
-0.03507417129
-0.03409776747
-0.03386000922
-0.03426054398
-0.03521339446
-0.03664310781
-0.03848181961
-0.04066698743
-0.04313961623
-0.04584284799
-0.04872082439
-0.05171775745
-0.05477716127
-0.05784121126
-0.06085020623
-0.06374211536
-0.06645219657
-0.06891267552
-0.07105247658
-0.07279699773
-0.07406792102
-0.07478304962
-0.07485616017
-0.07419684634
-0.07271026301
-0.07029718133
-0.06685324906
-0.06226890186
-0.05642847887
-0.04920910806
-0.04047913406
-0.03009578428
-0.01790176543
-0.003720367318
0.01265153258
0.0314533956
0.05297497714
0.07757565548
0.1057104831
0.1379634475
0.1750851548
0.2180226364
0.2679042944
0.3258919029
0.3927444076
0.4677479915
0.5458861104
0.6135808127
0.6642958533
-0.4322097841
-0.3535295326
-0.2802556869
-0.2185417771
-0.170031043
-0.1332416444
-0.1057201127
-0.08508137637
-0.06950674042
-0.0577144748
-0.04879074688
-0.04208181709
-0.03711996528
-0.03356606721
-0.03116897506
-0.02973839938
-0.02912648995
-0.02921514286
-0.02990722987
-0.03112046969
-0.03278306493
-0.03483053332
-0.03720335727
-0.03984520093
-0.04270152704
-0.04571850099
-0.0488421058
-0.05201741595
-0.05518799388
-0.05829538389
-0.06127868541
-0.06407419233
-0.06661508798
-0.06883118723
-0.07064871739
-0.07199012941
-0.07277392903
-0.07291451427
-0.07232198524
-0.07090191704
-0.06855526561
-0.06517777741
-0.0606594286
-0.05488356882
-0.04772563702
-0.03905124581
-0.0287133773
-0.0165482856
-0.002369517621
0.01404082319
0.03294489085
0.05466799481
0.07962663196
0.1083702237
0.1416431249
0.1804753461
0.2263093004
0.2811569582
0.3477425745
0.42947092
0.5293816231
0.6453620119
0.7633935265
0.8752590708
-0.7304936
-0.4694167877
-0.3095354069
-0.2190264462
-0.1585614178
-0.1172718231
-0.08927853375
-0.06970986489
-0.05562860827
-0.04535993687
-0.03783380659
-0.03234278502
-0.02841875547
-0.0257423973
-0.02408690172
-0.02328529631
-0.02321011703
-0.02376026588
-0.02485247741
-0.0264156653
-0.02838705544
-0.03070945905
-0.0333292908
-0.03619508229
-0.03925633252
-0.04246259426
-0.04576273059
-0.04910429845
-0.05243303032
-0.05569239441
-0.05882321959
-0.06176337514
-0.0644474975
-0.06680675727
-0.06876865958
-0.07025687035
-0.07119105851
-0.07148673915
-0.07105507417
-0.06980279954
-0.06763192028
-0.06443914316
-0.06011535701
-0.0545447906
-0.04760369734
-0.03915841099
-0.02906249898
-0.01715258508
-0.003242206185
0.01288727345
0.03150023735
0.05292739565
0.07759756018
0.1060877731
0.1392042366
0.1781158486
0.2245779594
0.281310083
0.3526357548
0.4454713167
0.5699961564
0.7388550667
0.9742515532
1.301477282
-1.42491726
-0.645477826
-0.329077897
-0.2093459862
-0.136531479
-0.09170906614
-0.06550198284
-0.04902931533
-0.03793418338
-0.03025818861
-0.02488155725
-0.02113048692
-0.0186072088
-0.01706345467
-0.01633183105
-0.01629234539
-0.01685378644
-0.01794269262
-0.01949683266
-0.02146121472
-0.02378549249
-0.02642218586
-0.02932539629
-0.03244983061
-0.03575002517
-0.0391797067
-0.0426912517
-0.04623522108
-0.04975995503
-0.05321121906
-0.05653189465
-0.05966171007
-0.06253700746
-0.06509054261
-0.06725131303
-0.06894440865
-0.07009087713
-0.07060759062
-0.07040713365
-0.0693976589
-0.06748258149
-0.06456021065
-0.06052326457
-0.05525811014
-0.04864359941
-0.04054934628
-0.030833193
-0.01933748699
-0.005883597127
0.009736223338
0.02777108177
0.04853027042
0.07241306507
0.09995768806
0.1319254151
0.1694522965
0.2143364893
0.2696099898
0.3407456869
0.4382102413
0.5817942903
0.8108702661
1.250205959
2.170670313
)
;

boundaryField
{
    movingWall
    {
        type            zeroGradient;
    }
    fixedWalls
    {
        type            zeroGradient;
    }
    frontAndBack
    {
        type            empty;
    }
}


// ************************************************************************* //
