/*--------------------------------*- C++ -*----------------------------------*\
  =========                 |
  \\      /  F ield         | OpenFOAM: The Open Source CFD Toolbox
   \\    /   O peration     | Website:  https://openfoam.org
    \\  /    A nd           | Version:  11
     \\/     M anipulation  |
\*---------------------------------------------------------------------------*/
FoamFile
{
    format      ascii;
    class       volScalarField;
    location    "1900";
    object      p;
}
// * * * * * * * * * * * * * * * * * * * * * * * * * * * * * * * * * * * * * //

dimensions      [0 2 -2 0 0 0 0];

internalField   nonuniform List<scalar> 
4096
(
4.466198338e-10
-3.457921214e-05
-0.0001480193804
-0.0003329926487
-0.0005642274158
-0.0008209507835
-0.00108640701
-0.001347261242
-0.00159327771
-0.001816822004
-0.002012334335
-0.002175860926
-0.002304658672
-0.002396872163
-0.00245127814
-0.002467090707
-0.002443820134
-0.002381178223
-0.002279023475
-0.002137339661
-0.001956241744
-0.001736003454
-0.001477101152
-0.001180268953
-0.000846560412
-0.0004774123269
-7.470654995e-05
0.0003591740769
0.0008212992501
0.001308157509
0.001815638279
0.002339032291
0.002873053106
0.003411880295
0.003949223646
0.004478412216
0.004992506823
0.005484432671
0.005947130266
0.006373721098
0.006757683598
0.007093034104
0.007374506974
0.0075977276
0.007759372082
0.007857307572
0.007890708029
0.007860141144
0.007767623631
0.007616643719
0.007412151587
0.007160520363
0.006869482086
0.006548044344
0.006206393717
0.005855790792
0.005508455368
0.005177433836
0.004876411149
0.004619339894
0.004419695922
0.004289708962
0.00423870993
0.004250039536
3.422848127e-05
-5.594079793e-07
-9.962399417e-05
-0.0002586321723
-0.000457154822
-0.000678303561
-0.0009081987706
-0.001135427641
-0.001350917744
-0.001547666771
-0.001720394085
-0.001865200354
-0.001979262914
-0.002060575742
-0.002107736565
-0.002119779962
-0.002096053221
-0.002036130748
-0.00193976231
-0.001806850283
-0.001637451031
-0.001431795689
-0.001190325757
-0.0009137391293
-0.000603042376
-0.0002596053167
0.0001147858665
0.0005178805117
0.000946923673
0.00139862769
0.001869157877
0.002354134779
0.002848655998
0.003347337419
0.003844372871
0.004333617346
0.004808691662
0.005263105152
0.005690395037
0.006084279191
0.006438818112
0.006748581185
0.007008811798
0.007215585521
0.007365955513
0.007458079618
0.007491324222
0.007466340898
0.007385113109
0.007250971727
0.007068579688
0.006843887687
0.006584064115
0.006297403245
0.00599321547
0.005681701535
0.005373809016
0.005081060371
0.004815323525
0.004588424932
0.004411529667
0.004295101572
0.004249361267
0.004261126682
0.0001482482968
9.787506021e-05
-2.276041794e-06
-0.0001479846625
-0.0003244737449
-0.0005189047666
-0.0007202988644
-0.0009193283119
-0.001108333498
-0.001281212662
-0.001433219198
-0.001560734585
-0.001661048152
-0.00173215875
-0.001772606024
-0.001781334265
-0.001757588789
-0.001700843036
-0.00161075353
-0.001487139298
-0.001329982042
-0.001139443257
-0.000915894498
-0.0006599570691
-0.0003725474993
-5.49253233e-05
0.000291260196
0.0006639276066
0.001060528109
0.001478020543
0.001912859076
0.002360995914
0.002817902198
0.003278606476
0.003737749844
0.004189663657
0.004628466941
0.005048180431
0.005442856278
0.005806720282
0.006134322681
0.006420692882
0.006661492923
0.006853164159
0.006993061583
0.007079570431
0.007112200322
0.007091653004
0.007019860967
0.006899995491
0.006736444128
0.006534758941
0.006301577947
0.00604452276
0.005772075182
0.005493433915
0.005218349784
0.004956934602
0.004719427109
0.004515843403
0.004355500253
0.004247493846
0.004202772059
0.004211020425
0.0003363914235
0.0002575271433
0.0001406978597
-7.052601289e-06
-0.0001764707074
-0.0003580005534
-0.0005430463502
-0.0007241983101
-0.0008952533041
-0.001051164699
-0.001187925065
-0.001302414121
-0.001392239797
-0.001455588767
-0.001491095599
-0.001497735187
-0.001474740052
-0.001421542181
-0.001337737771
-0.001223072504
-0.001077444565
-0.0009009223249
-0.0006937735594
-0.0004565030343
-0.0001898953132
0.0001049402879
0.0004265256123
0.0007729733622
0.001141953411
0.001530668407
0.001935841125
0.002353715845
0.002780077003
0.003210284655
0.003639324928
0.004061883282
0.004472436564
0.00486536116
0.005235056566
0.005576081359
0.005883297714
0.006152019923
0.006378161789
0.006558377398
0.006690189641
0.006772101109
0.00680368246
0.006785634241
0.006719819224
0.00660926363
0.006458127025
0.006271641994
0.006056025851
0.005818367369
0.005566491629
0.00530880537
0.00505412399
0.004811481331
0.004589917986
0.004398199708
0.004244488886
0.004136980648
0.004086076558
0.00408368447
0.0005750719938
0.0004591133442
0.0003153542405
0.0001555943783
-1.643270692e-05
-0.0001940816941
-0.0003708453195
-0.000541107976
-0.0007001168127
-0.0008439472222
-0.0009694390678
-0.001074095659
-0.001155969512
-0.001213551183
-0.001245670134
-0.00125141265
-0.001230059119
-0.001181041094
-0.001103917278
-0.000998366781
-0.00086419748
-0.0007013670361
-0.0005100139537
-0.0002904959946
-4.343322978e-05
0.0002302469921
0.0005292658694
0.0008519524529
0.00119620908
0.001559485512
0.001938764194
0.002330558927
0.002730930006
0.003135516459
0.003539581977
0.003938084196
0.004325762573
0.004697242444
0.00504715485
0.005370269139
0.005661634525
0.005916726065
0.006131589833
0.006302981651
0.006428493566
0.006506662438
0.006537055493
0.006520328525
0.006458253564
0.006353714175
0.006210668011
0.006034077724
0.005829812665
0.005604524789
0.005365502823
0.005120508779
0.0048776008
0.004644947471
0.004430636253
0.004242449495
0.004087643739
0.003973457466
0.003908554403
0.003887656747
0.0008444709835
0.0006861795038
0.0005089147399
0.0003302450953
0.0001486347629
-3.185196544e-05
-0.0002065470545
-0.0003714901791
-0.0005233240689
-0.0006592511294
-0.0007770024485
-0.0008747704913
-0.0009511263781
-0.001004937691
-0.001035294863
-0.001041450825
-0.001022776332
-0.0009787316668
-0.0009088542654
-0.0008127610356
-0.0006901636501
-0.0005408948039
-0.0003649432404
-0.0001624952471
6.601974876e-05
0.0003198819054
0.0005980344736
0.0008990405882
0.001221045866
0.001561749327
0.001918385082
0.002287717137
0.002666049835
0.003049256774
0.003432822398
0.003811907556
0.004181434138
0.004536186456
0.004870929195
0.00518053893
0.005460145398
0.005705277867
0.005912011222
0.006077105849
0.00619813521
0.006273595086
0.006302988963
0.006286884857
0.006226940092
0.006125891924
0.005987513577
0.005816536878
0.00561854425
0.005399834186
0.005167265342
0.004928084992
0.004689748114
0.004459734203
0.00424536734
0.004053633328
0.003891035854
0.003763823208
0.003678316867
0.00363265435
0.001127710715
0.0009243274488
0.0007095470651
0.000507206374
0.0003108922028
0.0001224130698
-5.516907463e-05
-0.0002193991049
-0.0003682314173
-0.0004999618331
-0.0006132145893
-0.0007068958587
-0.0007801321695
-0.0008322093127
-0.0008625185859
-0.0008705143482
-0.000855685039
-0.0008175383465
-0.0007556001876
-0.0006694264867
-0.0005586263129
-0.0004228946635
-0.0002620530068
-7.609558678e-05
0.000134760609
0.0003700243969
0.0006288797361
0.0009101382219
0.001212197179
0.00153300586
0.001870042289
0.002220303171
0.002580308556
0.002946127411
0.003313414833
0.003677473949
0.004033338084
0.004375870575
0.004699882306
0.005000264013
0.005272129442
0.005510964588
0.00571277736
0.005874241435
0.005992827769
0.006066917271
0.006095888635
0.006080176158
0.006021293649
0.005921822085
0.005785360451
0.005616441115
0.005420412906
0.005203296774
0.00497162024
0.004732237917
0.004492146012
0.004258298643
0.004037432213
0.00383591188
0.003659649008
0.003513982488
0.003402735341
0.003327914429
0.001410135772
0.001160584712
0.000906119391
0.0006770348233
0.0004624402732
0.0002621728036
7.789036305e-05
-8.931395806e-05
-0.0002386121574
-0.0003693388854
-0.0004809864722
-0.0005731702913
-0.0006455807697
-0.000697937329
-0.000729949827
-0.0007412906196
-0.0007315789573
-0.0007003782028
-0.0006472054876
-0.0005715528732
-0.0004729187212
-0.00035084776
-0.0002049781811
-3.509398765e-05
0.0001588192897
0.000376517515
0.0006174416402
0.0008806644492
0.001164842762
0.001468177627
0.001788385218
0.002122680933
0.002467777202
0.002819905601
0.003174849606
0.003528002593
0.003874448096
0.004209058737
0.004526614441
0.004821936921
0.005090036468
0.005326266081
0.005526477006
0.005687169055
0.005805628678
0.005880047762
0.005909616559
0.005894585035
0.005836288277
0.005737133263
0.00560054632
0.005430882734
0.005233302097
0.005013614989
0.004778108251
0.004533357395
0.004286035442
0.004042726026
0.003809746876
0.003593018615
0.003398037587
0.003229393779
0.003088509257
0.002981580638
0.001679007439
0.001383290756
0.001088245827
0.0008306160331
0.0005953828277
0.0003806416206
0.0001868114336
1.374988766e-05
-0.000138840125
-0.0002712685828
-0.0003838552101
-0.0004769008937
-0.000550648211
-0.0006052461055
-0.0006407230242
-0.0006569707528
-0.0006537401657
-0.0006306490949
-0.0005872018201
-0.0005228192324
-0.0004368784569
-0.0003287605443
-0.0001979047252
-4.386761332e-05
0.0001336143707
0.0003345612279
0.0005586863035
0.0008053361335
0.001073435626
0.00136144117
0.00166730459
0.001988450599
0.00232176668
0.002663621361
0.003009892438
0.003356020521
0.003697087589
0.004027915384
0.004343184941
0.004637574242
0.004905909955
0.0051433281
0.005345437448
0.005508478564
0.005629470969
0.005706340745
0.005738021362
0.005724521361
0.005666953967
0.005567525512
0.005429481793
0.005257013857
0.005055127174
0.004829480428
0.004586202124
0.004331694721
0.004072436713
0.003814790287
0.00356482037
0.003328181575
0.003110144678
0.002914753526
0.002741244882
0.002600213208
0.00192311509
0.001581915212
0.00124626146
0.0009592128399
0.0007019092224
0.0004708808065
0.0002654363931
8.430428947e-05
-7.385337167e-05
-0.0002102573829
-0.0003260067436
-0.0004220527645
-0.000499165034
-0.0005579040671
-0.000598603738
-0.0006213648854
-0.0006260608059
-0.0006123545519
-0.0005797273907
-0.0005275174437
-0.0004549673298
-0.0003612795175
-0.0002456779972
-0.0001074747916
5.386030536e-05
0.0002386285353
0.000446831508
0.0006781032716
0.0009316475576
0.001206182875
0.001499898631
0.001810425119
0.002134814426
0.002469554016
0.002810590507
0.003153377716
0.003492953447
0.003824037249
0.004141151501
0.0044387628
0.004711439565
0.004954020574
0.005161787937
0.005330636997
0.00545723506
0.00553916062
0.005575015099
0.005564500021
0.00550845397
0.005408845705
0.005268722189
0.005092112958
0.004883895031
0.00464962514
0.004395348293
0.004127393439
0.003852167715
0.003575956669
0.003304736061
0.00304407384
0.002799209425
0.002573857544
0.002365320215
0.002188725871
0.002132412585
0.001746845124
0.001371142221
0.001054473087
0.0007743640517
0.0005259102327
0.0003074063127
0.000116536724
-4.900398265e-05
-0.0001912865822
-0.0003121393323
-0.0004131231529
-0.0004955014672
-0.0005602192945
-0.0006078935333
-0.0006388150138
-0.0006529625707
-0.0006500287874
-0.0006294566379
-0.0005904860166
-0.0005322090203
-0.0004536327704
-0.0003537484971
-0.0002316055145
-8.638858097e-05
8.25030483e-05
0.0002753768132
0.0004921704953
0.0007323807946
0.0009949996033
0.001278461441
0.001580605154
0.001898644875
0.002229177333
0.002568201563
0.00291115986
0.003253012366
0.003588333685
0.003911435317
0.004216510912
0.004497800291
0.004749766862
0.004967281673
0.005145806206
0.005281565212
0.005371700523
0.005414397068
0.005408973095
0.005355928166
0.005256944546
0.00511484023
0.004933474808
0.004717612414
0.004472748961
0.004204913354
0.00392045444
0.003625826192
0.003327378376
0.003031158218
0.002742824206
0.002467776599
0.002209614081
0.00196394378
0.001750533463
0.002297737776
0.001869204113
0.001454419648
0.001108415489
0.0008052865411
0.0005387860791
0.000306263661
0.0001044265445
-6.993685676e-05
-0.0002196924562
-0.0003473492421
-0.0004550351106
-0.0005444700915
-0.0006169512825
-0.0006733502872
-0.0007141229687
-0.0007393313446
-0.000748677044
-0.0007415454603
-0.0007170595889
-0.0006741424746
-0.0006115871562
-0.0005281329445
-0.0004225467809
-0.000293708274
-0.0001406967982
3.712123669e-05
0.0002400071588
0.000467769364
0.0007196900549
0.0009944631435
0.001290146815
0.001604123701
0.001933099285
0.00227311854
0.002619597361
0.002967394267
0.003310904859
0.003644184919
0.003961099234
0.004255492182
0.0045213747
0.004753120739
0.0049456649
0.005094691983
0.005196808623
0.005249687292
0.005252173698
0.005204350083
0.005107549138
0.004964316023
0.004778319183
0.004554214094
0.004297467321
0.004014151155
0.003710721448
0.003393792208
0.003069914106
0.002745362535
0.00242605927
0.002117751494
0.001824121613
0.001539287335
0.001287767383
0.002410610353
0.001940714351
0.001488108506
0.001113410975
0.0007874349714
0.0005026578776
0.000255532052
4.183872505e-05
-0.0001424891372
-0.0003010644005
-0.0004370315609
-0.00055304355
-0.0006512385623
-0.0007332308605
-0.0008001152191
-0.0008524840715
-0.0008904567965
-0.0009137203743
-0.0009215804948
-0.000913022143
-0.000886778686
-0.0008414084726
-0.0007753779241
-0.0006871499975
-0.0005752767381
-0.0004384943991
-0.0002758192919
-8.66421675e-05
0.0001291814158
0.000371247654
0.0006385319951
0.0009293316642
0.001241214481
0.001571004319
0.001914796561
0.002267976601
0.002625287651
0.002980921528
0.003328641221
0.003661932486
0.003974180685
0.004258867653
0.004509781615
0.004721231537
0.00488825609
0.005006816608
0.005073963263
0.005087964341
0.005048389859
0.004956143041
0.004813436067
0.004623710021
0.004391502706
0.004122271697
0.003822183232
0.003497880385
0.003156245102
0.002804161281
0.002448284789
0.00209496806
0.001750483844
0.001418781406
0.001092649739
0.0008015066018
0.00246309387
0.001953598702
0.001464652973
0.001062168562
0.0007138066574
0.0004108160052
0.0001487843696
-7.739387615e-05
-0.0002725994994
-0.0004411504476
-0.0005867855372
-0.0007126429593
-0.0008212413326
-0.0009144767995
-0.0009936346757
-0.001059413983
-0.001111963928
-0.00115093141
-0.001175518616
-0.001184549819
-0.001176546539
-0.001149810235
-0.001102511691
-0.001032786138
-0.0009388329779
-0.000819018712
-0.0006719813148
-0.0004967339003
-0.0002927651248
-6.013339002e-05
0.0002004493355
0.0004875490227
0.0007989468987
0.001131606091
0.001481689176
0.001844558901
0.002214840962
0.002586508984
0.002953004786
0.003307391377
0.00364253524
0.003951312989
0.0042268355
0.004462680728
0.004653124847
0.004793360285
0.004879688767
0.004909677851
0.004882270718
0.004797841158
0.004658188745
0.004466472941
0.004227088967
0.00394549246
0.003627983642
0.003281465111
0.00291318888
0.002530499968
0.002140582855
0.001750383029
0.001366870883
0.0009944297165
0.0006246331949
0.0002920036979
0.002447708891
0.001900518057
0.001376892796
0.0009477300519
0.0005776588753
0.0002567350811
-2.029583972e-05
-0.0002593957135
-0.0004662242289
-0.0006457679639
-0.0008023229451
-0.000939475752
-0.001060089606
-0.001166308372
-0.001259575799
-0.001340667599
-0.001409735059
-0.001466359149
-0.001509614189
-0.001538140334
-0.001550224192
-0.001543886969
-0.001516979509
-0.001467283479
-0.001392617755
-0.001290948772
-0.001160503207
-0.0009998809199
-0.0008081656164
-0.0005850303467
-0.0003308336066
-4.669992552e-05
0.0002654063352
0.0006026208633
0.0009612041445
0.001336517622
0.001723080317
0.002114645242
0.002504314924
0.002884693778
0.003248074383
0.003586653285
0.003892769691
0.004159158241
0.004379205071
0.004547194942
0.004658536313
0.004709951293
0.0046996184
0.004627258115
0.004494154326
0.0043031087
0.004058329525
0.003765261253
0.00343036529
0.003060866629
0.002664483012
0.002249144138
0.001822707843
0.001392871575
0.0009674712672
0.0005514784032
0.0001353188123
-0.000241101423
0.002357386032
0.001774538216
0.001218048485
0.0007634752592
0.0003725337816
3.411678818e-05
-0.0002578562893
-0.000510178244
-0.0007292577255
-0.0009207177847
-0.001089378272
-0.001239240451
-0.001373478961
-0.001494453385
-0.001603735523
-0.001702149236
-0.001789821185
-0.001866241314
-0.001930332194
-0.001980526637
-0.002014853109
-0.002031028596
-0.002026558539
-0.001998843346
-0.001945290779
-0.001863433176
-0.001751048062
-0.001606280209
-0.001427762688
-0.001214734102
-0.0009671479358
-0.0006857664993
-0.0003722450868
-2.922775044e-05
0.0003396899476
0.0007299047948
0.001135855056
0.001551084851
0.001968351745
0.002379775714
0.002777027206
0.003151550739
0.003494817924
0.003798601287
0.004055257869
0.004258009582
0.004401205962
0.004480554465
0.004493304067
0.004438369728
0.004316388348
0.004129700902
0.00388226042
0.003579470652
0.003227965402
0.002835343354
0.002409876132
0.001960197422
0.001494980944
0.001022833738
0.0005526243938
9.005794064e-05
-0.0003755626085
-0.000798582697
0.002185449848
0.001569120914
0.000981723427
0.0005031378467
9.228880159e-05
-0.0002630656582
-0.0005698187097
-0.0008355717043
-0.001067455295
-0.001271699994
-0.00145361928
-0.001617598534
-0.00176709365
-0.001904650756
-0.002031941933
-0.002149813002
-0.002258341372
-0.002356902645
-0.002444245213
-0.002518572386
-0.002577631875
-0.002618812542
-0.002639248363
-0.002635929392
-0.00260581932
-0.002545978857
-0.00245369374
-0.002326605598
-0.002162843377
-0.00196115266
-0.00172101911
-0.001442777485
-0.001127706622
-0.0007781617626
-0.000397535213
9.659607291e-06
0.0004378237617
0.0008803210294
0.001329573671
0.001777204317
0.002214222702
0.002631254807
0.003018809193
0.003367572367
0.003668722149
0.003914245401
0.004097244462
0.004212215487
0.004255281922
0.004224367704
0.004119297645
0.003941816601
0.003695524371
0.00338572911
0.003019228058
0.002604030335
0.002149040505
0.001663711179
0.001157673574
0.0006406033597
0.0001225721138
-0.0003898401057
-0.0009084660699
-0.001381442706
0.001925626398
0.001278134103
0.0006619203203
0.0001608309009
-0.0002688671801
-0.0006405202956
-0.0009618209503
-0.001241157372
-0.001486356703
-0.001704230006
-0.001900556803
-0.002080079007
-0.002246506787
-0.002402546924
-0.002549947259
-0.002689552527
-0.002821369194
-0.002944637894
-0.003057912749
-0.003159147353
-0.003245787485
-0.003314870827
-0.003363133935
-0.003387126651
-0.003383333851
-0.003348304102
-0.003278784344
-0.003171859085
-0.003025092034
-0.002836667698
-0.00260552951
-0.002331505515
-0.002015418538
-0.001659246317
-0.001266098951
-0.0008403277091
-0.0003875052315
8.56005096e-05
0.000571104954
0.001060137143
0.001543020951
0.002009506424
0.00244904733
0.00285111767
0.003205556415
0.003502926471
0.003734870987
0.003894448126
0.003976424645
0.003977509311
0.003896509632
0.003734399508
0.003494290974
0.003181309879
0.002802382304
0.002365945917
0.001881605782
0.001359743394
0.0008110893716
0.0002465512787
-0.0003224184611
-0.0008882218286
-0.001463873391
-0.001990738294
0.001572068791
0.0008958772715
0.0002530692128
-0.0002689192136
-0.0007163322934
-0.001103586228
-0.001439157779
-0.001732199468
-0.001991209605
-0.002223554126
-0.002435453102
-0.002631980146
-0.002817075978
-0.002993585709
-0.003163312146
-0.003327079645
-0.003484805708
-0.003635578837
-0.00377774198
-0.003908981587
-0.004026422635
-0.004126730254
-0.004206218595
-0.004260967504
-0.004286947322
-0.004280151759
-0.004236738322
-0.004153175176
-0.00402639263
-0.003853937053
-0.003634124206
-0.003366182778
-0.003050381808
-0.002688216947
-0.002282420111
-0.001837081993
-0.001357663562
-0.0008509929533
-0.000325210354
0.0002103445403
0.0007453027874
0.001268495013
0.001768236726
0.002232664296
0.002650111659
0.003009513755
0.003300818776
0.003515388273
0.003646362215
0.003688965887
0.00364073722
0.003501656987
0.003274170099
0.002963093601
0.00257541517
0.002119995012
0.001607191194
0.00104841769
0.0004556474568
-0.000158809805
-0.0007819310042
-0.001404950302
-0.002042137869
-0.002627413457
0.001119396044
0.0004171180222
-0.0002499356037
-0.0007911325268
-0.001255065857
-0.001657180923
-0.00200672043
-0.002313576516
-0.00258689259
-0.002834564344
-0.003063228565
-0.003278268308
-0.003483834392
-0.003682891702
-0.003877281314
-0.004067792162
-0.00425423904
-0.004435545316
-0.004609829808
-0.004774498014
-0.004926338414
-0.00506162484
-0.005176225965
-0.005265722942
-0.005325535925
-0.005351059903
-0.005337809764
-0.00528157391
-0.005178574997
-0.005025635969
-0.004820348905
-0.004561237861
-0.004247905509
-0.003881237398
-0.003463475734
-0.002998326321
-0.002491027615
-0.001948369683
-0.001378670098
-0.0007916862524
-0.000198462986
0.0003888873654
0.0009574728711
0.001493974086
0.001985051847
0.002417797282
0.002780205552
0.003061650325
0.003253332708
0.00334867671
0.003343643995
0.003236943865
0.003030120239
0.002727505391
0.002336039846
0.00186496894
0.001325436093
0.0007299824023
9.19671388e-05
-0.0005747182799
-0.001255273945
-0.00193960379
-0.002643329833
-0.003292135631
0.0005627412795
-0.0001628634611
-0.0008516925366
-0.001410330708
-0.001889539717
-0.002305745972
-0.002668935563
-0.002989712607
-0.003277838161
-0.003541712643
-0.003788367104
-0.004023474228
-0.004251377774
-0.004475147785
-0.0046966513
-0.004916631456
-0.005134791376
-0.005349881087
-0.005559786966
-0.005761624162
-0.00595183302
-0.006126280901
-0.006280370916
-0.006409159042
-0.006507480895
-0.006570089064
-0.006591801461
-0.00656766053
-0.006493102378
-0.006364134391
-0.006177519584
-0.005930960055
-0.005623264609
-0.00525456284
-0.0048264736
-0.004342167654
-0.003806522755
-0.003226162728
-0.002609472816
-0.00196654538
-0.001309053893
-0.0006500500761
-3.680662384e-06
0.0006151752688
0.001191342212
0.00170984523
0.002156449537
0.002518218065
0.002784057264
0.002945217955
0.002995717093
0.002932648427
0.002756355476
0.002470448781
0.002081660469
0.001599542755
0.001036029511
0.0004048704369
-0.0002790450295
-0.001000053146
-0.001741350594
-0.002491330521
-0.003267079945
-0.003985131231
-0.0001021942379
-0.0008482252242
-0.00155624618
-0.002130490115
-0.002623688539
-0.003053192766
-0.003429704768
-0.003764509526
-0.004067956511
-0.004348925677
-0.00461482112
-0.00487158775
-0.005123748471
-0.005374467979
-0.005625631615
-0.005877931362
-0.006130954958
-0.006383276192
-0.006632545988
-0.006875584897
-0.007108478395
-0.007326676755
-0.007525101508
-0.007698260448
-0.007840372987
-0.007945507355
-0.008007730647
-0.008021272191
-0.007980699883
-0.007881108526
-0.00771831921
-0.007489084198
-0.007191277662
-0.006824111487
-0.006388423692
-0.005886674559
-0.005323214013
-0.00470433862
-0.00403835591
-0.00333557318
-0.002608207963
-0.001870212503
-0.001137004879
-0.0004251039291
0.00024832913
0.0008660325831
0.001411252061
0.001868388801
0.002223655387
0.002465700177
0.002586158464
0.002580088749
0.002446257022
0.002187240703
0.001809336411
0.001322272102
0.0007387403449
7.376139053e-05
-0.0006561042375
-0.001433218193
-0.002238523102
-0.003058697057
-0.003912416553
-0.004706016097
-0.0008790845115
-0.001642512615
-0.002367040037
-0.002954995009
-0.003460861129
-0.003902849871
-0.004292346232
-0.004641281197
-0.004960561486
-0.005259521178
-0.005545917443
-0.005825952506
-0.006104318125
-0.006384267436
-0.006667701325
-0.006955260607
-0.007246419534
-0.007539578564
-0.007832156
-0.008120679368
-0.008400878232
-0.008667780651
-0.008915815738
-0.009138924837
-0.009330683673
-0.009484437571
-0.009593451403
-0.009651075393
-0.009650927124
-0.009587089361
-0.009454323483
-0.009248295599
-0.008965793965
-0.008604945308
-0.008165605736
-0.007649340759
-0.007059773967
-0.006402678089
-0.00568609812
-0.004920393617
-0.004118197186
-0.003294278645
-0.002465302882
-0.001649473693
-0.0008660620031
-0.0001348245634
0.0005246716195
0.001093793737
0.001555621052
0.001895711869
0.002102808998
0.002169430846
0.00209229806
0.001872553945
0.001515750712
0.001031593004
0.0004334508271
-0.0002623517425
-0.001037450124
-0.001872018296
-0.002744467304
-0.003639526901
-0.004577593168
-0.00545361625
-0.001770922723
-0.002548608584
-0.003286871203
-0.003886593461
-0.004403775067
-0.004857414204
-0.005259540497
-0.005622692288
-0.005958300526
-0.00627612791
-0.006584266152
-0.006889162572
-0.00719567122
-0.007507132005
-0.00782546377
-0.00815126177
-0.008483894641
-0.008821598593
-0.009161568466
-0.009500046722
-0.00983241237
-0.01015327246
-0.01045655905
-0.01073563478
-0.01098340988
-0.01119247343
-0.01135524116
-0.01146412175
-0.01151170259
-0.01149095543
-0.01139546235
-0.01121966111
-0.01095909123
-0.01061063102
-0.01017292626
-0.00964643201
-0.009033823757
-0.00834011992
-0.007572876236
-0.006742294728
-0.00586124306
-0.004945172692
-0.004011918622
-0.003081367019
-0.002174983199
-0.001315200672
-0.0005246825205
0.000174521328
0.0007618842055
0.001219330853
0.001532124005
0.001689643734
0.001685993784
0.001520376121
0.001197189389
0.0007258295957
0.000120197165
-0.000602087992
-0.001420740126
-0.002313524647
-0.003256015021
-0.00423072545
-0.00525990166
-0.006225774168
-0.002779968715
-0.003568688056
-0.004317849764
-0.004927358524
-0.005454477106
-0.005918908355
-0.006333282565
-0.006710703179
-0.007063090769
-0.007400611404
-0.007731674583
-0.008062963566
-0.008399492199
-0.008744690364
-0.009100502733
-0.009467490532
-0.009844930903
-0.01023091139
-0.01062241922
-0.01101542657
-0.01140497421
-0.01178525643
-0.01214971073
-0.01249111593
-0.01280170203
-0.01307327545
-0.01329736255
-0.01346537408
-0.01356879255
-0.01359938366
-0.01354943292
-0.01341200841
-0.01318123376
-0.0128525502
-0.01242316808
-0.01189221886
-0.011261151
-0.01053396946
-0.00971747394
-0.008821449801
-0.007858763501
-0.006845350976
-0.005800077269
-0.004744446617
-0.003702148004
-0.002698429644
-0.001759307422
-0.0009106267942
-0.0001770141645
0.0004192292527
0.0008592226777
0.001128510458
0.001217892028
0.001123997162
0.0008495407276
0.0004032166734
-0.0002007773585
-0.0009435916345
-0.001802929591
-0.002753925138
-0.00376897983
-0.00482808707
-0.005955466598
-0.007019135487
-0.003907702929
-0.004704179301
-0.005461365673
-0.006078657369
-0.006614311942
-0.007088646551
-0.007514842793
-0.007906523693
-0.008276063752
-0.008634007945
-0.008989069155
-0.00934816101
-0.009716459224
-0.01009749213
-0.01049324393
-0.01090425956
-0.01132974531
-0.01176766237
-0.01221481312
-0.01266692139
-0.01311870933
-0.01356397428
-0.01399566948
-0.01440599287
-0.01478648785
-0.01512816033
-0.01542161566
-0.01565721882
-0.01582528095
-0.01591627404
-0.01592107582
-0.01583124737
-0.01563933232
-0.0153391462
-0.01492621489
-0.01439813615
-0.0137548266
-0.01299898633
-0.01213635219
-0.01117598374
-0.01013045026
-0.009015907011
-0.00785203517
-0.006661816813
-0.005471120923
-0.004308084523
-0.003202285092
-0.002183716799
-0.001281602941
-0.0005230989788
6.803780221e-05
0.0004727179135
0.0006776234716
0.0006760405097
0.0004683263221
6.194598624e-05
-0.0005289499693
-0.001284427729
-0.002180133917
-0.003188355454
-0.004277961907
-0.005426079626
-0.006659015696
-0.007828910866
-0.005154789762
-0.005955735064
-0.00671806588
-0.007341131097
-0.007883902004
-0.008367211898
-0.008804739162
-0.009210578183
-0.009597521307
-0.009976469526
-0.01035642784
-0.01074453901
-0.01114614792
-0.01156489569
-0.01200282601
-0.01246049186
-0.01293705598
-0.01343038246
-0.01393711866
-0.01445276919
-0.01497176471
-0.0154875292
-0.01599255018
-0.01647845636
-0.01693610744
-0.01735570079
-0.01772689947
-0.01803898575
-0.01828104396
-0.01844217565
-0.01851174977
-0.01847969196
-0.018336808
-0.01807510381
-0.01768818673
-0.01717187003
-0.01652424023
-0.01574637394
-0.01484260226
-0.01382090203
-0.01269318924
-0.01147550118
-0.01018803893
-0.00885503305
-0.007504397962
-0.006167147704
-0.004876557301
-0.003667071693
-0.002572987147
-0.001626957338
-0.0008584051881
-0.0002919483521
5.403390214e-05
0.000168556443
4.877840386e-05
-0.0002997525211
-0.0008634180996
-0.001621453225
-0.002547467109
-0.003610705796
-0.004776126965
-0.006017601498
-0.007363621249
-0.008648607542
-0.006521053071
-0.007323216297
-0.008087844464
-0.008714687947
-0.009263140962
-0.009754447536
-0.01020272355
-0.01062248457
-0.01102690529
-0.01142722245
-0.01183272611
-0.01225079232
-0.01268694854
-0.01314496961
-0.01362698554
-0.01413358856
-0.01466393226
-0.01521581976
-0.01578578025
-0.01636913542
-0.01696005891
-0.01755163276
-0.01813590552
-0.01870395729
-0.01924597671
-0.01975135533
-0.02020880441
-0.02060649925
-0.02093225554
-0.02117374198
-0.02131873237
-0.02135540263
-0.02127267398
-0.02106056641
-0.0207105724
-0.02021642317
-0.0195740984
-0.01878271197
-0.01784481954
-0.01676691661
-0.01555985287
-0.0142391379
-0.01282510907
-0.01134291617
-0.009822276887
-0.008296961934
-0.006803979348
-0.005382444994
-0.004072151831
-0.002911882867
-0.001937549712
-0.00118027594
-0.0006645761511
-0.0004068010428
-0.0004140192342
-0.0006834810215
-0.001202760831
-0.001950655587
-0.002898850184
-0.004013397532
-0.005254954008
-0.00659370581
-0.008060407111
-0.009469725027
-0.008005466612
-0.00880569113
-0.009569848466
-0.01019851259
-0.01075120362
-0.01124946434
-0.01170778455
-0.01214104988
-0.01256278367
-0.01298454219
-0.01341589914
-0.01386447472
-0.01433599974
-0.01483441128
-0.0153619601
-0.01591931635
-0.01650566599
-0.01711879439
-0.01775515625
-0.01840993348
-0.01907708418
-0.01974938713
-0.02041848665
-0.02107494359
-0.02170829796
-0.02230714918
-0.02285925971
-0.02335168764
-0.0237709539
-0.02410324894
-0.02433468343
-0.02445158875
-0.02444087294
-0.0242904036
-0.02398939227
-0.02352919689
-0.0229034342
-0.02210888512
-0.02114595191
-0.02001922049
-0.01873801268
-0.0173168328
-0.01577568326
-0.01414019767
-0.0124415335
-0.01071596797
-0.009004148502
-0.007349965669
-0.005799042759
-0.004396873104
-0.003186681456
-0.002207135144
-0.00149007738
-0.001058490045
-0.0009249069526
-0.001090479952
-0.001544849924
-0.002266949555
-0.003226781965
-0.004387123459
-0.005703946113
-0.007143286362
-0.008738215787
-0.0102814094
-0.009606161851
-0.01040145173
-0.01116250206
-0.01179109416
-0.01234657477
-0.01285066766
-0.01331816934
-0.0137642846
-0.01420285528
-0.01464574678
-0.01510282255
-0.01558196633
-0.01608914198
-0.01662848625
-0.01720241363
-0.01781171893
-0.01845566957
-0.0191320833
-0.0198373906
-0.02056668301
-0.02131375092
-0.0220711151
-0.02283005747
-0.02358065691
-0.02431183643
-0.02501142778
-0.02566626004
-0.02626227849
-0.02678469994
-0.02721821048
-0.0275472111
-0.02775611762
-0.02782972339
-0.02775360444
-0.02751452476
-0.02710120268
-0.02650470754
-0.02571908078
-0.02474219432
-0.02357628176
-0.02222864017
-0.02071223365
-0.0190461767
-0.01725604476
-0.01537394221
-0.01343825531
-0.01149302109
-0.009586856173
-0.007771414957
-0.006099386229
-0.004622090078
-0.003386799597
-0.002433976359
-0.001794664314
-0.001488320064
-0.00152135239
-0.001886596644
-0.002563921402
-0.003522063918
-0.004720544773
-0.006110298218
-0.007652719589
-0.009383230084
-0.01107006071
-0.01132045565
-0.0121080515
-0.01286355162
-0.01349027555
-0.01404709954
-0.01455580552
-0.01503142667
-0.01548943794
-0.01594397508
-0.01640721054
-0.01688931363
-0.01739846182
-0.01794089273
-0.01852099082
-0.01914138713
-0.01980305681
-0.02050540562
-0.02124634081
-0.02202232499
-0.02282841438
-0.02365828474
-0.02450424946
-0.02535727567
-0.02620700433
-0.02704178092
-0.02784870354
-0.02861369508
-0.02932160655
-0.02995635827
-0.0305011259
-0.03093857736
-0.03125116793
-0.03142150364
-0.03143276477
-0.031269137
-0.03091646382
-0.03036307396
-0.02959993477
-0.02862201165
-0.02742874169
-0.02602488187
-0.02442127955
-0.02263553965
-0.02069253842
-0.01862470429
-0.01647197721
-0.01428135545
-0.01210594611
-0.01000345737
-0.008034110091
-0.00625800497
-0.00473205713
-0.003506694783
-0.002622600246
-0.002107832481
-0.001975687814
-0.002223619248
-0.002833508926
-0.003773469895
-0.004999937398
-0.006458515537
-0.008105456798
-0.009978543922
-0.01181888835
-0.01314489995
-0.01392236507
-0.01467013421
-0.01529332653
-0.01585005757
-0.01636204041
-0.01684447299
-0.0173130555
-0.01778220143
-0.0182643995
-0.01877015418
-0.01930798078
-0.019884445
-0.02050423987
-0.02117027728
-0.02188377825
-0.02264435219
-0.02345005975
-0.02429745768
-0.02518162648
-0.02609618434
-0.02703329172
-0.02798365264
-0.02893651886
-0.02987970387
-0.03079961385
-0.03168130266
-0.03250855835
-0.03326402845
-0.03392939175
-0.0344855834
-0.03491308096
-0.03519226277
-0.0353038422
-0.03522932449
-0.03495154613
-0.0344558484
-0.03372989419
-0.03276537475
-0.03155851061
-0.03011100741
-0.02843099985
-0.02653391339
-0.02444320148
-0.02219087324
-0.01981770817
-0.01737304482
-0.01491402936
-0.01250422445
-0.01021151458
-0.008105305279
-0.00625310007
-0.00471664539
-0.003547946143
-0.002785551988
-0.002451566165
-0.00254981531
-0.003065604677
-0.003967351003
-0.00520877985
-0.006729976089
-0.008481560853
-0.01050367695
-0.01250740936
-0.01507535558
-0.01584067339
-0.01657887211
-0.01719704322
-0.01775226337
-0.01826604657
-0.01875368323
-0.01923106063
-0.01971286585
-0.02021192863
-0.02073913515
-0.02130340038
-0.02191168954
-0.02256908054
-0.02327884389
-0.02404252329
-0.02486000595
-0.02572957666
-0.02664795313
-0.02761030318
-0.02861024687
-0.02963984797
-0.03068960084
-0.03174841908
-0.03280363314
-0.03384100413
-0.03484476146
-0.03579767182
-0.03668114755
-0.03747540211
-0.03815966078
-0.03871243414
-0.03911186628
-0.03933616885
-0.03936409481
-0.03917543093
-0.03875227346
-0.038078885
-0.03714330147
-0.03593816063
-0.03446163717
-0.03271856524
-0.03072150047
-0.02849169326
-0.02605989014
-0.02346684872
-0.02076343255
-0.01801014103
-0.01527593243
-0.01263622565
-0.01017002409
-0.007956199164
-0.006069096993
-0.004573778872
-0.003521349158
-0.002944924376
-0.002856823147
-0.003247569543
-0.004087165494
-0.005327274588
-0.006902430602
-0.008757181476
-0.01093402782
-0.01311088517
-0.01710709235
-0.01785877659
-0.01858599606
-0.01919787657
-0.01975019525
-0.0202641348
-0.02075500737
-0.0212388598
-0.02173066547
-0.02224364064
-0.02278912231
-0.02337650959
-0.02401325986
-0.02470493113
-0.02545524628
-0.02626616117
-0.02713792454
-0.0280691226
-0.02905670494
-0.03009599168
-0.03118066457
-0.03230274639
-0.03345257434
-0.03461877427
-0.03578824273
-0.03694614442
-0.03807593285
-0.03915940196
-0.04017677695
-0.0411068525
-0.04192718692
-0.04261436035
-0.04314430866
-0.04349274774
-0.04363565586
-0.0435497658
-0.04321370607
-0.04260836749
-0.04171778499
-0.04053070659
-0.03904135181
-0.03725070403
-0.03516777141
-0.03281079868
-0.03020835889
-0.0274002046
-0.02443772845
-0.02138385917
-0.01831220722
-0.01530528702
-0.01245169109
-0.009842185249
-0.007564835986
-0.005699463173
-0.004311908031
-0.003448770698
-0.003133357972
-0.003363644239
-0.004112923473
-0.005331794624
-0.006949432989
-0.008903963274
-0.01124026106
-0.01359969248
-0.01923491756
-0.01997213733
-0.02068750037
-0.02129209278
-0.02184015515
-0.02235240618
-0.02284411361
-0.02333147201
-0.02382977706
-0.02435270458
-0.02491214091
-0.02551808248
-0.02617859789
-0.02689984341
-0.02768610679
-0.02853985995
-0.02946180709
-0.03045091947
-0.03150445237
-0.03261794336
-0.03378519383
-0.03499823787
-0.03624730402
-0.03752077664
-0.03880516408
-0.04008508113
-0.0413432539
-0.0425605548
-0.04371607623
-0.04478725113
-0.04575002949
-0.04657911917
-0.04724830214
-0.04773084234
-0.04799997302
-0.04802939744
-0.04779416872
-0.04727180475
-0.0464421618
-0.04528984446
-0.04380476858
-0.04198358414
-0.03983112281
-0.03736183953
-0.03460119799
-0.03158688089
-0.02836966478
-0.02501376165
-0.0215963993
-0.01820640485
-0.01494158584
-0.01190478705
-0.009198651085
-0.006919323087
-0.005149596089
-0.003952237701
-0.003364411272
-0.003394247493
-0.004020536693
-0.005194247219
-0.006839694394
-0.008888380422
-0.01138762234
-0.0139386242
-0.02145333572
-0.0221760582
-0.02287933397
-0.02347596946
-0.02401846237
-0.02452693678
-0.02501655873
-0.02550368146
-0.02600399078
-0.02653173167
-0.02709947608
-0.02771796725
-0.0283960367
-0.0291405847
-0.0299565983
-0.03084718563
-0.03181361093
-0.03285531983
-0.03396994861
-0.03515331547
-0.0363993947
-0.03770027752
-0.03904612464
-0.0404251173
-0.04182341372
-0.04322511885
-0.04461227513
-0.04596488252
-0.04726095595
-0.04847662885
-0.04958631168
-0.05056291415
-0.05137814162
-0.05200288201
-0.05240768941
-0.05256328899
-0.05244121657
-0.05201552228
-0.0512619366
-0.05016068549
-0.04869714109
-0.04686323579
-0.04465908086
-0.04209462009
-0.03919129749
-0.03598363233
-0.03252054003
-0.02886618536
-0.02510010446
-0.02131629825
-0.01762100238
-0.01412890054
-0.01095769137
-0.00822115315
-0.00602116393
-0.004439473094
-0.003530306611
-0.003315152067
-0.003781064645
-0.004881346653
-0.006536353639
-0.008670991545
-0.01133517677
-0.01408611617
-0.02375674324
-0.02446589806
-0.02515763236
-0.02574603207
-0.02628168471
-0.02678399512
-0.02726798574
-0.0277502121
-0.02824686101
-0.02877290429
-0.02934178429
-0.02996518597
-0.03065289527
-0.03141273509
-0.03225055151
-0.0331702267
-0.03417370035
-0.03526098646
-0.0364301771
-0.03767742951
-0.03899693626
-0.04038088134
-0.04181938698
-0.04330045746
-0.04480992706
-0.04633141974
-0.04784632843
-0.04933382221
-0.05077088938
-0.05213242518
-0.05339137291
-0.05451892742
-0.05548481065
-0.05625763507
-0.05680537071
-0.0570958477
-0.0570972802
-0.05678005113
-0.05611608159
-0.05508099714
-0.05365550385
-0.05182655312
-0.04958910902
-0.04694798874
-0.04391978562
-0.04053479531
-0.03683879232
-0.03289443964
-0.0287820432
-0.02459929968
-0.020459652
-0.01648889263
-0.01281977335
-0.009584618629
-0.006906301467
-0.004888378663
-0.0036056119
-0.003096533424
-0.003359849741
-0.00435378842
-0.005996156443
-0.008205607478
-0.01103496376
-0.01399339471
-0.02613966332
-0.02683733388
-0.0275189979
-0.02809933714
-0.02862691176
-0.02912029507
-0.0295943493
-0.0300659221
-0.03055187042
-0.03106811339
-0.03162921028
-0.03224803893
-0.03293557932
-0.03370079399
-0.03455057618
-0.03548973882
-0.03652102265
-0.03764510677
-0.03886061047
-0.04016408029
-0.04154996063
-0.04301054964
-0.0445359445
-0.0461139822
-0.04773018266
-0.04936770185
-0.05100730275
-0.05262735238
-0.05420385292
-0.05571051551
-0.05711888538
-0.05839852722
-0.05951728008
-0.06044159597
-0.06113698115
-0.06156849544
-0.06170125129
-0.06150185332
-0.06093875289
-0.05998290735
-0.05861033239
-0.05680286321
-0.05455003019
-0.0518510512
-0.0487169688
-0.04517289362
-0.04126022108
-0.03703861357
-0.0325874513
-0.02800636051
-0.0234143506
-0.0189470669
-0.01475173851
-0.01097961769
-0.007776096653
-0.005269221559
-0.003557917104
-0.002701890854
-0.002715536602
-0.003565317526
-0.00516853496
-0.007438363082
-0.01043106028
-0.01360353863
-0.0285970292
-0.02928667811
-0.02996083855
-0.03053381128
-0.03105207689
-0.03153328774
-0.0319921691
-0.03244601587
-0.03291260263
-0.03340909789
-0.03395150219
-0.03455420634
-0.03522968099
-0.03598828927
-0.03683819057
-0.03778530417
-0.03883330584
-0.03998363621
-0.04123550587
-0.04258588831
-0.04402949687
-0.04555874614
-0.04716370117
-0.0488320201
-0.05054889697
-0.05229701226
-0.05405649915
-0.05580493359
-0.05751735631
-0.05916633511
-0.06072207594
-0.06215259161
-0.063423937
-0.06450052282
-0.065345528
-0.06592139546
-0.06619032055
-0.06611521214
-0.06566129515
-0.0647949778
-0.06348763919
-0.06171599777
-0.05946401802
-0.05672501482
-0.05350395395
-0.04981996046
-0.04570893391
-0.04122608642
-0.03644811708
-0.03147461323
-0.0264281455
-0.02145243644
-0.01670798618
-0.01236470231
-0.008591463959
-0.005543158557
-0.003346497477
-0.002086847292
-0.001798973319
-0.002461683893
-0.003994577714
-0.00630668161
-0.009458541448
-0.01285044601
-0.03112452809
-0.03181126594
-0.03248178003
-0.0330486586
-0.03355633719
-0.0340214972
-0.03445881217
-0.03488627097
-0.03532291815
-0.03578757913
-0.0362981172
-0.03687083945
-0.03752007004
-0.03825788224
-0.03909395258
-0.04003549946
-0.04108727246
-0.04225156492
-0.04352823006
-0.04491468757
-0.04640591473
-0.04799442045
-0.04967020495
-0.05142071003
-0.05323076667
-0.05508254753
-0.05695553243
-0.05882649489
-0.06066951813
-0.06245604847
-0.06415499477
-0.06573288231
-0.06715406982
-0.06838104003
-0.0693747828
-0.070095279
-0.07050197823
-0.07055438243
-0.0702144368
-0.06944452927
-0.06821138807
-0.06648675534
-0.06424905712
-0.06148558327
-0.05819489999
-0.05438955755
-0.05009903883
-0.04537280244
-0.04028316494
-0.03492762079
-0.02943003136
-0.02393995734
-0.01862932336
-0.01368567666
-0.009301631489
-0.005660732082
-0.002920895409
-0.001197841832
-0.0005519958535
-0.0009794777405
-0.002405877341
-0.004738115883
-0.008042322169
-0.01165769163
-0.03371902448
-0.03440993398
-0.03508217271
-0.03564485485
-0.03614052419
-0.03658490737
-0.03699280562
-0.03738327676
-0.03777712737
-0.03819538234
-0.03865830906
-0.03918463275
-0.03979096882
-0.04049146185
-0.04129758717
-0.04221806791
-0.04325886469
-0.04442320243
-0.04571160791
-0.04712194075
-0.04864940827
-0.05028656107
-0.0520232708
-0.05384669473
-0.0557412338
-0.05768849186
-0.0596672444
-0.06165342519
-0.06362013916
-0.06553770975
-0.06737376894
-0.06909339849
-0.07065933074
-0.07203221802
-0.07317098784
-0.07403330136
-0.074576026
-0.07475569052
-0.07453068157
-0.07386010823
-0.07270608052
-0.0710356015
-0.06882172365
-0.06604576507
-0.06269978283
-0.05878940642
-0.05433703617
-0.0493853102
-0.04400063354
-0.03827640626
-0.03233538297
-0.02633037071
-0.02044228228
-0.01487450897
-0.009842796473
-0.005560416028
-0.002219468616
2.926207086e-05
0.001093899547
0.0009551629096
-0.0003232394067
-0.002649043642
-0.006095855489
-0.00993725244
-0.03637909126
-0.03708362187
-0.03776472433
-0.03832575393
-0.0388076838
-0.03922540993
-0.03959418266
-0.03993468203
-0.04027015386
-0.04062453647
-0.04102118845
-0.04148186907
-0.04202600438
-0.04267022293
-0.04342810599
-0.04431009166
-0.04532347764
-0.04647247655
-0.04775828955
-0.04917917513
-0.05073049994
-0.05240476631
-0.05419161698
-0.05607782119
-0.05804724929
-0.06008084356
-0.06215659417
-0.06424952918
-0.06633172719
-0.06837236093
-0.07033778007
-0.07219164186
-0.07389509751
-0.07540704304
-0.0766844485
-0.07768278584
-0.07835650206
-0.07865944873
-0.07854647503
-0.07797386092
-0.07689932417
-0.07528542067
-0.07310009993
-0.07031891451
-0.06692750522
-0.06292448578
-0.05832479833
-0.05316349919
-0.04749983385
-0.04142130304
-0.03504719609
-0.02853078244
-0.02205905413
-0.01584870459
-0.01013707748
-0.005167309196
-0.001167968667
0.001670619361
0.003218987114
0.003427982322
0.002344771343
5.681588278e-05
-0.003519651369
-0.007588066454
-0.03910569159
-0.03983614354
-0.0405353029
-0.04109784312
-0.04156373049
-0.04194732748
-0.04226486597
-0.04253944848
-0.04279768075
-0.04306734356
-0.04337574753
-0.04374843026
-0.04420823221
-0.0447747247
-0.04546391699
-0.04628816358
-0.04725619955
-0.04837324473
-0.04964113247
-0.05105843333
-0.05262055653
-0.05431982151
-0.05614549939
-0.05808382844
-0.06011801122
-0.06222820184
-0.06439149254
-0.06658190995
-0.06877042983
-0.07092501862
-0.07301071066
-0.0749897298
-0.07682166303
-0.07846369474
-0.07987091276
-0.08099670664
-0.08179324209
-0.0822118839
-0.08220411205
-0.08172368583
-0.08072422232
-0.07916413769
-0.07700662697
-0.07422180107
-0.0707891479
-0.06670040303
-0.06196296912
-0.0566039037
-0.05067440807
-0.04425460677
-0.0374581792
-0.03043607834
-0.0233781753
-0.01651129203
-0.01009190761
-0.004392094405
0.0003217679574
0.003815851714
0.00591683234
0.006538187788
0.005703480959
0.003490113012
-0.0001995604411
-0.004494370993
-0.04190307569
-0.04267519614
-0.04340397415
-0.04397169836
-0.04441825084
-0.04475803061
-0.0450090944
-0.04519810707
-0.04535627228
-0.04551640801
-0.04571084018
-0.04596976719
-0.0463201282
-0.04678492888
-0.04738292511
-0.04812855997
-0.04903206049
-0.0500996181
-0.05133359727
-0.05273273502
-0.05429231008
-0.05600427197
-0.05785732987
-0.05983700498
-0.06192565633
-0.06410248855
-0.0663435517
-0.06862174588
-0.07090683957
-0.07316550997
-0.07536141555
-0.07745530933
-0.07940520095
-0.0811665756
-0.08269267968
-0.08393489215
-0.08484319035
-0.08536657639
-0.08545353606
-0.0850550584
-0.08412143601
-0.08260704196
-0.08047070851
-0.07767750408
-0.07420114799
-0.07002682326
-0.06515457713
-0.05960339443
-0.05341595309
-0.04666395082
-0.03945368606
-0.03193123301
-0.02428608146
-0.01675157285
-0.009600026979
-0.003130403189
0.002352912528
0.006569440934
0.009295884201
0.01040019914
0.009874001425
0.007777878382
0.003995260386
-0.0005237375553
-0.04477998901
-0.045613707
-0.04638636507
-0.04696321084
-0.04738550349
-0.04766867386
-0.04783390042
-0.04791301354
-0.04794346141
-0.04796461616
-0.04801511016
-0.04813082481
-0.04834354782
-0.04868021914
-0.04916262755
-0.04980741864
-0.05062629319
-0.05162630035
-0.05281015666
-0.05417654628
-0.05572037714
-0.05743298199
-0.05930226535
-0.06131280002
-0.06344588642
-0.06567958456
-0.06798872795
-0.07034493761
-0.07271664474
-0.0750691294
-0.07736458812
-0.07956223896
-0.08161847189
-0.08348705308
-0.08511939213
-0.08646488858
-0.08747137544
-0.08808555901
-0.08825337387
-0.08792253468
-0.08704084546
-0.08555869732
-0.08343092613
-0.08061796816
-0.07708821631
-0.0728207495
-0.06780864905
-0.06206305259
-0.05561803159
-0.04853627817
-0.04091542972
-0.03289453012
-0.02465962059
-0.01644678173
-0.00854024711
-0.001262752017
0.005044388828
0.01005198605
0.01348111196
0.01514559168
0.01499544106
0.01306594014
0.009214826254
0.004475323701
-0.04775133636
-0.04867166578
-0.04950548545
-0.05009518442
-0.05048567858
-0.05069508171
-0.05074964638
-0.05068859731
-0.05055779214
-0.05040505457
-0.05027685901
-0.05021591866
-0.05025965366
-0.05043940621
-0.05078020975
-0.05130092829
-0.05201461103
-0.05292894422
-0.05404671752
-0.05536625314
-0.05688176984
-0.05858367027
-0.06045875633
-0.06249037479
-0.06465851418
-0.06693986314
-0.0693078351
-0.07173259416
-0.07418108486
-0.07661706358
-0.07900115814
-0.08129096494
-0.08344118682
-0.08540382227
-0.08712841495
-0.0885623773
-0.08965140803
-0.09033994549
-0.09057152518
-0.09029057289
-0.08944264498
-0.0879743357
-0.08583676713
-0.08298610852
-0.07938586548
-0.07500950671
-0.06984365541
-0.06389204406
-0.05718039078
-0.04976225777
-0.04172588164
-0.03320167539
-0.02436959292
-0.01546480116
-0.006779179669
0.001344748864
0.008531098875
0.01440121103
0.0186156448
0.02092526392
0.02122752999
0.01952190444
0.01563143545
0.0106763843
-0.05084052054
-0.05187865895
-0.05279419614
-0.05339944033
-0.0537464986
-0.05385882113
-0.05377062471
-0.05353159207
-0.05319879917
-0.05283085154
-0.05248384367
-0.05220855883
-0.05204881228
-0.05204072307
-0.05221264771
-0.0525855347
-0.05317350642
-0.05398452596
-0.05502105316
-0.05628063327
-0.05775638992
-0.05943741075
-0.06130903985
-0.06335307072
-0.06554789034
-0.06786856591
-0.07028685693
-0.07277127017
-0.07528710886
-0.07779647173
-0.08025829803
-0.08262846045
-0.08485988906
-0.08690274396
-0.08870464651
-0.09021098112
-0.09136528761
-0.09210972348
-0.09238544539
-0.09213364786
-0.09129768986
-0.0898204795
-0.08764959541
-0.08473722095
-0.08104234872
-0.0765332748
-0.07119065613
-0.06501136464
-0.05801326102
-0.05024102445
-0.0417732629
-0.0327307695
-0.023285372
-0.01366807899
-0.00417415126
0.00483866163
0.01296339868
0.01977255837
0.02486234376
0.02791186444
0.02875379901
0.02733892928
0.0234436987
0.01827904152
-0.05408278847
-0.05527742949
-0.05629859468
-0.05691961553
-0.05720526328
-0.05718849804
-0.0569157181
-0.05645122347
-0.05586689501
-0.05523491584
-0.05462298538
-0.05409121127
-0.05369045652
-0.05346181014
-0.05343681772
-0.05363816329
-0.05408056683
-0.05477173168
-0.05571323636
-0.05690131317
-0.0583274878
-0.0599790684
-0.06183953004
-0.06388872809
-0.06610313185
-0.0684559505
-0.07091709533
-0.07345325104
-0.07602786861
-0.07860119458
-0.08113033765
-0.08356932898
-0.08586922199
-0.08797824479
-0.08984201053
-0.09140379634
-0.09260491059
-0.09338515347
-0.09368322587
-0.09343720532
-0.09258790027
-0.0910750133
-0.08884281941
-0.08583953842
-0.08201971988
-0.07734676491
-0.07179574304
-0.06535716101
-0.05804155327
-0.04988513935
-0.04095707943
-0.0313681447
-0.0212806815
-0.01091891857
-0.0005775708521
0.009375135235
0.01850550122
0.02633911824
0.03240517988
0.0363025044
0.03778549896
0.03674062699
0.03288191801
0.02751424995
-0.05753010075
-0.0589289452
-0.06008270713
-0.06071490393
-0.06091145887
-0.06072130397
-0.06020908962
-0.05945929965
-0.05856310753
-0.05760952368
-0.056679953
-0.05584497025
-0.05516289523
-0.05467967639
-0.05442960041
-0.05443644405
-0.05471479175
-0.05527133598
-0.05610604981
-0.05721317847
-0.05858204238
-0.06019761593
-0.06204108021
-0.06409005274
-0.06631876631
-0.06869819296
-0.07119606122
-0.07377697801
-0.07640242327
-0.07903071266
-0.08161701894
-0.08411342824
-0.08646902366
-0.08863001536
-0.09053992746
-0.09213985243
-0.09336879143
-0.09416409752
-0.09446191029
-0.09419745229
-0.09330826947
-0.09173098514
-0.08940590452
-0.0862775387
-0.08229620092
-0.07742086598
-0.07162184196
-0.06488332313
-0.05720845489
-0.0486253569
-0.03919400871
-0.02901506267
-0.01824065904
-0.007086378503
0.004156907141
0.0151150344
0.02533234648
0.03429050226
0.04145018752
0.04632174566
0.04856650076
0.04798758078
0.04421547253
0.03865176875
-0.06125833906
-0.06291970916
-0.06423504257
-0.06486506441
-0.06493005563
-0.06450480006
-0.06368081668
-0.06257009193
-0.06128855692
-0.05994565844
-0.05863854347
-0.05744908095
-0.05644302035
-0.05567059313
-0.05516793882
-0.05495889872
-0.05505687001
-0.05546653109
-0.05618532776
-0.05720468742
-0.05851106528
-0.06008658776
-0.06190959754
-0.06395492007
-0.06619414426
-0.06859581613
-0.07112536981
-0.07374518138
-0.07641455603
-0.07908970403
-0.08172373857
-0.08426669822
-0.08666560302
-0.08886455702
-0.09080490755
-0.09242547179
-0.09366284758
-0.09445182888
-0.09472585468
-0.09441731784
-0.09346006973
-0.09178799296
-0.08933732747
-0.08604858831
-0.08186771649
-0.07674847647
-0.07065529618
-0.06356647689
-0.05547946155
-0.04641515506
-0.03642365417
-0.02559489449
-0.01407019515
-0.002055076926
0.01016594607
0.0222166833
0.03362427549
0.04383004689
0.05222557058
0.05822475872
0.06137946264
0.06138617133
0.0577632202
0.05201088949
-0.06537816978
-0.06737243823
-0.068877804
-0.06947709517
-0.06934557883
-0.0685988277
-0.06736726335
-0.06579977581
-0.06404345668
-0.0622319174
-0.06047970536
-0.05888018436
-0.05750580321
-0.05640982518
-0.05562876317
-0.05518500863
-0.05508933934
-0.05534312939
-0.05594016062
-0.0568681504
-0.05810989015
-0.05964392965
-0.06144520451
-0.0634854573
-0.06573338601
-0.06815477562
-0.07071250686
-0.07336654738
-0.0760739079
-0.07878859386
-0.08146157085
-0.08404075356
-0.08647102973
-0.08869433052
-0.09064975764
-0.09227377784
-0.09350050032
-0.09426205826
-0.09448905406
-0.09411089613
-0.09305764299
-0.09126006187
-0.08865008659
-0.08516394323
-0.08074285441
-0.0753354072
-0.06890026789
-0.06140936493
-0.05285202748
-0.04324020798
-0.0326161258
-0.02106085563
-0.008703129883
0.004264109438
0.01756529566
0.03082538099
0.0435585302
0.05516937976
0.06498020562
0.07230033268
0.07655356076
0.07730070367
0.07390848436
0.06797635175
-0.07005175985
-0.07246186265
-0.07417987127
-0.07469401535
-0.07426690229
-0.07307721619
-0.07131075042
-0.06916498342
-0.06682523278
-0.06445263935
-0.06217991656
-0.06011104317
-0.05832337497
-0.05687102155
-0.05578862527
-0.05509502113
-0.05479649433
-0.05488951075
-0.05536287431
-0.05619953368
-0.05737772662
-0.05887176194
-0.06065273814
-0.06268884821
-0.06494555966
-0.06738569024
-0.06996939263
-0.07265409804
-0.07539443251
-0.07814212928
-0.08084595454
-0.08345165823
-0.08590196097
-0.0881365876
-0.09009235741
-0.09170334195
-0.09290110407
-0.09361503927
-0.09377280164
-0.09330065941
-0.0921247921
-0.09017246207
-0.08737101407
-0.0836519726
-0.07895131165
-0.07321176963
-0.06638548251
-0.05843709416
-0.04934773024
-0.03912006207
-0.02778494777
-0.01541019128
-0.002114117229
0.0119216439
0.02643569811
0.0410587851
0.0552961628
0.06851882262
0.07997921849
0.08887298501
0.09447396756
0.09617018513
0.09312105922
0.08702262361
-0.07551911759
-0.07843841205
-0.08037507884
-0.08070611346
-0.07983235897
-0.07802850498
-0.07555763305
-0.07267962106
-0.06962502246
-0.06658463538
-0.06370840863
-0.06110833244
-0.05886334758
-0.05702497917
-0.05562280097
-0.05466928866
-0.05416387947
-0.05409617705
-0.05444860538
-0.05519816215
-0.05631757705
-0.0577763059
-0.05954107944
-0.06157619008
-0.06384362066
-0.06630305428
-0.06891180121
-0.07162468436
-0.07439390395
-0.07716890168
-0.07989624056
-0.08251951221
-0.08497928194
-0.08721308119
-0.08915545683
-0.09073808737
-0.09188997848
-0.09253775727
-0.09260606277
-0.09201790176
-0.09069552911
-0.08856232187
-0.08554075144
-0.08155716615
-0.07654166377
-0.07043029594
-0.06316759625
-0.05470955011
-0.04502738078
-0.03411241861
-0.0219825614
-0.008691019766
0.00566147312
0.02091083922
0.03680528893
0.05298778543
0.0689627449
0.08407130486
0.09749434835
0.1083025516
0.115592802
0.1185314003
0.1159899369
0.1097518994
-0.08214076932
-0.08566420354
-0.0877877409
-0.08776460605
-0.08621395015
-0.08355399809
-0.08015307237
-0.07634841754
-0.07242126876
-0.06859148724
-0.06502241715
-0.06182884941
-0.05908586675
-0.0568373718
-0.05510351874
-0.053886833
-0.05317699385
-0.05295475048
-0.05319447616
-0.05386584543
-0.05493528245
-0.05636675101
-0.05812219383
-0.0601617312
-0.06244369132
-0.06492452827
-0.06755866937
-0.07029832805
-0.07309330484
-0.07589079474
-0.07863521527
-0.08126806583
-0.08372782733
-0.08594991041
-0.08786666048
-0.08940742844
-0.09049871764
-0.09106442414
-0.09102617573
-0.09030366392
-0.0888152422
-0.08648006966
-0.08321551575
-0.07894228255
-0.07358392404
-0.06706886328
-0.05933274135
-0.05032115046
-0.03999313018
-0.02832573428
-0.01532019626
-0.001010486326
0.0145245217
0.03114407043
0.048621168
0.06661096041
0.08462170622
0.1019767265
0.1177852232
0.1309779866
0.1404402123
0.1450502295
0.1432727474
0.1369553788
-0.09046912152
-0.09466843849
-0.09686759437
-0.096196434
-0.09361770323
-0.08975976061
-0.08512934282
-0.08015454962
-0.07516831135
-0.07041381482
-0.06605927235
-0.0622132757
-0.05893875032
-0.05626493302
-0.05419690704
-0.05272278979
-0.05181949469
-0.0514564492
-0.05159801143
-0.0522054782
-0.05323818081
-0.05465407776
-0.05641002469
-0.05846181372
-0.06076406146
-0.0632700047
-0.06593124536
-0.06869747594
-0.07151620617
-0.07433250661
-0.07708878046
-0.07972457211
-0.08217641943
-0.08437775621
-0.08625887106
-0.08774692998
-0.08876607088
-0.08923758377
-0.08908018396
-0.08821029431
-0.08654247947
-0.08399145496
-0.08046938443
-0.07589093505
-0.07017249987
-0.06323392858
-0.05500058012
-0.04540567978
-0.03439336243
-0.0219227257
-0.007973432296
0.00744624747
0.02428754095
0.04244355123
0.06172307568
0.08181372003
0.1022366698
0.122303532
0.141065556
0.1572992679
0.169632345
0.1765637804
0.1759724668
0.1697162482
-0.1013714635
-0.1062333988
-0.1082355532
-0.1064158927
-0.1022737273
-0.09673608221
-0.09048215819
-0.08403706767
-0.07777686895
-0.07195336759
-0.06672388863
-0.06217651453
-0.05835000558
-0.05524965322
-0.05285844263
-0.05114527945
-0.05007050494
-0.04958945528
-0.04965503599
-0.05021915126
-0.05123343065
-0.05264951851
-0.05441907244
-0.05649357335
-0.05882402517
-0.0613605976
-0.06405224767
-0.06684634473
-0.06968831511
-0.07252131743
-0.07528595622
-0.0779200391
-0.08035838196
-0.082532666
-0.08437135069
-0.08579964739
-0.08673955937
-0.08710999771
-0.08682697791
-0.08580382864
-0.08395154417
-0.08118033826
-0.0773972544
-0.07251070035
-0.0664294527
-0.05906398922
-0.05032809192
-0.04014064063
-0.02842795881
-0.01512702657
-0.0001900971348
0.01640833399
0.03466061762
0.05450865669
0.07581657386
0.09832904122
0.1216121927
0.1449823423
0.1674470256
0.1876367877
0.2038676644
0.2141319664
0.2154529353
0.2095838609
-0.1162475165
-0.1215277593
-0.1227372514
-0.1189213523
-0.1124025081
-0.1045125974
-0.09612603074
-0.087851932
-0.08008249407
-0.07304856471
-0.06687021289
-0.06159373647
-0.05721757257
-0.05371143368
-0.05102816932
-0.04911137015
-0.04790099699
-0.0473362752
-0.04735736524
-0.04790610066
-0.04892615679
-0.05036287441
-0.05216288079
-0.05427360299
-0.05664273653
-0.05921770886
-0.06194516194
-0.0647704689
-0.06763729325
-0.07048719561
-0.07325929047
-0.07588995455
-0.07831258777
-0.08045742777
-0.08225141952
-0.08361814163
-0.08447779221
-0.08474723924
-0.08434013487
-0.08316703274
-0.08113569473
-0.07815199778
-0.07411818585
-0.06893642955
-0.06250771443
-0.05473266655
-0.04551253404
-0.03475019742
-0.02235150943
-0.008227230643
0.007703953857
0.02551040529
0.04523881206
0.06689892287
0.09043709722
0.1156920355
0.1423246241
0.1697163228
0.1968527038
0.2222503367
0.2438878931
0.2590782228
0.2635905506
0.2588512535
-0.1374357972
-0.142314387
-0.1414871324
-0.134247582
-0.1241300395
-0.1129682961
-0.1018149641
-0.09130845772
-0.08179748735
-0.0734392447
-0.06627635292
-0.06028380754
-0.05539901326
-0.05154195052
-0.04862556539
-0.0465630946
-0.04527122651
-0.04467154412
-0.04469086806
-0.0452609504
-0.04631782888
-0.04780102514
-0.04965269378
-0.05181678377
-0.05423824563
-0.05686230092
-0.05963378073
-0.06249653436
-0.06539290685
-0.06826328226
-0.07104568971
-0.07367546915
-0.07608499418
-0.07820344997
-0.07995666455
-0.08126699252
-0.08205325012
-0.08223070225
-0.08171109469
-0.08040267122
-0.07821043045
-0.07503634406
-0.07077842356
-0.06533294399
-0.05859332222
-0.05045035011
-0.04079239375
-0.02950540421
-0.01647292414
-0.001576245782
0.01530493324
0.0342905823
0.05549558005
0.07901916351
0.104923228
0.133190563
0.1636496706
0.1958489931
0.2288702334
0.2611390221
0.2903601247
0.3129980107
0.3230148067
0.3210681848
-0.1690445209
-0.1712828548
-0.1658586674
-0.1528146458
-0.1373042034
-0.1216644929
-0.1070096828
-0.09387133561
-0.08244236267
-0.07272355662
-0.0646201881
-0.05799716021
-0.05270507945
-0.04859978612
-0.0455473375
-0.04342676778
-0.04213013411
-0.04156137217
-0.04163468003
-0.0422727769
-0.0434052173
-0.0449668434
-0.04689640354
-0.04913533821
-0.05162672202
-0.05431434595
-0.05714192317
-0.0600524032
-0.06298738089
-0.06588658914
-0.06868746577
-0.07132478733
-0.07373036352
-0.07583278722
-0.0775572357
-0.07882531902
-0.07955497121
-0.0796603803
-0.07905194456
-0.07763618988
-0.07531596001
-0.07199004078
-0.06755299185
-0.06189590462
-0.05490534267
-0.04646293785
-0.03644470091
-0.02471987308
-0.01114932833
0.004416507143
0.02214013585
0.04219946596
0.06478919798
0.09011863423
0.1184006848
0.1498219167
0.1844755302
0.2222273733
0.2624732093
0.3037798519
0.343645386
0.3777588086
0.397690486
0.4023666188
-0.2184559453
-0.2124915135
-0.1973357089
-0.1745999554
-0.1511647694
-0.1295773409
-0.1106864196
-0.09464436177
-0.08128844708
-0.07033647876
-0.06147627562
-0.05441799046
-0.04890524601
-0.04471929388
-0.04167573275
-0.03961965284
-0.03842045188
-0.03796704001
-0.03816370913
-0.03892668553
-0.04018129546
-0.04185964831
-0.04389874279
-0.04623891282
-0.04882254456
-0.0515930102
-0.0544937759
-0.05746765115
-0.06045615462
-0.06339897717
-0.06623352752
-0.06889454908
-0.07131379897
-0.0734197818
-0.07513753149
-0.07638843458
-0.0770900877
-0.07715618136
-0.076496392
-0.07501620623
-0.07261704383
-0.06919550751
-0.06464362028
-0.05884838419
-0.05169076652
-0.04304466967
-0.0327753508
-0.02073707538
-0.00676979945
0.009305418811
0.02769259959
0.04862884192
0.07239401534
0.09932102495
0.1298031423
0.1642896553
0.2032504633
0.2470696367
0.2957947465
0.3486634951
0.4034311939
0.4552396694
0.4931754352
0.5131732915
-0.2978550395
-0.2713171985
-0.2367317021
-0.1983386723
-0.1637250304
-0.1347140091
-0.1111559623
-0.09232062553
-0.0773746178
-0.06558855921
-0.05636116232
-0.04921435315
-0.04377400948
-0.03974849568
-0.03690903897
-0.03507417483
-0.03409779052
-0.03386005545
-0.03426061632
-0.03521349507
-0.03664323807
-0.03848198011
-0.04066717801
-0.04313983604
-0.04584309547
-0.0487210974
-0.05171805327
-0.05477747672
-0.05784154274
-0.0608505498
-0.06374246686
-0.06645255165
-0.06891302974
-0.07105282553
-0.07279733705
-0.07406824653
-0.07478335737
-0.07485644652
-0.07419710802
-0.07271049718
-0.07029738562
-0.06685342161
-0.06226904137
-0.0564285846
-0.04920917985
-0.04047917233
-0.03009579001
-0.01790174012
-0.003720312959
0.01265161357
0.03145350047
0.05297510287
0.07757579892
0.105710641
0.1379636169
0.1750853327
0.2180228202
0.267904482
0.3258920926
0.3927445979
0.4677481811
0.5458862982
0.6135809999
0.6642960425
-0.4322099068
-0.3535296595
-0.2802558136
-0.2185418952
-0.1700311447
-0.1332417242
-0.1057201679
-0.08508140709
-0.06950674899
-0.05771446513
-0.04879072395
-0.04208178648
-0.03711993278
-0.03356603859
-0.03116895577
-0.02973839445
-0.0291265038
-0.02921517928
-0.0299072919
-0.03112055961
-0.03278318425
-0.03483068277
-0.03720353684
-0.03984540988
-0.04270176396
-0.04571876385
-0.04884239201
-0.05201772243
-0.05518831713
-0.05829572006
-0.0612790304
-0.06407454185
-0.06661543766
-0.06883153266
-0.07064905425
-0.07199045352
-0.07277423644
-0.07291480131
-0.0723222486
-0.07090215383
-0.06855547341
-0.06517795428
-0.06065957315
-0.05488368022
-0.047725715
-0.03905129069
-0.02871338993
-0.01654826736
-0.002369470359
0.01404089719
0.03294498895
0.05466811413
0.07962676944
0.1083703762
0.1416432894
0.1804755199
0.2263094809
0.2811571434
0.3477427628
0.4294711103
0.5293818144
0.6453622034
0.7633937179
0.8752592633
-0.7304937278
-0.4694169202
-0.3095355394
-0.2190265696
-0.158561524
-0.1172719064
-0.08927859144
-0.06970989694
-0.05562861687
-0.04535992585
-0.03783378086
-0.03234275015
-0.02841871732
-0.02574236173
-0.02408687434
-0.0232852823
-0.02321012103
-0.02376029187
-0.02485252864
-0.02641574425
-0.02838716381
-0.03070959777
-0.03332946003
-0.03619528144
-0.03925656033
-0.04246284882
-0.0457630094
-0.04910459852
-0.05243334822
-0.05569272634
-0.05882356148
-0.06176372271
-0.06444784638
-0.06680710303
-0.06876899787
-0.07025719694
-0.07119136938
-0.07148703056
-0.07105534273
-0.06980304225
-0.06763213461
-0.06443932707
-0.060115509
-0.0545449097
-0.04760378317
-0.03915846372
-0.02906251934
-0.01715257433
-0.003242166048
0.01288734079
0.03150032937
0.05292750953
0.07759769291
0.1060879216
0.1392043978
0.1781160197
0.2245781378
0.2813102666
0.3526359418
0.4454715061
0.5699963475
0.7388552589
0.9742517462
1.301477475
-1.424917393
-0.6454779638
-0.3290780352
-0.2093461152
-0.1365315905
-0.09170915403
-0.06550204401
-0.04902934938
-0.03793419223
-0.03025817593
-0.02488152793
-0.02113044661
-0.01860716354
-0.01706341054
-0.01633179394
-0.01629232077
-0.01685377923
-0.01794270708
-0.01949687231
-0.02146128229
-0.02378558991
-0.02642231425
-0.02932555597
-0.03245002116
-0.03575024544
-0.03917995487
-0.04269152537
-0.04623551728
-0.04976027036
-0.05321154973
-0.05653223657
-0.05966205892
-0.06253735879
-0.06509089196
-0.06725165594
-0.06894474079
-0.07009119437
-0.0706078891
-0.07040740985
-0.06939790969
-0.0674828042
-0.06456040311
-0.06052342511
-0.05525823768
-0.04864369342
-0.0405494068
-0.03083322065
-0.01933748291
-0.005883562968
0.009736285479
0.02777116941
0.04853038077
0.07241319511
0.09995783469
0.1319255752
0.169452467
0.2143366675
0.2696101734
0.3407458741
0.4382104307
0.581794481
0.8108704578
1.250206152
2.170670506
)
;

boundaryField
{
    movingWall
    {
        type            zeroGradient;
    }
    fixedWalls
    {
        type            zeroGradient;
    }
    frontAndBack
    {
        type            empty;
    }
}


// ************************************************************************* //
