/*--------------------------------*- C++ -*----------------------------------*\
  =========                 |
  \\      /  F ield         | OpenFOAM: The Open Source CFD Toolbox
   \\    /   O peration     | Website:  https://openfoam.org
    \\  /    A nd           | Version:  11
     \\/     M anipulation  |
\*---------------------------------------------------------------------------*/
FoamFile
{
    format      ascii;
    class       volScalarField;
    location    "500";
    object      p;
}
// * * * * * * * * * * * * * * * * * * * * * * * * * * * * * * * * * * * * * //

dimensions      [0 2 -2 0 0 0 0];

internalField   nonuniform List<scalar> 
4096
(
7.438055039e-08
-3.375462881e-05
-0.0001411895597
-0.0003144892098
-0.0005297086074
-0.0007672861573
-0.001011506509
-0.001249897449
-0.001472898939
-0.001673385023
-0.001846168714
-0.001987565948
-0.002095029992
-0.002166853818
-0.002201934799
-0.002199595005
-0.002159450155
-0.002081320739
-0.001965179043
-0.001811126449
-0.001619395502
-0.001390371806
-0.001124630916
-0.0008229858744
-0.0004865410934
-0.0001167487407
0.0002845361961
0.0007150055725
0.001171855859
0.001651756958
0.002150834905
0.002664670794
0.003188318521
0.003716341737
0.004242869347
0.004761673931
0.005266272731
0.005750047332
0.006206380669
0.006628808214
0.007011179413
0.007347824599
0.007633722175
0.007864660324
0.008037387589
0.008149746728
0.008200786963
0.008190850524
0.008121630738
0.007996200323
0.007819010347
0.007595861973
0.007333854908
0.007041317684
0.006727725507
0.006403610314
0.006080462893
0.005770619332
0.00548710003
0.005243284223
0.005052244594
0.004926077434
0.004874428485
0.004882725488
3.372745732e-05
-3.420980311e-07
-9.406367212e-05
-0.0002427242051
-0.0004270782712
-0.0006312211936
-0.0008421101844
-0.001049046653
-0.001243536328
-0.001419027072
-0.001570580957
-0.001694557214
-0.001788330134
-0.001850049005
-0.001878441676
-0.001872660176
-0.001832165245
-0.001756645724
-0.0016459686
-0.001500155262
-0.001319379718
-0.001103984495
-0.0008545102468
-0.0005717350888
-0.000256720035
8.914309201e-05
0.0004640845796
0.0008659138394
0.001291983471
0.001739163239
0.002203826423
0.002681850857
0.003168637455
0.003659146085
0.004147947132
0.004629294946
0.005097222226
0.005545650831
0.005968518306
0.006359917303
0.006714244107
0.007026351943
0.007291704119
0.007506521802
0.00766792104
0.007774033972
0.007824109543
0.007818590008
0.007759160462
0.007648770072
0.007491625045
0.007293154845
0.007059954414
0.00679970594
0.006521083662
0.006233643633
0.005947696941
0.005674157503
0.005424337188
0.005209596716
0.005040785794
0.004928221075
0.004882078553
0.004890795449
0.0001416937765
9.282987059e-05
-1.858998693e-06
-0.0001378850331
-0.0003014578855
-0.000480505488
-0.0006646980903
-0.0008452739281
-0.001015043322
-0.001168280748
-0.001300535132
-0.001408419008
-0.00148940484
-0.001541641915
-0.00156380048
-0.001554945555
-0.001514440253
-0.001441876875
-0.001337033196
-0.001199850898
-0.00103043284
-0.0008290558163
-0.0005961954216
-0.0003325597189
-3.912847637e-05
0.0002828051439
0.0006315934723
0.001005196678
0.001401151346
0.001816547874
0.002248019001
0.002691741588
0.003143455203
0.003598496022
0.00405184373
0.004498190126
0.004932027774
0.005347752967
0.005739783448
0.006102688118
0.00643132521
0.006720984783
0.006967530903
0.007167538493
0.007318419779
0.007418535386
0.007467285642
0.007465178375
0.007413870483
0.007316181753
0.007176080669
0.006998643199
0.006789986543
0.006557180415
0.00630813824
0.006051489276
0.005796430129
0.005552551049
0.00532962137
0.005137267046
0.004984533789
0.004880311323
0.004835129361
0.004840003817
0.0003178213383
0.0002420792637
0.0001317355973
-6.132326905e-06
-0.0001630012705
-0.0003299154239
-0.0004987869213
-0.0006626453317
-0.0008156536689
-0.00095306132
-0.0010710969
-0.001166828872
-0.001238019648
-0.001282988161
-0.001300489202
-0.00128961366
-0.001249711152
-0.00118033469
-0.001081205995
-0.0009521993591
-0.0007933415831
-0.000604825298
-0.0003870329074
-0.0001405683203
0.000133706292
0.0004346314954
0.0007607120246
0.001110081308
0.001480471619
0.001869192329
0.002273118358
0.002688690985
0.003111935671
0.003538493577
0.003963662499
0.004382461467
0.004789715692
0.005180154057
0.0055485211
0.005889700856
0.006198849049
0.00647152964
0.006703851118
0.006892597584
0.007035349522
0.007130589289
0.007177786774
0.007177461403
0.007131217606
0.007041752038
0.006912832055
0.006749246214
0.006556728546
0.006341859092
0.006111943288
0.00587487216
0.005638964159
0.00541278926
0.005204970544
0.00502392001
0.004877533872
0.00477373646
0.004722293396
0.004716337311
0.0005397166383
0.0004292128668
0.000293697939
0.0001446485667
-1.460283435e-05
-0.0001778489104
-0.0003389632257
-0.0004926493324
-0.0006344168701
-0.0007605526023
-0.0008680654984
-0.0009545964454
-0.001018314831
-0.001057817185
-0.001072036131
-0.00106016432
-0.001021595507
-0.0009558832507
-0.0008627165548
-0.000741911029
-0.0005934137119
-0.0004173194156
-0.0002138962944
1.638172901e-05
0.0002727980984
0.0005543547415
0.0008597336027
0.001187261001
0.001534877223
0.001900113675
0.002280079605
0.002671460528
0.003070534849
0.003473202491
0.003875018805
0.004271255588
0.004656983874
0.005027167436
0.00537677114
0.005700881493
0.005994835885
0.00625435651
0.006475684309
0.00665570788
0.006792082063
0.006883331029
0.006928931106
0.006929369225
0.006886173901
0.006801916789
0.006680184199
0.006525519237
0.00634333646
0.006139811862
0.005921751541
0.005696442496
0.005471488879
0.005254637848
0.005053596535
0.004875818225
0.004728295824
0.004617966022
0.004552789858
0.004528615315
0.0007887284736
0.0006387578489
0.0004720439449
0.0003053923372
0.0001372377508
-2.863077831e-05
-0.0001878052834
-0.0003365276392
-0.0004715998487
-0.0005903490191
-0.0006906045284
-0.0007706403217
-0.0008291015959
-0.0008649307965
-0.0008773004767
-0.0008655574272
-0.0008291804318
-0.000767752428
-0.0006809467907
-0.0005685267436
-0.0004303564534
-0.0002664220749
-7.686083888e-05
0.0001380038374
0.00037762331
0.000641182892
0.0009275614586
0.001235293717
0.001562537423
0.001907047832
0.002266161226
0.002636789789
0.003015436727
0.003398221724
0.003780906531
0.004158952721
0.004527603754
0.004881975644
0.00521716332
0.005528359952
0.005810985668
0.006060821538
0.006274144065
0.006447854883
0.006579600089
0.006667873733
0.0067121003
0.006712691764
0.006671075789
0.006589692895
0.006471961847
0.006322213994
0.00614559871
0.005947963305
0.005735711725
0.005515646943
0.005294802411
0.005080268494
0.004879018124
0.004697729494
0.00454265053
0.004419728682
0.00433461807
0.004286448485
0.001049111804
0.0008572705039
0.0006557284919
0.0004670685964
0.0002852383047
0.00011193151
-4.993381495e-05
-0.0001979906108
-0.0003302505922
-0.000445047449
-0.000541031523
-0.0006171322405
-0.0006725049787
-0.0007064769729
-0.000718498732
-0.0007081047823
-0.00067488588
-0.0006184735025
-0.0005385364653
-0.0004347888958
-0.0003070083783
-0.0001550628233
2.105556165e-05
0.0002211909401
0.0004449809985
0.0006918125108
0.0009607773373
0.001250630968
0.001559755832
0.001886131631
0.002227314425
0.002580426873
0.002942171711
0.003308853919
0.003676396454
0.004040394664
0.004396199135
0.004739004387
0.005063954533
0.005366263082
0.00564134312
0.005884943655
0.00609328713
0.006263202522
0.0063922481
0.006478817893
0.00652222632
0.006522766073
0.006481735491
0.006401432956
0.00628511746
0.006136936175
0.005961821501
0.005765361615
0.005553649811
0.005333118871
0.005110367395
0.004891984674
0.004684379174
0.004493628088
0.004325398961
0.004184749319
0.004074933475
0.00399877532
0.001307312975
0.001072732924
0.0008344338717
0.0006209350888
0.0004221021071
0.000237815232
6.970120379e-05
-8.112315908e-05
-0.0002137869103
-0.0003275767585
-0.0004219393748
-0.000496455138
-0.0005507978619
-0.0005846947613
-0.000597891972
-0.0005901286569
-0.0005611214699
-0.0005105600073
-0.000438113088
-0.0003434451635
-0.0002262418256
-8.624314883e-05
7.671654666e-05
0.0002626640464
0.0004714393536
0.0007026463251
0.0009556037169
0.001229298666
0.001522344802
0.001832947271
0.002158876259
0.002497451647
0.002845554581
0.003199646555
0.003555773563
0.003909616533
0.004256576503
0.004591861873
0.004910594288
0.005207930223
0.005479194241
0.005720019576
0.005926490816
0.006095282734
0.006223788922
0.00631023377
0.006353761712
0.006354498342
0.006313579156
0.006233143164
0.006116290362
0.005967003967
0.00579004026
0.00559079069
0.005375122442
0.005149204917
0.004919330305
0.004691734916
0.00447242639
0.00426705415
0.004080883225
0.003918251587
0.003780141785
0.003673354138
0.001551640841
0.001274420357
0.0009985951988
0.0007586015419
0.0005405716548
0.0003427993299
0.0001657829352
9.513650847e-06
-0.0001261643428
-0.0002414291072
-0.0003364846242
-0.0004115400819
-0.0004667774247
-0.0005023211614
-0.0005182145633
-0.000514404487
-0.0004907361205
-0.0004469580458
-0.0003827373439
-0.0002976840522
-0.0001913840099
-6.343895424e-05
8.648740014e-05
0.0002586186765
0.0004530120441
0.000669502954
0.0009076501977
0.001166683258
0.001445454166
0.001742396185
0.002055490805
0.00238224588
0.002719704826
0.00306446313
0.003412659208
0.003760019287
0.00410194659
0.00443360731
0.00475003728
0.005046266254
0.005317455484
0.005559044098
0.005766898798
0.00593746056
0.006067881485
0.00615614481
0.006201161373
0.006202836556
0.006162102933
0.006080915459
0.005962207974
0.005809811953
0.005628340647
0.005423043845
0.005199640319
0.004964136466
0.004722640426
0.004481178178
0.004245516678
0.004021051891
0.003812832938
0.003624680607
0.003455536255
0.003316352928
0.00177188308
0.001452708396
0.001139361225
0.0008720644979
0.0006334986194
0.0004205452143
0.0002327016642
6.893801717e-05
-7.184603967e-05
-0.0001906577773
-0.0002884129388
-0.0003659170889
-0.0004238378479
-0.0004626817349
-0.0004827786484
-0.0004842754088
-0.0004671392076
-0.0004311710751
-0.0003760289661
-0.0003012597344
-0.0002063390753
-9.071838046e-05
4.61226447e-05
0.000204618859
0.0003850594367
0.0005875260346
0.0008118310989
0.00105745826
0.001323507061
0.001608644429
0.001911064264
0.002228458137
0.002558021246
0.002896467352
0.00324000468
0.003584372416
0.003924935829
0.004256770746
0.004574771184
0.00487377688
0.005148716076
0.005394758944
0.005607475938
0.005782994342
0.005918145673
0.006010596321
0.006058954034
0.006062843604
0.006022946327
0.005940999567
0.005819754863
0.005662895444
0.005474916484
0.005260973829
0.005026709011
0.004778060055
0.004521068358
0.004261688
0.004005602513
0.003758127575
0.003524284778
0.003307591579
0.00310519813
0.002932322916
0.001958942179
0.001598860824
0.001248508153
0.0009537055525
0.0006939021186
0.0004646956174
0.0002646778333
9.188162575e-05
-5.566683612e-05
-0.000179745966
-0.0002819364264
-0.0003636027852
-0.0004258687176
-0.0004695992562
-0.0004953920327
-0.000503578189
-0.0004942333494
-0.0004671985202
-0.0004221103772
-0.0003584401876
-0.0002755404706
-0.0001726984236
-4.919505954e-05
9.563108879e-05
0.00026231698
0.0004512062461
0.0006623802261
0.0008955907804
0.001150197184
0.001425109619
0.001718740551
0.002028967052
0.002353132093
0.002688059412
0.003030013108
0.003374721227
0.003717479099
0.004053231711
0.004376682038
0.004682422006
0.004965081035
0.005219487485
0.005440837093
0.005624861284
0.005767987482
0.005867483136
0.005921575328
0.005929538483
0.005891744027
0.005809667617
0.005685851932
0.005523825629
0.005327981866
0.005103422491
0.004855776358
0.00459100218
0.004315187196
0.004034347876
0.003754237832
0.003480262471
0.003217600441
0.002969669742
0.002732066726
0.002524362402
0.002104563714
0.001704843702
0.001318346537
0.0009962677199
0.0007149969938
0.0004689399505
0.0002558514039
7.289223832e-05
-8.272583843e-05
-0.0002135006073
-0.0003216327377
-0.0004090071349
-0.0004771704492
-0.0005273179741
-0.0005602908515
-0.0005765835305
-0.0005763614753
-0.0005594887483
-0.0005255648409
-0.0004739699727
-0.0004039180213
-0.000314516189
-0.0002048304631
-7.395583115e-05
7.890992486e-05
0.0002543902372
0.0004528531886
0.0006743363045
0.000918475034
0.001184437576
0.001470867311
0.001775835725
0.002096836939
0.00243080459
0.002774054268
0.003122287595
0.003470706523
0.003814092536
0.00414691499
0.004463465272
0.0047580113
0.005024967675
0.005259075448
0.005455584045
0.005610426911
0.005720381922
0.005783207535
0.005797746317
0.005763988715
0.005683091863
0.005557350698
0.00539012155
0.005185701471
0.004949169599
0.004686199521
0.004402853894
0.004105373553
0.003799967351
0.003492608045
0.003188955023
0.002894521014
0.002612816621
0.002338079418
0.002094332659
0.002201127812
0.001763186752
0.001341643424
0.0009928279738
0.0006902074385
0.0004270591575
0.000200348476
6.413720222e-06
-0.0001582998395
-0.0002969645449
-0.0004123597897
-0.0005068532034
-0.000582380484
-0.0006404368174
-0.0006820797623
-0.0007079428695
-0.000718259639
-0.0007128972614
-0.0006913994351
-0.000653037511
-0.0005968691928
-0.0005218040169
-0.0004266747882
-0.0003103140666
-0.0001716346363
-9.71267589e-06
0.0001761279446
0.0003862321334
0.00062053319
0.0008784783351
0.001158961504
0.001460265761
0.001780048246
0.002115361468
0.002462578778
0.002817369819
0.00317482901
0.003529550049
0.003875733075
0.004207321336
0.004518161438
0.00480218257
0.005053588642
0.005267055578
0.005437924843
0.005562383453
0.005637620551
0.005661951071
0.005634898221
0.005557228469
0.00543093534
0.005259171449
0.005046131655
0.004796893582
0.004517224823
0.004213368843
0.003891822772
0.003559113347
0.003221576726
0.002885284959
0.002556254039
0.002238258569
0.001924331762
0.001643086381
0.002241514512
0.001766876836
0.001311559433
0.0009367732902
0.0006131758712
0.0003329609134
9.233614602e-05
-0.0001131456636
-0.0002877670432
-0.0004353367308
-0.0005591758801
-0.0006620996298
-0.000746399709
-0.0008138406311
-0.0008656683384
-0.0009026298764
-0.0009250033569
-0.0009326374814
-0.0009249998917
-0.0009012336459
-0.0008602211666
-0.0008006550197
-0.000721114864
-0.0006201498128
-0.0004963652906
-0.0003485132094
-0.000175583988
2.310144631e-05
0.0002478020272
0.0004982722228
0.0007736845345
0.001072560174
0.001392740827
0.0017314169
0.002085037672
0.002449246296
0.0028190259
0.003188767535
0.003552374361
0.003903399642
0.004235212048
0.004541183937
0.004814896614
0.005050354677
0.005242199982
0.005385914786
0.005478003053
0.005516139234
0.005499274827
0.005427695013
0.005303020331
0.00512815176
0.004907161331
0.004645134189
0.004347971565
0.00402216729
0.003674572005
0.003312151493
0.002941745298
0.002569991107
0.002203570228
0.001846680198
0.001491251608
0.00117068419
0.00221900418
0.001709291738
0.001221608064
0.0008217859489
0.0004777728648
0.0001807107636
-7.392937343e-05
-0.0002913525271
-0.0004765378163
-0.0006338980173
-0.0007672634108
-0.0008798644987
-0.000974318029
-0.001052628442
-0.001116202542
-0.001165875315
-0.001201945783
-0.001224222048
-0.001232074771
-0.001224498487
-0.001200180233
-0.001157575047
-0.001094987849
-0.00101066116
-0.0009028678953
-0.0007700082302
-0.0006107091677
-0.0004239250496
-0.0002090366878
3.405393569e-05
0.0003048352405
0.0006021036061
0.0009239179294
0.001267636879
0.001629816597
0.002006092211
0.002391343743
0.002779755675
0.003164915721
0.003539952313
0.003897703727
0.004230914879
0.004532456127
0.004795556084
0.005014038652
0.005182553018
0.005296784512
0.005353634167
0.00535135564
0.005289639969
0.005169641403
0.004993941128
0.004766449806
0.00449225417
0.004177416945
0.003828743218
0.003453528381
0.003059294262
0.002653520301
0.00224355964
0.001836916999
0.001438355123
0.001038764174
0.0006766006037
0.00212723014
0.001584155136
0.001065630078
0.0006418381333
0.0002781106812
-3.543738199e-05
-0.0003040579229
-0.0005336921066
-0.0007299899277
-0.0008979405625
-0.001041854767
-0.001165349535
-0.001271338264
-0.001362037996
-0.00143899048
-0.001503094275
-0.001554646471
-0.001593393021
-0.001618586969
-0.001629054087
-0.001623265582
-0.001599417645
-0.001555517588
-0.001489476259
-0.001399206183
-0.001282724643
-0.001138260489
-0.0009643630416
-0.000760010897
-0.0005247174382
-0.0002586308927
3.73686817e-05
0.0003616028487
0.0007116433541
0.001084194862
0.001474919622
0.001878616578
0.002289272664
0.002700153031
0.003103935404
0.003492881085
0.003859039125
0.004194478514
0.004491540598
0.004743101652
0.004942833639
0.005085449893
0.005166921898
0.005184653842
0.005137603198
0.005026338277
0.004853027472
0.004621359349
0.004336397606
0.00400437965
0.00363247214
0.003228499616
0.002800653113
0.00235718649
0.001906316469
0.001456528171
0.001013287254
0.0005664580695
0.0001599102428
0.001960145805
0.001385522144
0.0008377876424
0.0003911978244
8.562537728e-06
-0.0003210089012
-0.0006034811922
-0.0008455139173
-0.001053405955
-0.001232698865
-0.00138815867
-0.001523763207
-0.001642697116
-0.001747365399
-0.001839421214
-0.00191980443
-0.001988789158
-0.002046039147
-0.002090670356
-0.002121320357
-0.002136224452
-0.002133298516
-0.002110228602
-0.002064567252
-0.001993836266
-0.001895635355
-0.001767755719
-0.001608297118
-0.001415786362
-0.001189294056
-0.0009285471643
-0.0006340414189
-0.0003071294631
5.002893339e-05
0.0004343408501
0.0008415525311
0.00126641937
0.001702755083
0.002143509156
0.002580894398
0.003006557022
0.003411786205
0.003787758837
0.004125812095
0.004417733758
0.00465605767
0.004834349897
0.004947469929
0.004991791272
0.004965366942
0.004868027905
0.004701406341
0.004468880416
0.004175442701
0.003827499935
0.003432617424
0.002999225114
0.002536292598
0.002052982002
0.00155852374
0.001062543931
0.0005713410432
7.373714425e-05
-0.0003805356703
0.001712030412
0.00110777599
0.0005325690735
6.444348002e-05
-0.0003362124567
-0.0006812731912
-0.0009774075602
-0.001231977549
-0.001451911138
-0.001643280842
-0.001811285611
-0.001960241512
-0.002093582111
-0.002213878797
-0.002322875576
-0.002421534165
-0.002510087241
-0.002588098617
-0.002654529698
-0.002707812027
-0.002745926055
-0.002766486435
-0.002766834166
-0.002744135891
-0.002695490381
-0.002618041975
-0.002509100295
-0.002366265054
-0.002187554132
-0.001971531885
-0.001717435201
-0.00142530158
-0.001096076149
-0.000731582884
-0.0003346448489
9.064957611e-05
0.0005390678577
0.001004293076
0.001478983252
0.001954887235
0.002423009982
0.002873824503
0.003297527339
0.003684331075
0.004024784034
0.0043101042
0.004532511737
0.004685542535
0.004764324405
0.004765798186
0.00468886812
0.004534469688
0.004305548179
0.00400694741
0.003645214503
0.003228333536
0.002765405875
0.002266284946
0.001741175849
0.00120047675
0.0006551225517
0.0001123802268
-0.0004400256857
-0.0009459476989
0.001377496148
0.0007456475208
0.0001448088996
-0.000343511778
-0.0007612383442
-0.001121204842
-0.001430775051
-0.001697997528
-0.001930410546
-0.00213459788
-0.0023161714
-0.002479765585
-0.002629043743
-0.002766725399
-0.002894628248
-0.003013719772
-0.003124176026
-0.003225446219
-0.003316322509
-0.003395014991
-0.003459232264
-0.003506268205
-0.003533095621
-0.003536467441
-0.003513025872
-0.003459419642
-0.003372429017
-0.003249097745
-0.003086870404
-0.0028837324
-0.002638350189
-0.002350215624
-0.002019772876
-0.00164842032
-0.001238625858
-0.0007942116347
-0.000320320274
0.000176665345
0.0006891572719
0.001208460799
0.001724929893
0.002228177232
0.002707337342
0.003151377655
0.003549448367
0.003891258052
0.004167458426
0.004370018698
0.004492568137
0.004530685207
0.004482113165
0.004346885511
0.004127350063
0.003828087154
0.003455725176
0.003018665121
0.002526732436
0.00199076444
0.001422145575
0.0008326036124
0.0002345624055
-0.0003636043506
-0.0009753460605
-0.001537439207
0.000951525767
0.0002942382086
-0.0003302864958
-0.0008373899513
-0.001271186721
-0.001645441671
-0.001968202297
-0.002248186829
-0.002493525042
-0.002711293306
-0.002907498295
-0.00308707567
-0.00325390242
-0.003410831466
-0.003559740774
-0.003701591363
-0.00383649132
-0.003963764319
-0.004082022102
-0.004189241097
-0.004282843833
-0.004359786095
-0.004416650915
-0.004449750419
-0.004455236425
-0.004429220315
-0.004367902311
-0.004267709714
-0.00412544299
-0.003938427343
-0.003704667482
-0.003423008712
-0.00309328584
-0.002716363594
-0.002294248231
-0.001830372408
-0.001329686363
-0.0007985487151
-0.0002447223333
0.0003226993342
0.0008934313781
0.001456199742
0.001999007322
0.002509460676
0.002975149465
0.00338406606
0.003725048029
0.003988222054
0.004165424658
0.004250573648
0.004239964701
0.004132470522
0.003929625326
0.003635584874
0.003256961211
0.002802541646
0.002282910388
0.001709981392
0.00109645696
0.0004555656453
-0.0001985835985
-0.0008563553155
-0.001532478293
-0.002155874594
0.000429502774
-0.000250939938
-0.0008971024682
-0.001421511641
-0.001870337051
-0.00225824011
-0.002593937795
-0.002886799171
-0.003145526048
-0.003377669246
-0.003589613701
-0.003786581469
-0.003972650296
-0.00415079541
-0.004322945669
-0.004490047661
-0.004652134522
-0.004808397799
-0.004957261868
-0.005096461265
-0.005223121863
-0.005333847219
-0.00542481157
-0.00549186096
-0.005530623858
-0.005536632284
-0.00550545406
-0.005432836258
-0.005314859204
-0.005148099232
-0.004929798019
-0.004658040758
-0.004331929341
-0.003951667303
-0.003518671832
-0.003035839526
-0.002507797844
-0.001940761924
-0.001342568396
-0.0007226347602
-9.184455478e-05
0.0005376395979
0.001152638436
0.001739293477
0.002283473636
0.002771239582
0.003189348499
0.003525776137
0.003770228294
0.003914610586
0.003953424566
0.003884060153
0.003706959476
0.003425635121
0.003046536178
0.002578768105
0.002033684081
0.001424356385
0.0007649448977
7.036240852e-05
-0.000643379847
-0.001365216173
-0.002111271161
-0.002801711909
-0.0001927335133
-0.0008939270537
-0.001559578992
-0.002099757186
-0.002562535021
-0.002963429316
-0.003311808412
-0.003617670787
-0.003890269658
-0.004137612363
-0.004366446939
-0.004582269425
-0.00478934858
-0.004990774688
-0.005188522403
-0.005383520542
-0.005575725127
-0.005764193888
-0.005947161759
-0.006122117889
-0.006285885413
-0.006434705656
-0.006564328694
-0.006670112216
-0.006747130576
-0.00679029557
-0.006794490159
-0.006754715736
-0.00666625293
-0.006524834769
-0.006326830235
-0.006069439562
-0.005750894457
-0.005370592349
-0.004929202648
-0.004428926865
-0.003873905821
-0.0032700595
-0.002625162579
-0.001948846257
-0.001252517417
-0.0005491965791
0.0001467319101
0.0008198606111
0.001454187843
0.002033625355
0.002542568185
0.002966502639
0.003292621323
0.003510408851
0.003612158809
0.003593383047
0.003453078572
0.003193825554
0.002821701673
0.002346013381
0.001778859632
0.001134535979
0.0004287987208
-0.0003215593785
-0.001098383617
-0.001888981616
-0.002711008887
-0.003474844013
-0.0009188471785
-0.001638266381
-0.002321167395
-0.002875525433
-0.003351150063
-0.003764365273
-0.004125168334
-0.004444162755
-0.004731131135
-0.004994519469
-0.005241425069
-0.005477607965
-0.005707521494
-0.005934367745
-0.006160166645
-0.00638583085
-0.006611242341
-0.006835328748
-0.007056138948
-0.007270918652
-0.007476187486
-0.007667819638
-0.007841130404
-0.00799097113
-0.008111834916
-0.008197975276
-0.008243539543
-0.008242718303
-0.008189911509
-0.008079910893
-0.007908096953
-0.007670651347
-0.00736478496
-0.006988924609
-0.006542812369
-0.006027780322
-0.005447279677
-0.004806750716
-0.004113732239
-0.003377917588
-0.002611119435
-0.00182714435
-0.001041567139
-0.0002713972531
0.0004653642209
0.001150270982
0.001765066744
0.002292385093
0.002716480426
0.00302394813
0.003204386441
0.003250950414
0.003160751169
0.002935061492
0.00257930186
0.002102799175
0.001518329704
0.0008414520662
8.965239709e-05
-0.000718187879
-0.001561501355
-0.002425748113
-0.00333025023
-0.004174425214
-0.001751944964
-0.002486963243
-0.003184791248
-0.003751694478
-0.004239034695
-0.004663886931
-0.005036850195
-0.005369105478
-0.005670941274
-0.005951224469
-0.006217389284
-0.006475452316
-0.006730048556
-0.006984492899
-0.007240854849
-0.007500037799
-0.007761858374
-0.008025123653
-0.008287705837
-0.008546615207
-0.008798073178
-0.009037587876
-0.009260035035
-0.009459747208
-0.009630614246
-0.009766197849
-0.009859862666
-0.00990492593
-0.009894827065
-0.009823317683
-0.009684670987
-0.009473911318
-0.009187067311
-0.008821401458
-0.008375546137
-0.00784978034
-0.007246610483
-0.006570780661
-0.00582937992
-0.005031966325
-0.004190591625
-0.003319726314
-0.002436072535
-0.001558251471
-0.0007063582115
9.861489893e-05
0.0008354753087
0.001483625052
0.002023918191
0.002439534154
0.002716810667
0.002845974575
0.002821708956
0.002643501752
0.002315734862
0.001847493958
0.001252103383
0.000546387798
-0.0002503156959
-0.001116818651
-0.002029842445
-0.002972740313
-0.00396664426
-0.004898686752
-0.002694535803
-0.003442437487
-0.00415280601
-0.004730584603
-0.005228487239
-0.005664276229
-0.006049120274
-0.006394747158
-0.006711926453
-0.007009928504
-0.00729651378
-0.007577950908
-0.007859057414
-0.008143266567
-0.008432706891
-0.008728285009
-0.009029766813
-0.009335854602
-0.009644259695
-0.009951771532
-0.01025432531
-0.01054707094
-0.0108244466
-0.01108026036
-0.0113077834
-0.01149985838
-0.01164902599
-0.01174767261
-0.01178820114
-0.01176322661
-0.01166579623
-0.01148963546
-0.01122942351
-0.01088105737
-0.01044184885
-0.009910832881
-0.009289284412
-0.008580998247
-0.007792357219
-0.006932537186
-0.006013606921
-0.005050519651
-0.004060981713
-0.003065178603
-0.002085344187
-0.001145167428
-0.0002690420298
0.0005188217884
0.001195388669
0.001739841945
0.002134615039
0.002366335246
0.002426600887
0.002312517143
0.002026929554
0.001578318316
0.0009803462253
0.0002510542751
-0.0005882714352
-0.001513911314
-0.002499546249
-0.003526129061
-0.004616735026
-0.005644727966
-0.003748475511
-0.004506489153
-0.005226967861
-0.005813927997
-0.006321220952
-0.006767224529
-0.007163640071
-0.007522708478
-0.007855654586
-0.008172135486
-0.008480229415
-0.008786455822
-0.0090958199
-0.009411883812
-0.009736850054
-0.01007164688
-0.01041601032
-0.01076856017
-0.01112686939
-0.01148752813
-0.01184620452
-0.01219770549
-0.01253604126
-0.01285449745
-0.01314571911
-0.01340181057
-0.01361445516
-0.01377505836
-0.01387491749
-0.01390542022
-0.01385827312
-0.01372576199
-0.01350104803
-0.01317846671
-0.01275377664
-0.01222454677
-0.01159053081
-0.01085428394
-0.01002118343
-0.009099724656
-0.008101711624
-0.007042332327
-0.005940103067
-0.004816654556
-0.003696337009
-0.002605629698
-0.001572352291
-0.0006246908614
0.0002099295626
0.0009060734439
0.001441551507
0.001798616602
0.001964999616
0.00193468644
0.001708349057
0.001293370231
0.0007034368348
-4.231686505e-05
-0.000920595724
-0.00190492845
-0.002965597982
-0.004080816803
-0.005275733276
-0.006408285389
-0.004914937315
-0.005680263102
-0.006408406559
-0.007002845745
-0.007518341432
-0.007973807673
-0.008381436568
-0.008753945841
-0.009102989309
-0.009438595468
-0.00976915468
-0.01010143999
-0.01044065425
-0.0107905045
-0.0111532881
-0.0115299796
-0.01192031254
-0.01232285319
-0.01273506563
-0.01315336941
-0.01357319218
-0.01398902086
-0.01439445542
-0.01478226966
-0.01514448394
-0.01547245437
-0.01575698324
-0.01598845506
-0.01615700226
-0.01625270387
-0.01626581953
-0.01618706122
-0.01600790767
-0.01572094069
-0.0153201389
-0.01480132224
-0.01416246571
-0.01340455487
-0.01253162255
-0.01155113515
-0.01047428845
-0.009316185127
-0.00809587651
-0.00683623375
-0.005563615421
-0.004307306052
-0.003098711828
-0.001970316742
-0.0009544244591
-8.173704211e-05
0.0006201512923
0.001128242371
0.001425483238
0.001501848395
0.001355035403
0.0009906812779
0.0004220485326
-0.0003308582176
-0.001242733471
-0.002284149247
-0.003421608702
-0.004630203905
-0.005937266279
-0.007183466819
-0.006194373076
-0.006964231992
-0.007697612684
-0.008297836804
-0.008820335562
-0.009284472487
-0.009702883805
-0.01008872569
-0.01045405495
-0.01080925842
-0.01116303668
-0.01152242406
-0.01189283668
-0.01227814865
-0.01268077953
-0.01310178145
-0.01354091961
-0.01399674258
-0.01446664201
-0.01494690268
-0.01543274581
-0.01591836909
-0.01639698826
-0.01686088486
-0.01730146569
-0.01770933919
-0.01807441416
-0.01838602605
-0.01863309573
-0.01880432516
-0.01888843351
-0.01887443679
-0.01875197684
-0.01851169015
-0.01814555716
-0.01764737045
-0.0170130612
-0.01624167863
-0.01533554767
-0.01430071342
-0.01314736047
-0.01189011208
-0.01054819232
-0.009145410221
-0.00770992137
-0.00627372854
-0.004871893305
-0.003541448237
-0.002320023809
-0.001244235054
-0.0003479079581
0.0003397396734
0.0007958190529
0.001005231984
0.0009617130123
0.0006683173895
0.0001372663095
-0.0006109208366
-0.001549012585
-0.002644454344
-0.003859573126
-0.00516591276
-0.006593084151
-0.007962451338
-0.007586505492
-0.008358183997
-0.009094434464
-0.00969877966
-0.01022707404
-0.01069903711
-0.01112769824
-0.0115266124
-0.01190821478
-0.01228324091
-0.01266070478
-0.01304791572
-0.01345052552
-0.01387260455
-0.01431672906
-0.0147840672
-0.01527445693
-0.01578647187
-0.01631747452
-0.01686365773
-0.0174200774
-0.01798068039
-0.01853833235
-0.01908485099
-0.01961105055
-0.02010680332
-0.02056112442
-0.02096228572
-0.02129796474
-0.021555434
-0.02172179561
-0.02178426524
-0.02173051259
-0.02154905216
-0.0212296279
-0.0207637497
-0.02014509561
-0.01937034608
-0.01843974032
-0.01735747718
-0.0161322747
-0.01477781146
-0.01331303242
-0.01176227566
-0.01015516367
-0.008526205846
-0.006914066998
-0.005360473264
-0.003908752705
-0.002602043423
-0.001481245022
-0.0005828357684
6.327905061e-05
0.0004356903618
0.0005229717955
0.0003245404489
-0.0001492482859
-0.0008778881762
-0.001832426869
-0.002977073255
-0.004269580758
-0.005677480355
-0.007232732229
-0.008735143092
-0.009090316872
-0.00986123384
-0.01059809426
-0.01120495135
-0.01173783081
-0.01221670801
-0.01265495054
-0.01306647223
-0.01346406488
-0.01385880818
-0.01426003938
-0.01467536425
-0.01511070078
-0.01557035306
-0.01605709652
-0.01657226143
-0.01711580687
-0.01768638116
-0.01828136754
-0.01889691621
-0.01952796553
-0.02016825672
-0.020810347
-0.02144562703
-0.02206434892
-0.02265567124
-0.02320772779
-0.02370772674
-0.02414208684
-0.02449661719
-0.02475674633
-0.02490780637
-0.02493538005
-0.02482570951
-0.02456611405
-0.02414552962
-0.02355517165
-0.02278897407
-0.02184469086
-0.02072422336
-0.01943432532
-0.017987202
-0.01640098121
-0.0147000121
-0.01291492433
-0.01108237794
-0.009244438975
-0.007447529467
-0.005740925904
-0.004174818875
-0.002797997435
-0.001655281
-0.000784882025
-0.0002159337468
3.355327181e-05
-4.195049955e-05
-0.0004350299706
-0.001125938799
-0.002084372685
-0.003271289099
-0.004639491632
-0.006151998164
-0.007843168988
-0.009488778592
-0.01070407342
-0.01147184456
-0.0122072204
-0.01281506477
-0.01335132145
-0.013836116
-0.01428309603
-0.01470649553
-0.01511944583
-0.01553337355
-0.01595795794
-0.01640113247
-0.01686912187
-0.01736651113
-0.01789632655
-0.01846011497
-0.01905801256
-0.01968879877
-0.02034993369
-0.02103757994
-0.02174661177
-0.02247061583
-0.02320188884
-0.02393143837
-0.02464899331
-0.025343031
-0.02600082833
-0.02660854404
-0.02715133969
-0.02761354671
-0.02797888632
-0.02823074905
-0.02835254307
-0.02832811629
-0.02814220784
-0.0277809512
-0.02723280793
-0.02648869583
-0.02554347358
-0.02439628533
-0.02305139672
-0.02151896206
-0.01981567827
-0.01796528308
-0.01599882032
-0.01395458646
-0.01187767154
-0.009819016471
-0.007833930635
-0.005980053477
-0.004314800395
-0.002892405822
-0.001760756358
-0.0009582828288
-0.000511235206
-0.0004316776808
-0.0007165037545
-0.001347745129
-0.002294330994
-0.003514091061
-0.004954553226
-0.006573706744
-0.008408337296
-0.01020747685
-0.01242535223
-0.01318787734
-0.01391990401
-0.01452732887
-0.01506576391
-0.01555537403
-0.01601002627
-0.01644423922
-0.01687147395
-0.01730351684
-0.0177504198
-0.01822048776
-0.01872030516
-0.01925479679
-0.01982730211
-0.02043964823
-0.02109221237
-0.02178396822
-0.0225125145
-0.02327408619
-0.02406355124
-0.02487439713
-0.02569871273
-0.02652717196
-0.02734902609
-0.02815211217
-0.02892288526
-0.02964648232
-0.03030682583
-0.03088677529
-0.03136833455
-0.03173292238
-0.03196171643
-0.03203608087
-0.03193804206
-0.03165078086
-0.03115970979
-0.03045253323
-0.02952079205
-0.02836043925
-0.02697272664
-0.02536515192
-0.02355231036
-0.02155661477
-0.01940880275
-0.01714812982
-0.0148221396
-0.01248590282
-0.01020063323
-0.008031624504
-0.006045512602
-0.004306952061
-0.002874895669
-0.001798772998
-0.001114952989
-0.0008439208524
-0.0009885826422
-0.001534094676
-0.002449482983
-0.003689767656
-0.005196966938
-0.006923526843
-0.008908670533
-0.01087173109
-0.01425110764
-0.01500665843
-0.01573377732
-0.01633953296
-0.01687896366
-0.01737215887
-0.01783314353
-0.01827669104
-0.01871659312
-0.01916502269
-0.01963245056
-0.02012761298
-0.02065752262
-0.0212275171
-0.0218413237
-0.02250112403
-0.02320760861
-0.02396001508
-0.02475614747
-0.02559237679
-0.02646362532
-0.0273633392
-0.02828345464
-0.02921436447
-0.03014489229
-0.03106228186
-0.03195220988
-0.03279883046
-0.0335848599
-0.03429171045
-0.03489968202
-0.0353882199
-0.03573624965
-0.03592260206
-0.03592650028
-0.03572805974
-0.03530937034
-0.03465485304
-0.03375229559
-0.03259406657
-0.03117790197
-0.02950803617
-0.02759626095
-0.02546288316
-0.02313750335
-0.02065950271
-0.01807810789
-0.01545189481
-0.01284759796
-0.01033812041
-0.007999698536
-0.005908266927
-0.004135191054
-0.002742674638
-0.001779282432
-0.001276109962
-0.001244150678
-0.00167341904
-0.002534249052
-0.003779430694
-0.005345382676
-0.007178530626
-0.009320539277
-0.01145783349
-0.01617774696
-0.0169250791
-0.01764612282
-0.0182491599
-0.01878842663
-0.01928381925
-0.01974946001
-0.02020035677
-0.02065064804
-0.02111293895
-0.02159818598
-0.02211563722
-0.02267282137
-0.02327557926
-0.02392811523
-0.0246330513
-0.02539147256
-0.02620295659
-0.0270655835
-0.02797592613
-0.02892902272
-0.02991833602
-0.03093570461
-0.03197129314
-0.03301354874
-0.03404917177
-0.03506310929
-0.03603857969
-0.03695713785
-0.03779878977
-0.03854216616
-0.03916476425
-0.03964326866
-0.03995396669
-0.04007324355
-0.03997809555
-0.03964706181
-0.03906119858
-0.03820426213
-0.03706467638
-0.03563620174
-0.03391922999
-0.03192204873
-0.02966204241
-0.02716676259
-0.02447474791
-0.02163594584
-0.01871156745
-0.01577319784
-0.01290100021
-0.01018090211
-0.007700745145
-0.005545518833
-0.003791973168
-0.002503091239
-0.001723055122
-0.001473413936
-0.001751216284
-0.002529738697
-0.003760461684
-0.005374326574
-0.007311338549
-0.00961562291
-0.01193723069
-0.01820124943
-0.01893972008
-0.0196540113
-0.02025353026
-0.02079150253
-0.02128751252
-0.02175572322
-0.0222113709
-0.02266897849
-0.02314165429
-0.02364093418
-0.02417668484
-0.02475706303
-0.02538852406
-0.02607585585
-0.02682221999
-0.0276291868
-0.02849675578
-0.02942335681
-0.03040583095
-0.03143939251
-0.03251757621
-0.03363217494
-0.03477317491
-0.03592869566
-0.03708494323
-0.03822618492
-0.03933475479
-0.04039109897
-0.04137387045
-0.04226008328
-0.04302533575
-0.04364411356
-0.04409018949
-0.0443371212
-0.04435877565
-0.04413005141
-0.0436284814
-0.04283370153
-0.04172987084
-0.04030638946
-0.03855928781
-0.03649268653
-0.03412023644
-0.03146648768
-0.02856806991
-0.02547452366
-0.02224858898
-0.01896573074
-0.0157126766
-0.01258477671
-0.009682080211
-0.00710417093
-0.004944011826
-0.003281291935
-0.002175999759
-0.00166310418
-0.001749352729
-0.002413100532
-0.003605870749
-0.005253543225
-0.007289441095
-0.009760209046
-0.01227580394
-0.02031730266
-0.02104701569
-0.02175447849
-0.02234998299
-0.02288556248
-0.02338037258
-0.02384856871
-0.0243056309
-0.02476653368
-0.02524499333
-0.02575325377
-0.02630194048
-0.02689998021
-0.02755457935
-0.02827123601
-0.02905376541
-0.02990432368
-0.0308234195
-0.03180990771
-0.03286096224
-0.0339720296
-0.03513676608
-0.03634696408
-0.03759247425
-0.03886113105
-0.04013868998
-0.04140878538
-0.0426529177
-0.04385047988
-0.04497883253
-0.04601343801
-0.04692806357
-0.04769506426
-0.04828576241
-0.04867093688
-0.04882135028
-0.04870833101
-0.04830564705
-0.04758894916
-0.04653782555
-0.04513703939
-0.04337783482
-0.04125957918
-0.03879142876
-0.03599398964
-0.03290086855
-0.02955995109
-0.02603419558
-0.02240168444
-0.01875464633
-0.01519716985
-0.01184139503
-0.008802113422
-0.006189937341
-0.004103502633
-0.002621490815
-0.00179552444
-0.001645232648
-0.002156761248
-0.00328355911
-0.004947253454
-0.007074434754
-0.00971440806
-0.01243306991
-0.02252148833
-0.02324345325
-0.02394474147
-0.02453609682
-0.02506821477
-0.02555971138
-0.02602470125
-0.02647895443
-0.02693800474
-0.02741632622
-0.0279270445
-0.02848172605
-0.02909024638
-0.02976072984
-0.03049953457
-0.03131125982
-0.03219875798
-0.03316313858
-0.03420375608
-0.03531817766
-0.03650213084
-0.03774943373
-0.03905191289
-0.04039931525
-0.04177922184
-0.04317697166
-0.04457560457
-0.04595583242
-0.04729604793
-0.04857238125
-0.04975881433
-0.05082736349
-0.05174834077
-0.05249070997
-0.05302255555
-0.05331160938
-0.05332579569
-0.05303488333
-0.05241078112
-0.05142831688
-0.05006744304
-0.04831430693
-0.04616304717
-0.04361766053
-0.0406939312
-0.03742134348
-0.03384482274
-0.03002608587
-0.02604431632
-0.02199582018
-0.01799229243
-0.01415735433
-0.01062114555
-0.00751299282
-0.004952530497
-0.003040071353
-0.001847432456
-0.001410827491
-0.001727544595
-0.00275547628
-0.004413312261
-0.006621165846
-0.009431281187
-0.01236129756
-0.02480949796
-0.02552582391
-0.02622246694
-0.02680996043
-0.02733756452
-0.02782325777
-0.02828110551
-0.02872725846
-0.02917797267
-0.02964868871
-0.03015364534
-0.03070558463
-0.03131555418
-0.03199279874
-0.03274471262
-0.03357682687
-0.03449281006
-0.03549446669
-0.0365817224
-0.03775259026
-0.0390031166
-0.04032730824
-0.04171704563
-0.0431619883
-0.04464948012
-0.04616446292
-0.0476894074
-0.04920427057
-0.05068648942
-0.0521110206
-0.05345043626
-0.05467508658
-0.0557533393
-0.05665191056
-0.05733630753
-0.05777135568
-0.05792172821
-0.0577531675
-0.05723398011
-0.05633426775
-0.05502908936
-0.05329931436
-0.05113351608
-0.04853000349
-0.0454989808
-0.04206479257
-0.03826811771
-0.03416790054
-0.0298427219
-0.02539122367
-0.02093112995
-0.01659639178
-0.01253206213
-0.008886729023
-0.005802720534
-0.00340481587
-0.001788767379
-0.001011561844
-0.001085663394
-0.001976663067
-0.003602262769
-0.005876774138
-0.008855870888
-0.01200453329
-0.02717741091
-0.02789152791
-0.02858609849
-0.02917050018
-0.02969252417
-0.03016943747
-0.03061528738
-0.03104675889
-0.03148106788
-0.03193490753
-0.03242393428
-0.03296236497
-0.03356269586
-0.03423553542
-0.03498951898
-0.03583127476
-0.03676541518
-0.03779453348
-0.03891919112
-0.04013788787
-0.04144701108
-0.04284076507
-0.04431108443
-0.04584753743
-0.04743722693
-0.04906469754
-0.05071185786
-0.05235792741
-0.05397941772
-0.05555015752
-0.05704137198
-0.05842182651
-0.05965804514
-0.06071461616
-0.06155460608
-0.0621400814
-0.06243262589
-0.06239413036
-0.06198927027
-0.06118374311
-0.0599476632
-0.05825658979
-0.05609335417
-0.05345021753
-0.05033121415
-0.0467546801
-0.04275586375
-0.03838942833
-0.03373155596
-0.02888124417
-0.02396026883
-0.01911120998
-0.01449295099
-0.01027323352
-0.006618236465
-0.00367974685
-0.001581237285
-0.0004050598856
-0.0001835806667
-0.0008941732146
-0.002456273175
-0.004779621403
-0.007924123777
-0.01129752779
-0.0296220264
-0.03033895565
-0.03103526146
-0.03161787937
-0.03213318483
-0.03259770029
-0.0330255476
-0.03343418851
-0.03384213686
-0.03426772467
-0.03472842253
-0.03524029952
-0.03581763932
-0.03647270307
-0.03721560196
-0.03805424285
-0.03899431425
-0.04003928703
-0.04119041113
-0.04244669641
-0.04380487249
-0.04525932667
-0.04680202338
-0.0484224108
-0.05010732227
-0.05184088113
-0.05360441822
-0.05537641157
-0.05713245811
-0.05884528698
-0.06048482468
-0.06201832188
-0.06341055223
-0.06462409418
-0.06561971566
-0.06635687637
-0.06679423844
-0.06689022255
-0.06660561677
-0.06590230957
-0.06474546168
-0.06310542658
-0.06095927867
-0.05829305667
-0.05510423806
-0.05140448695
-0.04722261951
-0.04260763354
-0.03763153912
-0.03239158496
-0.02701131293
-0.021639726
-0.01644778106
-0.01162150433
-0.007351366118
-0.003818191897
-0.001176799561
0.0004602348173
0.001035259659
0.0005541351461
-0.0009079444721
-0.003258095211
-0.006561691422
-0.01016454782
-0.03214128787
-0.03286796137
-0.0335712645
-0.03415398695
-0.03466126181
-0.03510890198
-0.03551128997
-0.03588703137
-0.0362564105
-0.03663991347
-0.03705733531
-0.03752706814
-0.03806559264
-0.03868716032
-0.03940362217
-0.04022435746
-0.04115626178
-0.04220376112
-0.04336882734
-0.04465097968
-0.04604726369
-0.04755220592
-0.04915774639
-0.05085315463
-0.05262493685
-0.0544567431
-0.05632928401
-0.05822026688
-0.060104361
-0.06195320218
-0.06373544608
-0.06541688054
-0.06696060662
-0.06832729875
-0.06947556084
-0.07036239874
-0.07094373276
-0.07117489273
-0.07101265576
-0.07041558871
-0.06934407121
-0.06776345575
-0.06564519011
-0.06296910035
-0.05972593975
-0.05592028152
-0.05157375731
-0.04672853653
-0.04145083085
-0.03583405155
-0.03000104786
-0.02410463599
-0.01832545109
-0.01286611771
-0.007940969121
-0.003761163422
-0.0005160833217
0.001646543256
0.002637828368
0.002440944546
0.001121025466
-0.001229258134
-0.004682582808
-0.008518055918
-0.03473481181
-0.03548046519
-0.03619773111
-0.03678304232
-0.03728063299
-0.03770575147
-0.03807336737
-0.0384037709
-0.03871966792
-0.03904437814
-0.03940067046
-0.03980983953
-0.04029105023
-0.04086093138
-0.04153336224
-0.04231939316
-0.04322724766
-0.04426236309
-0.04542743846
-0.04672246859
-0.04814475357
-0.04968887948
-0.05134667217
-0.05310712949
-0.0549563399
-0.05687739672
-0.05885031816
-0.06085198321
-0.06285609358
-0.06483317204
-0.06675060663
-0.06857275056
-0.07026108769
-0.07177447334
-0.07306946409
-0.07410075877
-0.07482171652
-0.0751848279
-0.07514301868
-0.07465181115
-0.07366712173
-0.07214957509
-0.07006524802
-0.06738793099
-0.06410169983
-0.06020387771
-0.05570845274
-0.05064990382
-0.04508728266
-0.03910824184
-0.0328324754
-0.02641375672
-0.02003947198
-0.01392635624
-0.008311207935
-0.003435866247
0.0004731784123
0.003228303416
0.00470302239
0.004850970568
0.003721348409
0.001402679301
-0.002187638659
-0.006257220013
-0.0374045779
-0.03818122698
-0.03892140403
-0.03951235203
-0.03999799549
-0.0403933377
-0.04071447023
-0.04098414919
-0.04122838852
-0.04147422784
-0.04174822599
-0.04207528249
-0.04247781479
-0.04297526048
-0.04358383065
-0.04431643789
-0.04518273078
-0.04618918014
-0.04733917665
-0.04863311356
-0.05006843985
-0.05163967831
-0.05333840957
-0.05515322791
-0.05706967711
-0.05907017645
-0.06113394781
-0.06323695425
-0.06535186123
-0.06744803101
-0.06949155976
-0.07144536702
-0.07326934736
-0.07492059416
-0.07635370623
-0.0775211992
-0.07837402075
-0.0788620153
-0.07893462537
-0.07854422956
-0.07764293497
-0.07618683078
-0.07413697699
-0.07146144219
-0.06813785803
-0.06415638585
-0.05952321748
-0.05426462914
-0.04843151046
-0.04210414461
-0.03539678801
-0.02846126998
-0.02148844539
-0.01470597143
-0.008370723231
-0.002754462439
0.001877617625
0.005293742133
0.0073232777
0.007882610751
0.006997848352
0.004748121063
0.001037233053
-0.003266207001
-0.04015583266
-0.04097886152
-0.04175318696
-0.04235326961
-0.04282367523
-0.04317975489
-0.04343956303
-0.04362943411
-0.04377988399
-0.04392281502
-0.04408958697
-0.04430953989
-0.0446089902
-0.04501064847
-0.04553335924
-0.04619206193
-0.04699788484
-0.04795830257
-0.04907730629
-0.05035555427
-0.05179048459
-0.05337638299
-0.05510440702
-0.05696257289
-0.05893571411
-0.06100542337
-0.06314998998
-0.0653443434
-0.06756001539
-0.06976513221
-0.07192444599
-0.07399941479
-0.07594834165
-0.07772658335
-0.07928683688
-0.08057952337
-0.08155328419
-0.08215545643
-0.08233252871
-0.08203330639
-0.08120690834
-0.07980505704
-0.07778418985
-0.07510704995
-0.07174519621
-0.06768192368
-0.06291575912
-0.05746462283
-0.05137065464
-0.04470558114
-0.03757629319
-0.03012995209
-0.02255747909
-0.01509375475
-0.00801243113
-0.001613247428
0.003799488451
0.007946400059
0.01060626029
0.01164976811
0.01107141574
0.008934139539
0.00512313183
0.0005878265959
-0.04299831039
-0.04388719286
-0.04470951375
-0.04532242886
-0.0457726361
-0.04607685039
-0.04625637586
-0.04634268959
-0.04637239994
-0.04638372669
-0.04641406214
-0.04649815838
-0.04666694198
-0.04694687077
-0.0473596955
-0.04792249299
-0.04864785778
-0.04954416453
-0.0506158395
-0.05186360185
-0.05328465371
-0.05487281161
-0.05661858024
-0.05850917786
-0.06052852241
-0.06265719244
-0.0648723773
-0.0671478265
-0.06945381352
-0.07175712692
-0.07402109621
-0.07620566251
-0.07826750505
-0.08016023653
-0.08183467167
-0.08323918599
-0.08432018485
-0.08502259701
-0.0852902904
-0.08506839403
-0.08430345776
-0.08294311
-0.08093954558
-0.07825060218
-0.07484221348
-0.07069124862
-0.06578892817
-0.06014498559
-0.05379264091
-0.04679436182
-0.03924823562
-0.0312944211
-0.02312065013
-0.01496508531
-0.00711413498
0.0001075806436
0.006357569303
0.01130652102
0.014676605
0.01628386762
0.01608126947
0.01410694022
0.01022068404
0.005457163698
-0.04594790691
-0.04692709258
-0.04781417495
-0.04844334843
-0.0488657502
-0.04910112494
-0.04917595695
-0.04912904105
-0.04900517281
-0.04885071377
-0.04871055841
-0.04862596685
-0.04863322274
-0.04876297763
-0.0490400924
-0.04948380013
-0.05010804679
-0.05092190193
-0.05192996569
-0.05313272715
-0.05452685126
-0.0561053875
-0.05785790243
-0.05977054991
-0.06182608793
-0.06400386017
-0.06627976037
-0.06862618622
-0.071012004
-0.07340253831
-0.07575959475
-0.07804152036
-0.08020331171
-0.08219679964
-0.08397090118
-0.08547195528
-0.08664416539
-0.08743010964
-0.08777116126
-0.08760890925
-0.08688745758
-0.08555060157
-0.08354662101
-0.08082884121
-0.07735802522
-0.07310512018
-0.06805454017
-0.06220824542
-0.0555907325
-0.04825498782
-0.04028941472
-0.03182538744
-0.02304459588
-0.01418461529
-0.005540161929
0.002543341159
0.009687526693
0.01551218398
0.01967765299
0.02193609595
0.02218763607
0.02043487431
0.01650317938
0.01151657458
-0.04902902455
-0.05012901664
-0.05110078768
-0.05174854176
-0.05213140864
-0.05227481909
-0.05221328846
-0.05199592031
-0.05167842012
-0.05131753783
-0.05096737759
-0.05067689395
-0.05048845811
-0.05043727587
-0.05055139703
-0.05085208808
-0.05135438895
-0.05206772497
-0.05299648922
-0.05414054637
-0.05549563623
-0.05705367264
-0.05880294086
-0.06072821792
-0.06281081904
-0.06502859984
-0.06735594071
-0.06976369805
-0.07221916091
-0.07468603986
-0.07712450199
-0.07949121401
-0.0817394105
-0.08381907838
-0.08567719217
-0.08725802811
-0.08850358192
-0.08935408441
-0.0897484392
-0.08962490584
-0.08892496581
-0.08758890983
-0.0855612861
-0.08279123212
-0.07923472395
-0.0748572397
-0.06963691217
-0.06356848941
-0.05666820414
-0.04897973927
-0.04058147844
-0.03159486306
-0.02219328777
-0.01261025078
-0.003144260154
0.005843214007
0.01394149724
0.02072000402
0.0257731131
0.02877989104
0.02957496588
0.02811224352
0.02417062182
0.01896727117
-0.0522779133
-0.05353655615
-0.05461617454
-0.05528231451
-0.05560757147
-0.05562721818
-0.05538795518
-0.05495325836
-0.0543932265
-0.05377770103
-0.05317190892
-0.05263370651
-0.05221218208
-0.05194728552
-0.05187013305
-0.05200369653
-0.05236366013
-0.05295929539
-0.05379426251
-0.0548672884
-0.05617270441
-0.05770084519
-0.05943830845
-0.06136813745
-0.06346988604
-0.06571963596
-0.06809003235
-0.07055020227
-0.07306568641
-0.07559847845
-0.07810699893
-0.0805460613
-0.08286701572
-0.08501791475
-0.0869437151
-0.08858656566
-0.08988619952
-0.09078043431
-0.09120562803
-0.09109708289
-0.09039316969
-0.08903135722
-0.08695222914
-0.08410092204
-0.08042885672
-0.07589637757
-0.07047578261
-0.06415514902
-0.0569429683
-0.04887402475
-0.04001681149
-0.03048230311
-0.02043404624
-0.01009859668
0.000225968623
0.01016716681
0.01928655429
0.02710514327
0.03314851279
0.03701370685
0.03845588588
0.03736421062
0.03345510624
0.02804223664
-0.05574751512
-0.05721148143
-0.05842503513
-0.05910449309
-0.05934437041
-0.05919619455
-0.05872482734
-0.05801356148
-0.05715125714
-0.05622399886
-0.05531016922
-0.05447763266
-0.05378259443
-0.05326964951
-0.0529725576
-0.05291538517
-0.05311376157
-0.05357608557
-0.0543045895
-0.05529621558
-0.05654329634
-0.05803406644
-0.05975295841
-0.06168090539
-0.06379543379
-0.06607062448
-0.06847713781
-0.07098209233
-0.07354906137
-0.07613807828
-0.07870564065
-0.0812046901
-0.08358465068
-0.08579157486
-0.08776833491
-0.08945489045
-0.09078865341
-0.09170496633
-0.09213759171
-0.09201906032
-0.09128369829
-0.08986630448
-0.08770364409
-0.08473683191
-0.08091287198
-0.07618779
-0.07052844869
-0.06391601245
-0.05635164386
-0.04786163918
-0.03850485598
-0.02838167011
-0.01764490716
-0.006512088539
0.004722759346
0.01568102538
0.02590158907
0.0348602331
0.04201220445
0.04686403599
0.04907610809
0.04845331636
0.04462819354
0.03901364713
-0.05951461627
-0.06124099967
-0.06261645738
-0.06329539932
-0.06340737804
-0.06302996172
-0.06225465697
-0.06119174238
-0.05995417179
-0.05864778467
-0.05736609925
-0.0561877959
-0.05517617991
-0.05437994481
-0.05383464581
-0.05356445927
-0.0535839494
-0.05389967457
-0.05451155097
-0.05541393945
-0.05659646307
-0.05804470236
-0.05974054086
-0.06166242913
-0.06378540101
-0.06608107862
-0.06851783938
-0.07106068286
-0.07367112968
-0.07630719286
-0.07892334242
-0.08147048675
-0.08389600943
-0.08614387278
-0.08815478159
-0.08986642397
-0.09121380668
-0.09212970451
-0.09254516756
-0.09238991113
-0.09159447215
-0.09009072178
-0.08781134326
-0.08469339871
-0.08067930794
-0.07571943034
-0.06977496301
-0.06282119815
-0.05485333973
-0.0458896307
-0.03597833167
-0.02520910217
-0.01372335823
-0.001728098888
0.01048953051
0.02254908844
0.03397193654
0.0441925856
0.0525954984
0.05858858527
0.06172059664
0.06168827781
0.05801127068
0.05220355644
-0.06369060852
-0.06574834483
-0.06731305329
-0.06796245916
-0.06788161431
-0.0671889124
-0.06601436282
-0.06450445603
-0.06280250391
-0.06103774207
-0.05932044647
-0.0577403196
-0.05636707101
-0.05525229235
-0.05443191074
-0.05392875154
-0.05375492774
-0.05391390128
-0.05440216933
-0.05521057593
-0.05632536032
-0.05772886534
-0.05939978266
-0.06131345766
-0.06344211835
-0.06575483216
-0.0682175032
-0.07079277814
-0.0734399497
-0.07611487565
-0.07876990889
-0.08135385706
-0.08381199274
-0.08608612183
-0.08811471611
-0.089833123
-0.09117386743
-0.09206706623
-0.09244093202
-0.0922222
-0.09133755166
-0.08971560645
-0.08728476468
-0.08397776243
-0.07973225649
-0.07449331181
-0.0682161905
-0.06086957183
-0.05243988779
-0.04293653015
-0.03240044145
-0.02091095444
-0.008595984819
0.004349955805
0.01764935006
0.03092344951
0.04368076833
0.05531872273
0.0651511652
0.07247928164
0.07672126852
0.07743607398
0.07399048326
0.06799974035
-0.06843804394
-0.07090843539
-0.07268382006
-0.0732488699
-0.07287621868
-0.07174718689
-0.07004653772
-0.06796846652
-0.06569357662
-0.06337780016
-0.06114893108
-0.05910685107
-0.05732594397
-0.05585858631
-0.0547389029
-0.05398632085
-0.05360867387
-0.05360475074
-0.05396636918
-0.05467987279
-0.05572727048
-0.05708681384
-0.05873341499
-0.06063905088
-0.06277282132
-0.06510093433
-0.06758663775
-0.07019009727
-0.07286826601
-0.0755747615
-0.07825976034
-0.08086992525
-0.08334837931
-0.08563473738
-0.087665203
-0.08937274208
-0.09068734641
-0.09153640723
-0.09184519876
-0.091537324
-0.09053556231
-0.08876491773
-0.0861492294
-0.08261650654
-0.07809911921
-0.07253621982
-0.06587644959
-0.05808112442
-0.04912832565
-0.03901800214
-0.02777882872
-0.01547680198
-0.002230138557
0.01177978816
0.02629038566
0.04092909078
0.05519583456
0.0684546943
0.07994897778
0.08886435905
0.09446643342
0.09613865234
0.09303865225
0.086879885
-0.07399673436
-0.07697135687
-0.07896223655
-0.07934466534
-0.07852935679
-0.07679316075
-0.07439726023
-0.07159717407
-0.06861769839
-0.06564356257
-0.0628191829
-0.06025208969
-0.05801810967
-0.05616706454
-0.05472815668
-0.05371466458
-0.05312782255
-0.05295993041
-0.05319667908
-0.05381875448
-0.05480285723
-0.05612245301
-0.05774825977
-0.05964847696
-0.06178881101
-0.06413240777
-0.06663972378
-0.06926835537
-0.0719728586
-0.07470457918
-0.07741150463
-0.08003815148
-0.08252549952
-0.08481098297
-0.08682854723
-0.0885087813
-0.08977913758
-0.09056425789
-0.09078641863
-0.09036597372
-0.08922180723
-0.08727493139
-0.08444433349
-0.08065284531
-0.07582694629
-0.06989907313
-0.0628102258
-0.05451301478
-0.04497553846
-0.0341863154
-0.02216087501
-0.008950502672
0.005345180012
0.02056207597
0.0364480712
0.05264430145
0.06864986803
0.08379983455
0.0972660022
0.1081079024
0.1154116783
0.1183359195
0.1157478997
0.1094494639
-0.08072610314
-0.08429807032
-0.08647153049
-0.0865000988
-0.08501211538
-0.08242714233
-0.07911047564
-0.07539375581
-0.07155135281
-0.06779622224
-0.06428564473
-0.06112969657
-0.05840031778
-0.05613984007
-0.05436826931
-0.05308917837
-0.05229445743
-0.05196784608
-0.05208724015
-0.05262623323
-0.0535553239
-0.05484262348
-0.05645419444
-0.05835415324
-0.06050461563
-0.06286554499
-0.0653945442
-0.06804661833
-0.07077393473
-0.07352559839
-0.07624745516
-0.07888193374
-0.08136793633
-0.08364078652
-0.08563224223
-0.08727058269
-0.08848077938
-0.08918476721
-0.08930183292
-0.08874902926
-0.08744144767
-0.08529570156
-0.08222576055
-0.07814880706
-0.07298479048
-0.06665852267
-0.05910210889
-0.05025775813
-0.04008136077
-0.02854712902
-0.01565386201
-0.001433550786
0.01403627725
0.03061549895
0.04807742256
0.06607481455
0.08411342129
0.1015108476
0.1173677536
0.1306035859
0.1400908833
0.144696952
0.1428789548
0.1365028769
-0.08917613443
-0.09341545728
-0.09565927805
-0.09504005287
-0.09252841681
-0.08875288052
-0.08421579308
-0.07933828789
-0.07444531903
-0.06977241236
-0.06548131349
-0.06167577732
-0.05841568038
-0.05572893185
-0.053620746
-0.05208068111
-0.0510882048
-0.05061602325
-0.05063220163
-0.05110209224
-0.05198924316
-0.05325587913
-0.05486305888
-0.05677062447
-0.05893701303
-0.06131898858
-0.06387133421
-0.06654653209
-0.06929445304
-0.07206207075
-0.07479321114
-0.07742834578
-0.0799044366
-0.08215483869
-0.08410926739
-0.0856938369
-0.08683117821
-0.08744064952
-0.08743865425
-0.08673899996
-0.08525310434
-0.08289296613
-0.07956748253
-0.07518777405
-0.0696666673
-0.06292043286
-0.05487092189
-0.04544800561
-0.03459269689
-0.02226127892
-0.008430989683
0.006891874747
0.02365996451
0.04176720434
0.06102266176
0.08111287304
0.1015571112
0.1216629969
0.1404741848
0.1567564943
0.1691241144
0.176062019
0.1754377205
0.1691262665
-0.100209914
-0.1051019057
-0.1071427317
-0.105375174
-0.1013045188
-0.09585644813
-0.08970424864
-0.08336466216
-0.07720472592
-0.07146796496
-0.06630499827
-0.06179907141
-0.05798611831
-0.05487051356
-0.05243567418
-0.05065232708
-0.04948371354
-0.04888856238
-0.0488236805
-0.04924515938
-0.05010895012
-0.0513710309
-0.05298730122
-0.05491330886
-0.05710387943
-0.0595127003
-0.06209189309
-0.0647915973
-0.06755958099
-0.07034088904
-0.0730775364
-0.07570825162
-0.07816827554
-0.08038921904
-0.08229898424
-0.08382175363
-0.08487805284
-0.08538489593
-0.08525602451
-0.08440218847
-0.08273129691
-0.08015083923
-0.07656460318
-0.07187747956
-0.06599473011
-0.05882330391
-0.05027352704
-0.04026098248
-0.02870893482
-0.015551621
-0.0007389432489
0.01575649937
0.0339284353
0.05371959128
0.07499435952
0.09749685591
0.1207918759
0.1441932113
0.166703106
0.1869423543
0.203213866
0.213494048
0.2147906337
0.2088715254
-0.1152207406
-0.1205202129
-0.1217618985
-0.1179980502
-0.1115547435
-0.1037608371
-0.0954832314
-0.0873213126
-0.07965733167
-0.07271340452
-0.06660285149
-0.06136719298
-0.05700251664
-0.05347797155
-0.05074716703
-0.04875589828
-0.04744714037
-0.04676371129
-0.04664979882
-0.04705150752
-0.04791688158
-0.0491956131
-0.05083856813
-0.05279722269
-0.05502306661
-0.05746701269
-0.06007883376
-0.06280664104
-0.06559641177
-0.0683915707
-0.07113262789
-0.07375687452
-0.07619813773
-0.07838659617
-0.08024865728
-0.08170689876
-0.08268007606
-0.08308320122
-0.08282769738
-0.08182158441
-0.07996960316
-0.07717497276
-0.0733365993
-0.06835324171
-0.06212242973
-0.05454132194
-0.04550777931
-0.03492146099
-0.02268524491
-0.008707244577
0.007096096767
0.02479491146
0.04443713581
0.06603322031
0.0895296936
0.114764835
0.1413985304
0.1688104174
0.1959830469
0.2214261507
0.2431058524
0.2583192459
0.2628162345
0.2580336561
-0.1365382443
-0.141425098
-0.1406232613
-0.1334351451
-0.1233963038
-0.112335823
-0.1012972185
-0.09090788225
-0.0815058059
-0.07323916096
-0.06614395314
-0.060190765
-0.05531494145
-0.05143628383
-0.04846882572
-0.04632819906
-0.04493425238
-0.04421228534
-0.04409320795
-0.04451306452
-0.0454122544
-0.04673462367
-0.04842652682
-0.05043591611
-0.05271148841
-0.05520190399
-0.05785508191
-0.06061757262
-0.06343400536
-0.06624660737
-0.06899479171
-0.07161481093
-0.07403947392
-0.07619792456
-0.07801548034
-0.07941353024
-0.08030949072
-0.08061682
-0.0802450878
-0.07910005681
-0.07708380583
-0.07409565818
-0.07003027785
-0.06478063248
-0.058236752
-0.0502860325
-0.04081353251
-0.02970206662
-0.01683229465
-0.002082964087
0.0146683529
0.03354326046
0.05465772582
0.07811150331
0.1039664541
0.1322048241
0.1626541665
0.1948615426
0.2279066009
0.2602112948
0.2894709376
0.312135563
0.3221455838
0.3201636532
-0.1682595074
-0.1704958039
-0.1650900437
-0.1520958907
-0.1366661614
-0.1211316951
-0.1065960044
-0.09357842575
-0.08226052582
-0.07263410505
-0.06459795856
-0.05801287153
-0.05272773722
-0.04859849555
-0.04549260706
-0.04329159711
-0.04189075942
-0.04119777926
-0.04113093421
-0.0416171991
-0.04259043791
-0.04398975693
-0.04575804193
-0.04784067585
-0.05018442373
-0.05273646588
-0.05544356247
-0.05825133209
-0.06110363168
-0.06394202515
-0.06670533259
-0.06932925157
-0.07174604574
-0.07388429474
-0.07566870251
-0.07701995869
-0.07785465021
-0.07808521728
-0.07761994537
-0.07636294252
-0.07421424278
-0.07106996
-0.06682138529
-0.06135638118
-0.05455820185
-0.04630516419
-0.03647005556
-0.02491906649
-0.01151027672
0.003908339484
0.02150130957
0.04144806205
0.06394424807
0.08919951185
0.1174265014
0.1488109816
0.1834449734
0.2211929657
0.2614491905
0.3027776816
0.3426736861
0.3768127337
0.3967443432
0.4013937469
-0.2177545946
-0.2117791565
-0.1966346889
-0.1739462923
-0.1505930178
-0.1291140308
-0.110345886
-0.09442768968
-0.08118492604
-0.07032631255
-0.06153340759
-0.05451270283
-0.04900639509
-0.04479599216
-0.04169863023
-0.03956192551
-0.03825850082
-0.03768097016
-0.03773763666
-0.03834890457
-0.03944433058
-0.04096021332
-0.04283762122
-0.04502077237
-0.04745569526
-0.05008911417
-0.05286751567
-0.05573636262
-0.05863943044
-0.06151824612
-0.0643116155
-0.0669552276
-0.06938132694
-0.07151844707
-0.07329119833
-0.07462010381
-0.07542147599
-0.07560732608
-0.07508528974
-0.07375851034
-0.07152570614
-0.06828077996
-0.06391260783
-0.05830503689
-0.05133580287
-0.04287557595
-0.03278647106
-0.02091978157
-0.007112744247
0.008815963419
0.02707231841
0.0478948707
0.07156436093
0.09841392887
0.1288364215
0.1632800798
0.2022132784
0.2460183588
0.294741257
0.3476180413
0.4024032592
0.4542312862
0.4921706337
0.5121500356
-0.2971981263
-0.2706420879
-0.2360614036
-0.1977132636
-0.1631831953
-0.1342844149
-0.110853254
-0.09214531056
-0.07731506307
-0.06562434073
-0.05646594366
-0.04935840978
-0.04392631191
-0.03987831823
-0.03698718455
-0.0350739049
-0.03399549758
-0.03363573321
-0.03389816822
-0.0347009103
-0.03597265679
-0.03764966705
-0.03967341756
-0.04198876117
-0.04454245889
-0.04728199379
-0.05015459851
-0.05310645134
-0.05608200439
-0.05902342163
-0.06187010624
-0.06455830645
-0.06702078663
-0.06918655811
-0.07098065854
-0.07232397516
-0.07313309926
-0.07332020394
-0.07279292027
-0.07145414078
-0.06920205552
-0.06592955144
-0.06152408189
-0.05586689828
-0.04883196637
-0.04028447371
-0.03007857516
-0.01805406776
-0.004031574803
0.01219436568
0.03086514437
0.05227195304
0.07677503556
0.1048296698
0.1370193812
0.1740936198
0.2169976506
0.2668577272
0.3248335089
0.3916823207
0.4666897601
0.5448372596
0.6125356903
0.6632394564
-0.4315551094
-0.3528518224
-0.2795788501
-0.217910063
-0.169486369
-0.1328140694
-0.1054239996
-0.08491677974
-0.06946181734
-0.05776878257
-0.04891811465
-0.0422527523
-0.03730362122
-0.03373178894
-0.03128749527
-0.02978275698
-0.02907271431
-0.02904274514
-0.02959953646
-0.03066482259
-0.03217091071
-0.03405741685
-0.03626883506
-0.03875268454
-0.04145806731
-0.04433452018
-0.0473310861
-0.0503955497
-0.05347380287
-0.05650931251
-0.05944267467
-0.06221123944
-0.06474879882
-0.06698532662
-0.0688467649
-0.0702548457
-0.07112694091
-0.07137592422
-0.0709100193
-0.06963256804
-0.0674420554
-0.06423151169
-0.05988801106
-0.05429186747
-0.04731541596
-0.03882116659
-0.02865907448
-0.01666251782
-0.002642397642
0.01362151885
0.03239333148
0.05399982577
0.07885842699
0.1075188651
0.1407251223
0.1795061198
0.225302485
0.280123837
0.3466918379
0.4284089941
0.5283137894
0.6442930639
0.7623248553
0.8741842971
-0.7298109899
-0.4687089238
-0.308826943
-0.2183658422
-0.1579919986
-0.1168244416
-0.08896839049
-0.06953752936
-0.0555828236
-0.04542077754
-0.03797541486
-0.03253570154
-0.02863187147
-0.02594453007
-0.02424804092
-0.02337757653
-0.02320855569
-0.02364330266
-0.02460234705
-0.0260186299
-0.0278335179
-0.02999397571
-0.03245049833
-0.0351555513
-0.03806235843
-0.04112393433
-0.04429229503
-0.04751780247
-0.05074861372
-0.05393021465
-0.05700502459
-0.05991206162
-0.06258666105
-0.0649602403
-0.06696010355
-0.06850927868
-0.06952637686
-0.06992546001
-0.06961587898
-0.06850218972
-0.06648397189
-0.06345527235
-0.05930411297
-0.05391171348
-0.04715124433
-0.03888594797
-0.02896636297
-0.01722622097
-0.003476379838
0.01250418491
0.03098187773
0.05228898547
0.07685537774
0.1052585648
0.1383045638
0.1771613877
0.2235827887
0.2802860258
0.3515919093
0.4444139805
0.5689294341
0.7377820392
0.9731744327
1.30039588
-1.424205844
-0.6447413885
-0.3283390742
-0.2086554958
-0.1359340965
-0.09123706682
-0.06517286367
-0.04884573676
-0.03788643119
-0.03032719469
-0.02504162745
-0.02135172816
-0.01885762133
-0.01731064877
-0.01654439568
-0.01644091785
-0.01691186478
-0.01788722995
-0.0193086488
-0.02112525516
-0.02329095934
-0.02576256138
-0.0284983757
-0.03145717831
-0.03459736558
-0.03787625967
-0.04124952066
-0.04467064122
-0.04809050824
-0.05145702194
-0.05471476548
-0.05780472096
-0.06066402761
-0.06322577901
-0.06541885475
-0.06716778143
-0.06839261463
-0.06900882968
-0.06892723106
-0.06805384848
-0.06628969915
-0.06353043612
-0.05966591177
-0.05457947748
-0.04814688247
-0.04023461566
-0.03069744204
-0.01937475281
-0.006085156635
0.009381581574
0.02727670999
0.04791123947
0.07168566958
0.09913888218
0.1310321847
0.1685009797
0.2133420713
0.2685854215
0.3397013171
0.437153497
0.5807297602
0.8098002115
1.249131039
2.169590804
)
;

boundaryField
{
    movingWall
    {
        type            zeroGradient;
    }
    fixedWalls
    {
        type            zeroGradient;
    }
    frontAndBack
    {
        type            empty;
    }
}


// ************************************************************************* //
