/*--------------------------------*- C++ -*----------------------------------*\
  =========                 |
  \\      /  F ield         | OpenFOAM: The Open Source CFD Toolbox
   \\    /   O peration     | Website:  https://openfoam.org
    \\  /    A nd           | Version:  11
     \\/     M anipulation  |
\*---------------------------------------------------------------------------*/
FoamFile
{
    format      ascii;
    class       volScalarField;
    location    "600";
    object      p;
}
// * * * * * * * * * * * * * * * * * * * * * * * * * * * * * * * * * * * * * //

dimensions      [0 2 -2 0 0 0 0];

internalField   nonuniform List<scalar> 
4096
(
3.732134438e-08
-3.415935389e-05
-0.0001445228213
-0.0003235150824
-0.000546545454
-0.0007934621104
-0.001048042382
-0.001297392975
-0.001531623504
-0.001743358937
-0.001927229194
-0.002079417353
-0.002197279666
-0.002279035664
-0.002323523048
-0.002330010658
-0.002298062493
-0.002227446006
-0.002118078204
-0.001970003519
-0.001783397724
-0.001558592551
-0.001296115953
-0.0009967433088
-0.0006615550937
-0.0002919968754
0.0001100623339
0.0005422770027
0.00100178077
0.001485154023
0.001988406261
0.002506975729
0.003035749003
0.003569100933
0.004100954381
0.004624863857
0.005134122158
0.005621886407
0.006081321906
0.006505760459
0.006888868964
0.007224823265
0.007508481718
0.007735552501
0.007902748703
0.008007925414
0.008050193739
0.008030007575
0.007949220354
0.007811110515
0.007620376282
0.007383102133
0.007106701085
0.006799838233
0.006472341447
0.006135103949
0.005799977978
0.005479651669
0.005187474541
0.004937109311
0.004741827109
0.004613788027
0.004562477936
0.004572286495
3.397072185e-05
-4.49775281e-07
-9.67769298e-05
-0.0002504830831
-0.0004417465829
-0.000654183237
-0.0008743419839
-0.001091175441
-0.001295906595
-0.00148176277
-0.001643637803
-0.001777763735
-0.001881417814
-0.001952672765
-0.001990192387
-0.001993071091
-0.001960714207
-0.001892754923
-0.001789003438
-0.001649423653
-0.001474132897
-0.001263420174
-0.001017778647
-0.0007379482158
-0.0004249642729
-8.020884793e-05
0.0002945393706
0.0006970595457
0.00112465086
0.001574105311
0.002041693718
0.002523167348
0.003013778052
0.003508316697
0.004001168664
0.004486392098
0.004957817334
0.005409163533
0.005834171531
0.006226749818
0.006581129682
0.00689202491
0.007154790835
0.007365577254
0.007521469612
0.007620613134
0.007662315132
0.007647121601
0.0075768654
0.007454684693
0.007285011845
0.007073534465
0.006827131568
0.006553788632
0.00626249518
0.005963126816
0.005666310108
0.005383260502
0.005125565167
0.00490481504
0.004732014999
0.004617552845
0.004571623897
0.004581860348
0.0001448884236
9.528888809e-05
-2.063031341e-06
-0.0001428098999
-0.0003126806188
-0.0004992292341
-0.0006918090354
-0.0008813816226
-0.00106052731
-0.001223336141
-0.001365211939
-0.001482653644
-0.001573043638
-0.001634457267
-0.001665500744
-0.00166518012
-0.001632801212
-0.001567898737
-0.001470191915
-0.001339563348
-0.001176057668
-0.0009798963822
-0.0007515053361
-0.00049155129
-0.0002009841772
0.0001189182506
0.0004665065816
0.0008397197456
0.001236051766
0.001652527973
0.002085693103
0.00253161353
0.00298589701
0.003443728722
0.003899922138
0.004348992151
0.004785248009
0.005202901702
0.005596191569
0.005959518156
0.0062875886
0.00657556514
0.006819212863
0.007015041412
0.007160435322
0.007253767866
0.007294493777
0.007283217052
0.007221731098
0.007113029735
0.006961288923
0.006771820363
0.006550999184
0.006306168482
0.006045523289
0.005777975041
0.005512994985
0.005260431768
0.005030287136
0.004832379962
0.004675889526
0.004569806755
0.004524867217
0.004531425378
0.0003268734504
0.0002496104786
0.000136106051
-6.579328626e-06
-0.0001695659591
-0.0003436050783
-0.0005203605543
-0.0006926469123
-0.0008544476865
-0.001000866929
-0.001128017205
-0.001232874118
-0.001313124118
-0.001367021244
-0.001393261525
-0.001390879415
-0.001359167808
-0.001297621303
-0.001205901202
-0.001083820021
-0.0009313428829
-0.0007486029266
-0.0005359277848
-0.0002938741386
-2.326740116e-05
0.0002747563941
0.0005987093427
0.0009467138427
0.001316470872
0.001705236938
0.002109811983
0.00252654044
0.002951329597
0.003379682827
0.00380674507
0.004227371838
0.004636217598
0.005027838475
0.00539680992
0.005737856499
0.006045990145
0.006316652586
0.006545857104
0.006730324401
0.006867607194
0.006956198396
0.006995618131
0.006986475682
0.00693050344
0.006830561207
0.006690610465
0.006515659556
0.006311681772
0.006085509079
0.005844704309
0.005597414
0.005352202854
0.005117870703
0.004903247458
0.004716920226
0.004566916715
0.004461294947
0.004410135635
0.004405961864
0.000556951381
0.0004437907911
0.0003042591538
0.0001499892934
-1.548938978e-05
-0.0001857554298
-0.0003544959165
-0.0005162577783
-0.0006664215879
-0.0008011699875
-0.0009174285412
-0.001012770291
-0.001085307123
-0.00113358366
-0.001156482291
-0.001153144154
-0.001122908347
-0.001065269789
-0.0009798549824
-0.0008664141466
-0.0007248277173
-0.0005551249203
-0.0003575119765
-0.0001324074127
0.0001195180838
0.0003972998328
0.0006996379214
0.001024859101
0.001370884348
0.001735204542
0.002114866442
0.002506471208
0.002906190566
0.003309796798
0.003712702345
0.004110025213
0.004496674143
0.004867447269
0.005217146093
0.005540701936
0.00583331123
0.00609057535
0.006308640092
0.006484329411
0.00661526791
0.006699986656
0.006738007369
0.006729900785
0.006677316031
0.006582979131
0.006450660133
0.00628510974
0.00609196759
0.005877645303
0.005649187989
0.005414117974
0.005180264397
0.004955583326
0.00474797045
0.004565042169
0.004413921951
0.00430169608
0.004236674918
0.004214145199
0.0008159022061
0.0006618789339
0.0004900250717
0.000317515744
0.0001428027027
-3.018997518e-05
-0.0001969265097
-0.0003535489505
-0.0004967804001
-0.0006238860159
-0.0007326462828
-0.0008212947061
-0.000888439962
-0.0009329879296
-0.0009540713975
-0.0009509919909
-0.0009231767051
-0.0008701497963
-0.0007915196633
-0.0006869796157
-0.0005563209585
-0.0003994565232
-0.000216452604
-7.567142051e-06
0.0002267080682
0.000485603434
0.0007680282072
0.001072530085
0.00139726017
0.001739945694
0.002097872601
0.002467880351
0.002846375235
0.003229356826
0.003612451109
0.003990972665
0.004360007783
0.004714510356
0.005049413912
0.005359756914
0.005640817618
0.005888254149
0.006098244679
0.006267622145
0.006393997645
0.006475866784
0.006512693602
0.006504967553
0.006454230048
0.006363068435
0.006235076813
0.006074784626
0.0058875555
0.005679460044
0.005457127347
0.005227580487
0.004998061852
0.004775854794
0.004568106497
0.004381647857
0.004222853729
0.004097821139
0.004012537058
0.003965635309
0.00108742964
0.0008899665415
0.000681975322
0.0004866467765
0.0002977566193
0.0001170557902
-5.246626253e-05
-0.0002083980384
-0.0003487218788
-0.000471751761
-0.0005761243089
-0.0006607569527
-0.0007247907246
-0.0007675327709
-0.0007884052383
-0.0007869044313
-0.0007625723951
-0.0007149816749
-0.0006437330171
-0.0005484651281
-0.0004288751848
-0.0002847485247
-0.0001159957671
7.730450016e-05
0.0002948594345
0.0005361141041
0.0008002042512
0.001085911886
0.001391626047
0.001715311107
0.002054484701
0.002406207752
0.002767094409
0.003133334783
0.003500720766
0.003864705091
0.004220483501
0.004563088855
0.004887502597
0.005188780681
0.005462190101
0.005703351559
0.005908382952
0.006074037755
0.006197832101
0.00627815432
0.006314351165
0.0063067857
0.006256863
0.006167021259
0.006040687612
0.005882199713
0.005696695937
0.005489978596
0.005268355955
0.00503846976
0.004807115728
0.00458106417
0.004366886428
0.00417080285
0.003998602209
0.003855482266
0.003744982182
0.00366951587
0.001357444208
0.001115571356
0.0008693960307
0.0006482988876
0.0004417823196
0.0002497070998
7.371677638e-05
-8.508160243e-05
-0.0002258364038
-0.0003478563617
-0.0004506094075
-0.0005336923954
-0.0005967871062
-0.0006396172827
-0.0006619121403
-0.0006633794328
-0.0006436898204
-0.0006024731075
-0.000539326088
-0.0004538311887
-0.0003455847571
-0.0002142336102
-5.951831122e-05
0.0001186784771
0.0003202803255
0.0005449639364
0.0007921066158
0.001060736468
0.001349487619
0.00165656287
0.001979705842
0.002316185296
0.002662801117
0.003015903248
0.003371409261
0.003724859974
0.004071501669
0.004406379031
0.004724447058
0.005020698963
0.005290306046
0.005528764923
0.005732046517
0.005896740545
0.006020188793
0.00610060048
0.006137143332
0.006130004849
0.006080419438
0.005990658695
0.005863983983
0.005704562478
0.005517349907
0.005307945064
0.005082422861
0.004847153868
0.004608619099
0.004373227262
0.004147140119
0.003936142078
0.003745613361
0.003580017828
0.003440559558
0.003333733833
0.001613745641
0.001327513667
0.00104232303
0.0007937295974
0.0005673116956
0.0003612683974
0.000176061339
1.161870043e-05
-0.0001322823987
-0.0002558828991
-0.0003594422238
-0.0004432137851
-0.0005074091379
-0.000552165279
-0.0005775193178
-0.0005833927592
-0.0005695866608
-0.0005357879752
-0.0004815866968
-0.000406503007
-0.0003100233335
-0.0001916440683
-5.092156388e-05
0.0001124730843
0.0002986960775
0.0005076715265
0.0007390325528
0.0009920649752
0.001265655899
0.001558249664
0.001867813222
0.00219181386
0.002527220554
0.00287051904
0.00321772023
0.003564411401
0.003905839398
0.004237002632
0.004552764056
0.004847981983
0.005117654587
0.005357073283
0.005561979154
0.005728715719
0.005854370861
0.005936900592
0.005975227692
0.005969309045
0.00592016683
0.005829880417
0.005701537914
0.00553914857
0.005347519568
0.005132102954
0.004898820285
0.004653874137
0.004403556277
0.004154059598
0.003911299222
0.003680799954
0.003467721409
0.003275996043
0.00310471584
0.002964649649
0.001845636646
0.001515728791
0.001191509521
0.0009145787535
0.0006668744776
0.0004451094827
0.0002486915616
7.647534879e-05
-7.275327037e-05
-0.0002001041664
-0.0003065814855
-0.0003930615114
-0.0004602618544
-0.0005087162275
-0.0005387578775
-0.0005505130818
-0.0005439055016
-0.0005186714115
-0.0004743852957
-0.0004104949638
-0.0003263651462
-0.0002213284005
-9.474206784e-05
5.395008907e-05
0.0002251530527
0.0004190541795
0.0006355571375
0.0008742182329
0.001134187471
0.001414156898
0.001712318314
0.002026333532
0.002353330229
0.002689913108
0.00303216235
0.003375678535
0.003715667704
0.004047032291
0.004364485347
0.004662684843
0.004936383704
0.005180590638
0.005390735663
0.005562833225
0.005693635173
0.005780765643
0.005822830152
0.005819492047
0.005771510771
0.005680738288
0.00555007227
0.005383367176
0.00518530698
0.004961245803
0.004717024844
0.004458775732
0.004192721183
0.003924979828
0.003661380521
0.003407364641
0.003168062403
0.002947090196
0.002741677963
0.002566992664
0.002043558967
0.001671054502
0.001308342735
0.001002871312
0.000733161997
0.0004945705211
0.0002855465955
0.0001039559805
-5.233464332e-05
-0.0001852446951
-0.0002964746984
-0.0003874848073
-0.0004594673865
-0.0005133276809
-0.0005496745197
-0.0005688216904
-0.0005708003118
-0.0005553819746
-0.0005221120028
-0.0004703519629
-0.0003993304149
-0.0003082008189
-0.0001961054383
-6.224398618e-05
9.405437423e-05
0.0002732572462
0.0004755552377
0.0007007902893
0.0009483884902
0.00121730002
0.001505948368
0.001812192256
0.002133314825
0.002466030793
0.002806474434
0.003150235223
0.003492445683
0.003827870671
0.004151022634
0.004456299555
0.004738141066
0.004991197719
0.005210507088
0.0053916692
0.005531013015
0.005625745279
0.005674073308
0.005675293968
0.005629842547
0.005539297147
0.005406336709
0.00523465356
0.005028824301
0.004794145675
0.004536444482
0.004261872612
0.00397669907
0.003687105733
0.003398992177
0.003117889874
0.002849087936
0.002596095055
0.002354517539
0.002144016822
0.002198817222
0.001785047453
0.001384754539
0.001050998216
0.0007590607674
0.0005030333137
0.0002804762976
8.833252609e-05
-7.639033724e-05
-0.0002163680325
-0.0003339508387
-0.0004311422378
-0.0005095743058
-0.0005704935898
-0.0006147583353
-0.0006428469504
-0.000654877626
-0.0006506386449
-0.0006296286425
-0.0005911059342
-0.0005341459602
-0.0004577058538
-0.0003606950847
-0.0002420510378
-0.0001008182422
6.377024472e-05
0.0002522110528
0.0004646503814
0.0007008079888
0.0009599080372
0.001240619025
0.001541006417
0.001858513773
0.00218996555
0.002531544684
0.002878814466
0.003226810206
0.003570125834
0.003903029502
0.004219604908
0.004513913658
0.004780173667
0.005012947113
0.005207330087
0.005359135087
0.005465056956
0.005522812932
0.005531248098
0.00549039896
0.005401509882
0.005266999757
0.005090379351
0.004876122989
0.004629501428
0.004356385514
0.004063032547
0.003755868253
0.00344127103
0.00312536398
0.002813937079
0.002512619798
0.002225008935
0.001945287188
0.001697716307
0.002303373322
0.001849844707
0.00141314612
0.001051693098
0.0007376712487
0.000463971965
0.0002273141181
2.376778714e-05
-0.0001504691041
-0.0002987822172
-0.0004241284433
-0.0005290149326
-0.000615477407
-0.0006850711914
-0.0007388747442
-0.0007775048618
-0.0008011430852
-0.0008095726572
-0.0008022252265
-0.0007782364465
-0.0007365096032
-0.0006757863976
-0.0005947239664
-0.0004919771349
-0.0003662847303
-0.0002165585579
-4.197333823e-05
0.0001579444376
0.0003832312172
0.0006334074946
0.0009074076704
0.001203522385
0.001519369891
0.001851893707
0.002197330828
0.00255121351
0.002908465931
0.003263486567
0.003610262944
0.003942515607
0.004253866473
0.004538026714
0.004788997615
0.005001276261
0.005170056662
0.005291416143
0.005362476672
0.005381531307
0.005348127274
0.005263099252
0.005128549249
0.004947772721
0.004725134205
0.004465899264
0.004176032707
0.003861975765
0.003530416138
0.003188057598
0.002841394982
0.002496639706
0.002159935426
0.001835144211
0.001515182493
0.001229055187
0.00234971004
0.001858061295
0.001386329363
0.0009980129902
0.0006623220039
0.0003709939413
0.0001199382878
-9.560960093e-05
-0.0002802214621
-0.0004379529716
-0.0005723286755
-0.0006863220209
-0.0007823371206
-0.0008622052723
-0.0009271949276
-0.0009780335784
-0.001014940727
-0.00103767113
-0.00104556748
-0.001037621758
-0.001012544497
-0.0009688412406
-0.0009048954546
-0.0008190570323
-0.0007097353794
-0.0005754957897
-0.0004151575036
-0.0002278914418
-1.331513645e-05
0.0002284180656
0.0004965380047
0.0007895886335
0.001105387724
0.001441017827
0.001792787539
0.002156204695
0.002526079352
0.002896599889
0.003261445141
0.003613929727
0.003947177648
0.004254319587
0.004528707436
0.004764137721
0.004955074026
0.005096857479
0.00518589385
0.00521980618
0.005197542952
0.005119433953
0.004987188779
0.004803836544
0.00457360927
0.004301775401
0.003994433544
0.003658279776
0.00330036341
0.002927838068
0.002547714307
0.002166782594
0.00179186775
0.001427260074
0.001064717096
0.0007381886047
0.002330737502
0.001802725594
0.001297489382
0.0008833280767
0.0005265848629
0.0002178770543
-4.767372815e-05
-0.0002756377242
-0.0004713234399
-0.0006394222831
-0.0007839917107
-0.0009084370859
-0.001015497621
-0.001107248926
-0.001185119741
-0.001249920627
-0.001301883408
-0.001340710447
-0.001365632898
-0.001375477296
-0.001368739868
-0.001343668061
-0.001298348732
-0.001230802351
-0.001139082379
-0.001021378692
-0.0008761235726
-0.0007020983293
-0.0004985381208
-0.0002652319968
-2.61552989e-06
0.0002881474619
0.0006051109289
0.0009455283439
0.00130581094
0.001681461863
0.002067186566
0.002456960148
0.002844134447
0.003221582803
0.00358187757
0.003917496228
0.004221049967
0.00448552631
0.004704535527
0.004872549069
0.004985117448
0.005039054934
0.00503257938
0.004965397394
0.004838728047
0.004655262015
0.004419057414
0.004135378011
0.00381048376
0.003451387456
0.003065593451
0.002660825447
0.002244750292
0.001824891791
0.001408918856
0.001001698149
0.0005938929503
0.0002246725175
0.002239745873
0.001677239994
0.001140164052
0.0007013213656
0.0003242938923
-1.394154874e-06
-0.0002813940671
-0.0005220584131
-0.0007294047654
-0.0009087305009
-0.001064595101
-0.001200804688
-0.001320402919
-0.001425680168
-0.001518197419
-0.00159882194
-0.001667773185
-0.001724677863
-0.001768633385
-0.001798279144
-0.00181187525
-0.001807388423
-0.001782584748
-0.001735128874
-0.001662689068
-0.001563047173
-0.001434212186
-0.001274535642
-0.001082826474
-0.0008584623377
-0.0006014946435
-0.0003127443576
6.128013656e-06
0.0003525937092
0.0007232108431
0.001113513211
0.001518125692
0.001930820484
0.002344616016
0.002751918479
0.003144701164
0.003514718158
0.003853746779
0.004153850533
0.004407652038
0.004608603451
0.004751240575
0.004831406316
0.004846429717
0.004795248478
0.004678465746
0.004498335892
0.004258678658
0.003964726115
0.003622911786
0.003240616004
0.002825884417
0.002387127011
0.001932805398
0.001471329542
0.00101137444
0.0005585245715
0.0001023686269
-0.0003123438769
0.002070380582
0.001475369016
0.0009082419538
0.0004459993362
4.956998626e-05
-0.0002925902622
-0.0005868940161
-0.0008404562434
-0.001059979262
-0.001251340048
-0.001419572543
-0.001568855649
-0.001702509805
-0.001823013352
-0.001932033962
-0.00203047147
-0.002118510194
-0.002195679566
-0.002260922344
-0.002312670016
-0.002348925245
-0.002367351345
-0.002365368761
-0.002340258445
-0.002289271792
-0.002209746479
-0.002099227111
-0.001955589108
-0.001777163604
-0.001562860426
-0.001312286296
-0.001025856136
-0.000704881378
-0.0003516093723
3.072241448e-05
0.0004377325684
0.0008640061033
0.001303138836
0.001747824056
0.002189987226
0.002620964201
0.003031720394
0.00341310615
0.003756140543
0.004052313056
0.004293890028
0.004474210821
0.004587957486
0.004631381727
0.004602474212
0.004501063999
0.004328839803
0.004089289929
0.003787563317
0.00343025995
0.003025164626
0.002580941949
0.002106800316
0.001612133803
0.001106393056
0.0005994245735
9.766629422e-05
-0.0004103825657
-0.0008739373892
0.001816648859
0.001191242563
0.0005959727534
0.0001117118631
-0.0003031487829
-0.0006611959451
-0.0009695927239
-0.00123619782
-0.001468375814
-0.001672559269
-0.001854231764
-0.002017920006
-0.002167196686
-0.002304704479
-0.002432195297
-0.002550580363
-0.002659988851
-0.002759833786
-0.00284888453
-0.002925345662
-0.002986942351
-0.003031012512
-0.003054606067
-0.003054591514
-0.003027769821
-0.002970995292
-0.002881302627
-0.002756038842
-0.002592998092
-0.002390556556
-0.002147804592
-0.001864674479
-0.001542048123
-0.001181813413
-0.0007869299175
-0.0003616175982
8.872819866e-05
0.0005575724882
0.001037309742
0.00151938701
0.001994477008
0.002452699586
0.002883888077
0.003277893637
0.003624917297
0.00391585625
0.004142648119
0.004298594983
0.004378648172
0.004379635457
0.004300414585
0.004141941036
0.003907243254
0.003601304951
0.003230860856
0.002804119388
0.002330430921
0.001819909878
0.001283021084
0.0007304145049
0.0001732809262
-0.0003809489944
-0.0009449162646
-0.001461242911
0.001472935832
0.0008193782233
0.0001979911141
-0.0003068189217
-0.0007390710979
-0.001112365666
-0.00143460428
-0.001714370367
-0.001959668891
-0.002177465468
-0.002373670703
-0.002553136913
-0.002719667691
-0.002876049855
-0.00302410066
-0.0031647251
-0.003297980652
-0.003423148057
-0.003538807511
-0.003642920276
-0.003732916086
-0.003805786991
-0.003858188294
-0.003886547208
-0.0038871796
-0.00385641487
-0.003790728545
-0.003686881607
-0.003542064895
-0.003354046011
-0.003121316116
-0.002843234883
-0.002520157336
-0.002153516195
-0.001745903916
-0.001301277499
-0.0008249313014
-0.0003234631127
0.0001952710005
0.0007222622426
0.001247511781
0.001760250003
0.00224921059
0.002702953866
0.003110229928
0.003460367997
0.003743674778
0.00395182153
0.004078197759
0.004118209135
0.004069498891
0.003932075627
0.003708336035
0.003402978067
0.003022808096
0.002576454293
0.002074005424
0.001526583788
0.0009458646152
0.0003438632287
-0.0002667003234
-0.0008772586495
-0.001501668229
-0.00207529044
0.001034042741
0.0003547109099
-0.000290652164
-0.000814463487
-0.00126301182
-0.001650876483
-0.001986683129
-0.002279719339
-0.002538608218
-0.002770826706
-0.002982691601
-0.0031793612
-0.003364851844
-0.003542077931
-0.003712907075
-0.00387822446
-0.004038003366
-0.004191380318
-0.004336734301
-0.004471770251
-0.004593607506
-0.004698874193
-0.004783808643
-0.004844368841
-0.004876350758
-0.004875516026
-0.004837728985
-0.004759102549
-0.004636151622
-0.004465951867
-0.004246301532
-0.003975884534
-0.003654418104
-0.003282761993
-0.002863033076
-0.002398801005
-0.00189515257
-0.001358654182
-0.0007973378477
-0.0002206203447
0.0003608423781
0.0009353661791
0.001490515582
0.002013443026
0.002491282328
0.002911583335
0.003262769874
0.003534598785
0.003718594602
0.003808432869
0.003800245713
0.003692826349
0.0034877148
0.003189154831
0.002803921366
0.002341028412
0.001811336707
0.001227070171
0.0006012557201
-5.255058174e-05
-0.0007198982714
-0.001390924528
-0.002080802241
-0.002716847376
0.0004952259878
-0.000207364969
-0.0008744504625
-0.001415644333
-0.001879347899
-0.002281078717
-0.002630168276
-0.002936585297
-0.00320954776
-0.003457022504
-0.003685713153
-0.003901066799
-0.004107297576
-0.004307434693
-0.004503385337
-0.00469600576
-0.00488517711
-0.005069884318
-0.005248297538
-0.00541785657
-0.005575359228
-0.005717055039
-0.005838745762
-0.005935894223
-0.006003742775
-0.006037442354
-0.006032192668
-0.005983393477
-0.005886806176
-0.005738723975
-0.005536148773
-0.005276973135
-0.004960150667
-0.00458583205
-0.004155527876
-0.003672271577
-0.003140808324
-0.00256754946
-0.001960597534
-0.001329698667
-0.0006861222617
-4.246623282e-05
0.0005876157064
0.001189763965
0.001749334206
0.002251877882
0.002683664243
0.003032219986
0.003286857723
0.003439161132
0.003483393755
0.003416800437
0.003239775673
0.002955881355
0.002571707144
0.002096579779
0.001542139723
0.0009217941804
0.0002500635899
-0.0004577681717
-0.001185298319
-0.001921194073
-0.002682059645
-0.003386257632
-0.0001477482398
-0.0008709523003
-0.001557399558
-0.002114293108
-0.002591972727
-0.003006845887
-0.003368927339
-0.00368884091
-0.003976374716
-0.004239964087
-0.004486681414
-0.004722247773
-0.004951063413
-0.005176263531
-0.005399788568
-0.005622461533
-0.005844068531
-0.006063440623
-0.006278536594
-0.006486527228
-0.006683882388
-0.006866462655
-0.007029617481
-0.007168291831
-0.007277143148
-0.007350670174
-0.00738335473
-0.007369816998
-0.007304984129
-0.007184271015
-0.007003771814
-0.006760461123
-0.006452389619
-0.006078846333
-0.005640577572
-0.005139911703
-0.004581087732
-0.003970205516
-0.003315297602
-0.002626324324
-0.001915088706
-0.001195067802
-0.0004811534594
0.0002107004931
0.0008639217566
0.001461844221
0.001988296677
0.00242823078
0.002768356261
0.00299774581
0.003108368962
0.003095514726
0.002958067051
0.002698605743
0.002323317539
0.001841717892
0.001266199641
0.0006114168358
-0.0001064765905
-0.0008702698744
-0.001661361943
-0.0024667497
-0.003304598551
-0.004083277424
-0.0008985552915
-0.001639601196
-0.00234295229
-0.002913806568
-0.003404250534
-0.003831525417
-0.004206301836
-0.004539829323
-0.004842439724
-0.005123015372
-0.005388980642
-0.005646318236
-0.005899606224
-0.006152081121
-0.006405715017
-0.006661298512
-0.006918525176
-0.007176075519
-0.00743170007
-0.007682302345
-0.007924023326
-0.008152329595
-0.008362107519
-0.008547766007
-0.008703350201
-0.008822668246
-0.008899432877
-0.008927419011
-0.008900637864
-0.008813527134
-0.008661156275
-0.008439446518
-0.008145394512
-0.007777264978
-0.007334844197
-0.006819576797
-0.006234997138
-0.005586702421
-0.004882475624
-0.004132334193
-0.003348491581
-0.002545226716
-0.00173865018
-0.0009463593836
-0.0001869812391
0.0005203916292
0.001156856181
0.001704420983
0.002146760452
0.002469958239
0.002663190683
0.002719299147
0.002635202779
0.00241211141
0.002055511628
0.00157491795
0.0009834008876
0.0002968980116
-0.0004666699258
-0.001287954296
-0.00214588228
-0.00302555334
-0.003946827068
-0.004806898959
-0.001760253445
-0.002516263549
-0.003233976264
-0.003817004805
-0.004318973281
-0.004757892219
-0.005145055541
-0.005492305611
-0.00581048992
-0.00610891631
-0.00639534579
-0.00667601295
-0.006955668996
-0.007237651472
-0.007523967513
-0.007815381585
-0.008111503013
-0.008410871084
-0.008711037333
-0.009008645978
-0.009299514426
-0.009578716357
-0.009840670299
-0.01007923668
-0.01028782634
-0.01045952331
-0.01058722411
-0.01066379578
-0.01068225355
-0.01063595888
-0.01051883708
-0.0103256152
-0.01005207315
-0.00969527514
-0.009253840546
-0.008728127983
-0.008120730984
-0.007436520475
-0.006682809364
-0.005869468572
-0.005008948681
-0.004116201591
-0.003208486898
-0.002305049407
-0.001426660566
-0.0005950246857
0.0001679388501
0.0008409142565
0.001404072989
0.001839974307
0.002134424818
0.002277233319
0.002262797296
0.002090464315
0.001764625669
0.001294521598
0.0006937623321
-2.043335888e-05
-0.0008282586197
-0.001708007186
-0.002635832122
-0.003594672138
-0.004606217783
-0.00555516125
-0.002735237296
-0.003503246241
-0.004232713192
-0.004826093148
-0.005338322079
-0.00578810721
-0.006187327992
-0.006548383343
-0.006882606854
-0.007199710648
-0.007507778755
-0.007813290867
-0.008121170571
-0.008434860854
-0.008756412582
-0.009086576112
-0.009424890911
-0.009769770719
-0.01011858389
-0.01046773003
-0.01081271508
-0.01114822785
-0.0114682212
-0.0117660016
-0.01203433047
-0.01226554076
-0.01245167192
-0.012584626
-0.0126563468
-0.01265902356
-0.01258531943
-0.01242862608
-0.0121833395
-0.01184512219
-0.01141121471
-0.01088069151
-0.01025491575
-0.009537776975
-0.008735856737
-0.007858626468
-0.006918544785
-0.00593104751
-0.004914411831
-0.003889474337
-0.002879188346
-0.001908014472
-0.00100114963
-0.0001836139007
0.0005207693962
0.001090448544
0.001507206546
0.001757135101
0.001831437887
0.001726985835
0.001446561042
0.0009987507887
0.0003974838087
-0.0003387975776
-0.001188306366
-0.002126754949
-0.003127190318
-0.004170090909
-0.005279107173
-0.006324938994
-0.003825186762
-0.004602174463
-0.005340746558
-0.005942631386
-0.00646383593
-0.006923683312
-0.007334595509
-0.007709488578
-0.008060151586
-0.008396680452
-0.008727470856
-0.009059244253
-0.009397100242
-0.009744596781
-0.0101038428
-0.01047559265
-0.01085933667
-0.01125338536
-0.01165494655
-0.01206019694
-0.01246435037
-0.01286172626
-0.01324582172
-0.0136093917
-0.01394454113
-0.01424283325
-0.01449541777
-0.01469318269
-0.01482693242
-0.0148875946
-0.01486645699
-0.01475543673
-0.01454737957
-0.01423635366
-0.01381797786
-0.01328982907
-0.01265174154
-0.01190633236
-0.01105914855
-0.01011895829
-0.00909793936
-0.008011755024
-0.006879496148
-0.005723461671
-0.00456875405
-0.003442674469
-0.002373914608
-0.00139155769
-0.000523920962
0.000202706929
0.0007653593275
0.001145624062
0.001330712989
0.001314266307
0.001096801463
0.0006857435271
9.501058386e-05
-0.0006558656633
-0.001543064794
-0.002539499608
-0.003614752051
-0.004746497077
-0.005960466639
-0.00711170794
-0.005031033791
-0.005813959287
-0.006558976322
-0.007167511914
-0.00769639007
-0.00816546134
-0.008587642199
-0.008976323739
-0.009343719433
-0.009700289955
-0.01005473422
-0.01041401627
-0.01078342036
-0.0111666346
-0.01156584642
-0.01198183862
-0.01241407983
-0.01286080638
-0.0133190952
-0.013784929
-0.01425325638
-0.0147180506
-0.01517237107
-0.01560843232
-0.01601768489
-0.01639091321
-0.0167183547
-0.01698984462
-0.01719499044
-0.01732337902
-0.0173648189
-0.01730962112
-0.01714891956
-0.01687499928
-0.01648163036
-0.01596462062
-0.01532199844
-0.01455478487
-0.01366715102
-0.01266680899
-0.01156530591
-0.01037820379
-0.009125121719
-0.007829604094
-0.00651878152
-0.005222797703
-0.003973987781
-0.002805810675
-0.001751560607
-0.0008429094779
-0.000108359754
0.0004282866763
0.000749319335
0.0008442377673
0.0007104740141
0.0003536226085
-0.000212875643
-0.0009686372664
-0.001887817199
-0.002940328935
-0.00409190827
-0.005317042224
-0.006643648002
-0.0079092776
-0.006352930328
-0.007138780725
-0.007887607328
-0.008500950523
-0.009036186901
-0.009513598525
-0.009946543562
-0.01034884398
-0.01073310698
-0.01111014138
-0.0114889449
-0.01187673004
-0.01227898027
-0.0126995354
-0.01314068842
-0.01360328188
-0.01408679687
-0.01458943161
-0.01510816876
-0.01563883308
-0.01617614217
-0.01671375418
-0.01724431721
-0.01775952535
-0.01825018661
-0.01870630813
-0.01911720392
-0.01947163021
-0.01975795312
-0.01996435312
-0.02007906937
-0.02009068838
-0.01998848097
-0.01976276424
-0.01940525715
-0.01890970528
-0.01827205812
-0.01749139099
-0.01657013205
-0.01551454138
-0.01433512731
-0.01304694865
-0.01166977975
-0.01022809471
-0.00875082573
-0.007270855698
-0.005824215798
-0.004448976565
-0.003183845704
-0.002066517737
-0.001131856452
-0.0004100271409
7.527400548e-05
0.0003083277476
0.0002824714933
6.109392987e-07
-0.0005249289118
-0.001273287031
-0.002216692169
-0.003321897123
-0.004550398343
-0.005873066194
-0.007320090068
-0.008709488957
-0.007790239308
-0.008576080698
-0.009326150272
-0.009942491543
-0.01048276186
-0.01096757219
-0.01141066524
-0.01182624851
-0.01222729387
-0.01262494534
-0.0130285003
-0.01344543204
-0.01388144479
-0.01434055888
-0.01482520734
-0.01533633096
-0.01587346468
-0.01643481149
-0.01701730329
-0.01761664988
-0.01822737913
-0.01884287262
-0.01945540153
-0.02005616835
-0.02063536017
-0.02118221942
-0.02168513798
-0.02213178055
-0.0225092428
-0.02280424979
-0.02300339883
-0.02309345214
-0.02306168568
-0.02289627709
-0.022586689
-0.02212433257
-0.02150284892
-0.02071896282
-0.01977298189
-0.01866928757
-0.01741689077
-0.01602987556
-0.01452770997
-0.01293537573
-0.01128325997
-0.009606754103
-0.007945512838
-0.006342343172
-0.004841719066
-0.003487953837
-0.002323106387
-0.001384745366
-0.0007037401949
-0.0003022812144
-0.0001923435866
-0.0003747905287
-0.0008392619234
-0.001564969828
-0.002522440332
-0.003675168522
-0.004980020951
-0.006403786176
-0.007978988192
-0.00950186836
-0.009341532501
-0.01012457662
-0.01087344169
-0.01149103101
-0.0120350072
-0.01252620127
-0.01297867945
-0.01340698941
-0.0138244417
-0.01424250808
-0.01467079357
-0.01511705259
-0.0155872402
-0.01608559468
-0.01661473178
-0.01717573698
-0.0177682477
-0.01839052166
-0.01903949005
-0.01971079703
-0.02039882854
-0.02109673479
-0.02179645174
-0.02248872729
-0.0231631586
-0.02380824672
-0.02441147524
-0.02495941932
-0.02543789175
-0.02583213192
-0.02612704367
-0.02630748767
-0.02635863688
-0.02626638498
-0.02601775763
-0.02560155504
-0.02500891468
-0.02423381599
-0.0232740579
-0.02213169613
-0.02081374667
-0.01933278692
-0.01770743298
-0.01596264412
-0.01412978616
-0.01224638242
-0.01035548548
-0.008504616041
-0.00674424062
-0.005125799215
-0.003699345547
-0.002510923673
-0.001599867118
-0.000996259981
-0.0007188308531
-0.0007735440362
-0.001153105614
-0.001837574048
-0.002796164952
-0.003989118358
-0.005368305668
-0.006895937541
-0.008606913948
-0.01027323471
-0.01100461613
-0.0117822905
-0.01252768202
-0.01314485962
-0.01369121601
-0.01418768804
-0.01464860132
-0.01508879989
-0.01552191208
-0.01595973769
-0.01641220672
-0.0168873854
-0.01739152018
-0.01792911485
-0.01850302011
-0.01911452109
-0.01976341418
-0.02044806853
-0.02116547087
-0.02191125479
-0.0226797175
-0.02346382872
-0.02425523691
-0.02504427937
-0.02582000245
-0.02657019904
-0.02728147014
-0.02793931774
-0.0285282762
-0.02903208905
-0.02943393794
-0.02971673038
-0.02986345612
-0.02985761157
-0.02968364113
-0.02932750499
-0.02877759262
-0.02802483546
-0.02706413098
-0.02589475699
-0.02452121477
-0.02295399775
-0.02121025219
-0.01931428301
-0.01729782663
-0.0152000035
-0.01306686139
-0.01095042858
-0.008907218136
-0.006996163757
-0.005276025718
-0.003802379292
-0.002624380495
-0.001781582759
-0.001301136086
-0.001195715606
-0.001462489552
-0.002083410718
-0.003026997616
-0.004250381957
-0.005700130525
-0.007333367061
-0.009187385966
-0.01100725203
-0.01277656875
-0.01354660342
-0.0142864979
-0.014901729
-0.01544914929
-0.0159496825
-0.01641784739
-0.01686874402
-0.01731630546
-0.01777267051
-0.01824812401
-0.01875108784
-0.01928815343
-0.01986414984
-0.02048222594
-0.02114393116
-0.0218492854
-0.02259683275
-0.02338367736
-0.024205502
-0.02505657263
-0.02592973333
-0.02681639726
-0.02770654014
-0.02858870307
-0.02945001206
-0.03027622158
-0.03105178989
-0.03175999375
-0.03238309043
-0.03290253442
-0.03329925631
-0.03355401452
-0.03364782736
-0.03356243985
-0.03328083589
-0.03278837935
-0.03207274174
-0.03112552459
-0.02994280062
-0.02852603753
-0.02688304377
-0.02502882513
-0.02298631337
-0.02078688341
-0.01847055687
-0.01608578087
-0.01368867116
-0.01134162359
-0.009111234399
-0.007065530203
-0.005270593921
-0.003786776672
-0.002664794727
-0.001942104203
-0.001639994527
-0.001761826462
-0.002292825362
-0.003201708222
-0.004442845098
-0.005957286288
-0.007696566691
-0.009700380179
-0.01168392434
-0.014653811
-0.01541433124
-0.01614702826
-0.01675894324
-0.01730612835
-0.01780937157
-0.01828331781
-0.01874328912
-0.01920352157
-0.01967651858
-0.02017296608
-0.02070170236
-0.02126973361
-0.0218822888
-0.02254289113
-0.02325342972
-0.02401422119
-0.02482405478
-0.02568021877
-0.02657850847
-0.02751321863
-0.02847712473
-0.02946145891
-0.03045588711
-0.03144849461
-0.03242578743
-0.03337271751
-0.0342727396
-0.03510790808
-0.03585902205
-0.036505827
-0.03702728112
-0.03740189746
-0.03760817432
-0.03762507651
-0.03743253169
-0.03701261117
-0.03634965065
-0.03543154225
-0.03425077448
-0.03280529068
-0.03109961673
-0.02914592164
-0.026964983
-0.02458697688
-0.02205197827
-0.01941004051
-0.01672071131
-0.01405184802
-0.01147762257
-0.009075664702
-0.006923385287
-0.005093645281
-0.003650079255
-0.002642520746
-0.002103072105
-0.002043383838
-0.00245371886
-0.003304239092
-0.00454716644
-0.006117973558
-0.007962146619
-0.01012177961
-0.01227902621
-0.01663219309
-0.01738183064
-0.01810604012
-0.01871347946
-0.01925915544
-0.01976359516
-0.02024150396
-0.02070840174
-0.02117884189
-0.02166573779
-0.02218024433
-0.02273169845
-0.02332761127
-0.02397370429
-0.02467396643
-0.02543071419
-0.02624464331
-0.0271148648
-0.02803892192
-0.02901278792
-0.03003084702
-0.03108586292
-0.03216894056
-0.03326948773
-0.03437518402
-0.03547196474
-0.03654402791
-0.03757387264
-0.03854237736
-0.03942892673
-0.04021159613
-0.04086740237
-0.04137263173
-0.04170326061
-0.04183544572
-0.04174602669
-0.04141355829
-0.04081901946
-0.03994627434
-0.03878389546
-0.03732585974
-0.03557284565
-0.03353349602
-0.03122562446
-0.02867729629
-0.02592766378
-0.0230274069
-0.02003860794
-0.01703387866
-0.01409457243
-0.01130796323
-0.008763366965
-0.00654732106
-0.004738116368
-0.003400167122
-0.002578862823
-0.002296626784
-0.002550963844
-0.003315151894
-0.004540223749
-0.006156231622
-0.008102237601
-0.01042275351
-0.01276346584
-0.01870711823
-0.01944513266
-0.020160075
-0.02076213977
-0.02130506502
-0.02180899115
-0.02228862239
-0.0227596674
-0.02323703345
-0.02373411576
-0.02426263402
-0.02483253365
-0.02545194602
-0.02612719979
-0.02686285896
-0.02766176886
-0.02852509662
-0.02945235778
-0.03044142432
-0.03148851317
-0.0325881571
-0.03373316189
-0.03491455541
-0.03612153535
-0.0373414229
-0.03855963044
-0.03975965131
-0.04092308025
-0.04202967325
-0.04305745577
-0.04398288873
-0.04478110127
-0.0454262012
-0.04589167958
-0.0461509056
-0.04617763983
-0.04594681586
-0.04543598271
-0.04462483686
-0.04349775398
-0.04204437633
-0.04026103379
-0.03815219692
-0.03573191733
-0.03302520506
-0.03006922348
-0.0269141421
-0.02362345102
-0.02027351299
-0.01695212309
-0.01375587794
-0.01078624105
-0.008144339662
-0.005924738271
-0.004208683986
-0.003057556347
-0.002507418712
-0.002565704088
-0.003210977125
-0.004394474914
-0.006041286425
-0.008083818975
-0.01056906452
-0.01310257547
-0.02087369048
-0.02160011334
-0.0223056324
-0.02290173948
-0.02344070925
-0.02394217142
-0.02442077614
-0.02489243376
-0.02537247272
-0.02587487701
-0.02641206335
-0.02699473026
-0.02763177598
-0.02833027733
-0.02909550381
-0.02993094656
-0.03083834664
-0.03181771239
-0.03286731974
-0.03398369322
-0.03516156884
-0.03639384217
-0.03767150709
-0.03898359178
-0.04031709937
-0.04165696122
-0.04298601126
-0.0442849898
-0.04553258592
-0.04670552736
-0.04777872752
-0.04872549905
-0.04951784424
-0.05012683911
-0.05052312212
-0.05067741083
-0.05056109386
-0.05014810313
-0.04941408091
-0.04833892407
-0.0469076843
-0.04511193888
-0.04295142086
-0.04043567859
-0.03758573992
-0.03443567507
-0.03103389591
-0.02744397897
-0.0237447515
-0.02002934838
-0.01640295267
-0.01297899681
-0.009873744516
-0.007199406397
-0.005056250207
-0.003524496969
-0.00265707119
-0.002474526744
-0.002963456194
-0.004077225273
-0.00573681445
-0.007867964007
-0.01052029511
-0.01325532515
-0.02312690469
-0.02384270126
-0.02453939394
-0.02512933583
-0.02566318124
-0.02615993119
-0.02663414399
-0.02710197641
-0.02757928705
-0.02808080211
-0.02861981433
-0.02920796359
-0.02985509995
-0.03056922093
-0.03135645619
-0.03222107671
-0.03316551035
-0.03419035103
-0.03529435337
-0.03647440891
-0.03772550399
-0.03904066195
-0.04041087469
-0.04182502993
-0.04326984163
-0.04472979165
-0.04618709083
-0.04762166844
-0.04901119858
-0.05033117298
-0.05155502952
-0.05265434617
-0.05359911033
-0.05435807957
-0.05489925102
-0.05519037601
-0.05519949267
-0.05489666997
-0.05425380789
-0.05324610292
-0.05185387043
-0.05006364882
-0.04786998267
-0.04527727673
-0.04230172208
-0.0389732155
-0.03533711799
-0.03145563458
-0.02740852853
-0.02329282263
-0.01922110902
-0.01531811833
-0.01171531906
-0.008543556967
-0.00592410167
-0.003958898441
-0.002721241011
-0.002248500677
-0.00253866807
-0.003549793025
-0.005200111162
-0.007408995556
-0.01022898889
-0.01317345489
-0.02546187174
-0.02616913392
-0.02685849744
-0.02744250466
-0.02797008142
-0.02845949477
-0.02892519843
-0.02938368552
-0.02985151057
-0.03034435634
-0.0308766302
-0.03146115604
-0.03210896696
-0.0328291907
-0.03362899908
-0.03451359506
-0.03548621599
-0.03654813678
-0.03769866223
-0.03893510237
-0.04025272958
-0.04164471913
-0.04310207754
-0.04461356508
-0.04616561955
-0.04774228949
-0.04932518516
-0.05089345611
-0.05242380407
-0.05389054041
-0.05526569746
-0.05651920344
-0.05761913072
-0.05853203154
-0.05922338113
-0.05965809151
-0.05980102606
-0.05961834025
-0.05907841696
-0.05815174175
-0.05681384032
-0.05504605386
-0.05283742702
-0.05018672059
-0.04710455968
-0.04361567798
-0.03976112295
-0.03560021232
-0.03121194482
-0.02669547605
-0.02216919695
-0.01776793153
-0.0136378468
-0.009928887378
-0.006784934455
-0.004332416608
-0.002668681768
-0.001852079489
-0.001896034563
-0.002766564644
-0.004381157596
-0.006653543788
-0.009639697567
-0.01280051837
-0.02787409913
-0.02857626891
-0.02926086995
-0.02983967365
-0.03035983381
-0.03083880153
-0.03129095295
-0.03173327166
-0.03218325035
-0.03265782207
-0.03317282297
-0.03374257028
-0.03437956646
-0.0350943214
-0.03589526086
-0.03678869015
-0.03777878689
-0.03886760209
-0.04005505507
-0.04133891362
-0.04271475584
-0.04417591451
-0.04571340742
-0.04731585974
-0.04896942544
-0.05065771602
-0.05236174484
-0.05405989599
-0.05572792639
-0.05733901033
-0.05886383557
-0.06027076062
-0.06152604263
-0.06259414822
-0.06343816771
-0.06402032575
-0.06430248417
-0.06424700257
-0.0638188788
-0.06298408581
-0.06171337156
-0.05998286267
-0.05777594934
-0.05508541672
-0.05191576612
-0.04828573337
-0.04423090166
-0.03980622176
-0.03508815122
-0.030176003
-0.02519197421
-0.02027924254
-0.0155975276
-0.01131568174
-0.007601259546
-0.004607619573
-0.002459868881
-0.00124187432
-0.0009872012474
-0.001673933244
-0.003221573776
-0.005539492651
-0.008687922773
-0.0120708299
-0.03035982899
-0.03106196821
-0.03174563632
-0.03232052581
-0.03283206167
-0.03329683733
-0.03372924008
-0.03414698829
-0.03456885773
-0.03501342826
-0.03549837346
-0.03603989395
-0.03665231209
-0.03734781898
-0.03813633707
-0.03902546106
-0.04002044429
-0.04112420391
-0.04233732579
-0.04365805681
-0.04508227901
-0.0466034644
-0.0482126136
-0.04989818355
-0.05164601163
-0.05343924419
-0.05525827814
-0.05708072453
-0.05888140298
-0.06063237595
-0.06230303201
-0.06386022731
-0.06526849473
-0.06649033115
-0.06748658265
-0.06821694007
-0.06864043234
-0.06871596927
-0.06840497353
-0.06766951838
-0.06647553399
-0.06479405835
-0.06260283522
-0.05988852624
-0.05664915437
-0.05289683145
-0.04866071507
-0.04399004496
-0.03895699947
-0.03365896878
-0.02821967666
-0.02278843044
-0.01753669894
-0.01265129835
-0.008323799905
-0.004736414613
-0.002045530747
-0.0003653099115
0.0002452050736
-0.0002091119525
-0.001653446466
-0.003994802488
-0.007298937451
-0.01090829924
-0.03291646209
-0.03362557448
-0.03431362357
-0.03488649102
-0.0353880358
-0.03583401913
-0.03623902204
-0.03662186844
-0.03700309915
-0.03740346939
-0.03784301562
-0.03834030786
-0.03891191175
-0.03957204887
-0.04033241094
-0.04120208171
-0.04218752434
-0.04329260027
-0.04451859418
-0.0458642286
-0.04732565944
-0.04889644984
-0.05056752432
-0.05232710831
-0.05416066036
-0.05605080522
-0.05797727679
-0.05991687986
-0.06184347998
-0.06372803033
-0.06553864445
-0.06724072429
-0.06879715232
-0.07016855763
-0.07131367273
-0.07218980059
-0.07275330656
-0.07296009132
-0.072767741
-0.0721350843
-0.07102332795
-0.06939864259
-0.06723327344
-0.06450779051
-0.06121360026
-0.05735580839
-0.05295643802
-0.04805790285
-0.04272652408
-0.03705572336
-0.03116832208
-0.02521715495
-0.01938302252
-0.01386896207
-0.008890043735
-0.004658511938
-0.001365134584
0.0008408130101
0.001868937842
0.001701184741
0.0004019842111
-0.00193618253
-0.005386461579
-0.009225134619
-0.03554308809
-0.03626851317
-0.03696799326
-0.03754135186
-0.03803121386
-0.03845264271
-0.03882073697
-0.03915597284
-0.03948132001
-0.03982040546
-0.0401962964
-0.04063052964
-0.04114241714
-0.0417486105
-0.04246286849
-0.04329596827
-0.04425570622
-0.04534694433
-0.04657166913
-0.04792904147
-0.04941542515
-0.05102438969
-0.05274668852
-0.05457021739
-0.05647996053
-0.0584579331
-0.06048312945
-0.06253148647
-0.06457587178
-0.06658610564
-0.06852902564
-0.07036860321
-0.07206612096
-0.07358041982
-0.07486822977
-0.07588460544
-0.07658342144
-0.07691782357
-0.07684169681
-0.07631094694
-0.0752823458
-0.0737174784
-0.07158335444
-0.06885464436
-0.06551620841
-0.06156601954
-0.05701854947
-0.05190857446
-0.04629525388
-0.04026617756
-0.0339408533
-0.0274728221
-0.02104929656
-0.01488701828
-0.00922308862
-0.004300026918
-0.0003453928657
0.002451814679
0.003963601435
0.004142201927
0.003035804627
0.0007324140293
-0.002851159077
-0.006920377326
-0.03824117196
-0.03899506545
-0.03971504547
-0.040292
-0.04076789619
-0.04115740804
-0.04147668516
-0.04174864664
-0.04199959427
-0.04225693409
-0.04254760218
-0.04289682511
-0.043327247
-0.04385839441
-0.04450640587
-0.04528394817
-0.04620024971
-0.04726119384
-0.0484694302
-0.04982447607
-0.05132279202
-0.0529578253
-0.0547200215
-0.05659680937
-0.05857256681
-0.06062857754
-0.06274298823
-0.06489077633
-0.06704373902
-0.06917051231
-0.07123662935
-0.07320462716
-0.07503421105
-0.07668248489
-0.07810425862
-0.07925245434
-0.08007860197
-0.08053328292
-0.08056693337
-0.08013267547
-0.07918329343
-0.07767604351
-0.0755730514
-0.07284340709
-0.06946567338
-0.06543080389
-0.06074560245
-0.05543674385
-0.04955528273
-0.04318143352
-0.03642917677
-0.02944991915
-0.02243404291
-0.0156088112
-0.009230929005
-0.003572344435
0.001101123967
0.004556645305
0.0066222173
0.007212758584
0.006353103497
0.004121526339
0.0004211020882
-0.003878218191
-0.04101545467
-0.04181338071
-0.0425652588
-0.04314939405
-0.04360803269
-0.04395604081
-0.04421146114
-0.04440078157
-0.04455485164
-0.04470602483
-0.04488614287
-0.04512498085
-0.04544918014
-0.04588162008
-0.04644112895
-0.0471424316
-0.04799624305
-0.04900943547
-0.05018522556
-0.05152334762
-0.05302019264
-0.05466890534
-0.05645943944
-0.05837857656
-0.06040991761
-0.06253385801
-0.06472755673
-0.06696491047
-0.06921654518
-0.07144983361
-0.07362894815
-0.07571495885
-0.07766598615
-0.07943741586
-0.08098218643
-0.08225116789
-0.08319364443
-0.08375776447
-0.08389097911
-0.08354324467
-0.08266421032
-0.08120691111
-0.07912898318
-0.07639433515
-0.07297561064
-0.06885705501
-0.06403796232
-0.05853679304
-0.05239596439
-0.04568719709
-0.03851709536
-0.03103228845
-0.02342299632
-0.01592334856
-0.008806354636
-0.002371392135
0.003077160302
0.007259342785
0.009952864545
0.01102703338
0.01047489599
0.008358217737
0.004561303947
3.398910247e-05
-0.04387516846
-0.04473682784
-0.04553465732
-0.0461297901
-0.04656622792
-0.04686003488
-0.04703243866
-0.04711507946
-0.04714497284
-0.04716090519
-0.04720088489
-0.04730023217
-0.04749031594
-0.04779785531
-0.04824464783
-0.04884758867
-0.04961886372
-0.05056622522
-0.05169328483
-0.05299978223
-0.05448180626
-0.05613195966
-0.0579394682
-0.05989024084
-0.0619668914
-0.06414873565
-0.06641177413
-0.06872867349
-0.07106876145
-0.07339804299
-0.07567924738
-0.07787191758
-0.07993255204
-0.08181480502
-0.08346975565
-0.08484626177
-0.08589141735
-0.0865510187
-0.08676994955
-0.08649464291
-0.08567227377
-0.08425181934
-0.08218679803
-0.07943635197
-0.07596765037
-0.07175867537
-0.06680158595
-0.06110682587
-0.0547080494
-0.0476678439
-0.04008407911
-0.03209636448
-0.02389159633
-0.01570690933
-0.007827642261
-0.0005774963024
0.005701596356
0.01068035413
0.01408036648
0.0157165435
0.01554035922
0.01358851606
0.009719776782
0.004968139729
-0.04683570655
-0.04778583109
-0.04864663517
-0.04925634322
-0.04966300654
-0.04988554604
-0.04995031578
-0.04989631008
-0.04976883995
-0.04961498521
-0.04948042319
-0.04940714136
-0.04943200151
-0.04958601961
-0.0498941704
-0.05037553679
-0.05104365555
-0.05190694619
-0.05296914535
-0.05422969824
-0.05568408175
-0.05732405114
-0.05913781268
-0.06111013095
-0.06322238382
-0.06545258366
-0.06777537415
-0.07016201657
-0.07258038909
-0.07499500385
-0.07736704522
-0.07965444564
-0.08181201839
-0.08379164311
-0.08554251734
-0.08701148753
-0.0881434797
-0.08888198128
-0.08916943285
-0.08894884811
-0.08816506153
-0.0867632332
-0.08469306914
-0.08190932694
-0.07837414626
-0.07405974533
-0.06895165179
-0.0630527205
-0.05638806861
-0.04901097777
-0.04100977411
-0.03251535728
-0.02370855518
-0.01482574673
-0.006160241421
0.001943970868
0.009109740411
0.01495760332
0.01914797773
0.02143234726
0.02170948383
0.01998040959
0.01606932235
0.01109841124
-0.04992096582
-0.05099040655
-0.05193442632
-0.05256121552
-0.05292641982
-0.05305447221
-0.05297972369
-0.05275154972
-0.05242632221
-0.05206170245
-0.05171277918
-0.05142941928
-0.05125472387
-0.05122437344
-0.05136659852
-0.0517025415
-0.05224682378
-0.05300818256
-0.0539900876
-0.05519128518
-0.0566062432
-0.05822549273
-0.0600358718
-0.06202068219
-0.06415977714
-0.0664296139
-0.06880326116
-0.07125037468
-0.07373720935
-0.07622665075
-0.07867822899
-0.08104816629
-0.08328950818
-0.08535229344
-0.08718378743
-0.08872879155
-0.08993004892
-0.09072873558
-0.0910648736
-0.09087814915
-0.09011108964
-0.08870516183
-0.08660646759
-0.08376569276
-0.0801403261
-0.07569726062
-0.07041589757
-0.06429206323
-0.05734281524
-0.04961234147
-0.04117914313
-0.03216434298
-0.02274055591
-0.01314003908
-0.003659682735
0.005340893356
0.01345285533
0.02024713658
0.02531899932
0.02834750132
0.02916627063
0.02772763565
0.02380925337
0.01862521223
-0.05316669142
-0.05439371811
-0.05544448762
-0.05608837477
-0.05639409382
-0.05639575506
-0.056139892
-0.05569037238
-0.05511816354
-0.05449425727
-0.05388510245
-0.05334967606
-0.05293795967
-0.05269048984
-0.05263862481
-0.05280522811
-0.05320554317
-0.05384810186
-0.05473556852
-0.05586546621
-0.05723076092
-0.058820305
-0.06061915968
-0.06260880042
-0.06476722384
-0.06706906712
-0.06948561386
-0.07198473672
-0.07453093877
-0.07708531646
-0.0796055585
-0.08204604742
-0.08435795804
-0.08648939847
-0.08838562169
-0.08998931225
-0.09124096661
-0.09207937723
-0.09244207035
-0.09226567748
-0.09148985831
-0.09005317875
-0.08789809256
-0.08497120031
-0.08122555504
-0.07662302772
-0.07113730085
-0.0647577022
-0.05749375703
-0.04938096874
-0.04048817382
-0.03092625036
-0.02085814696
-0.01050925734
-0.0001759788703
0.009771330444
0.01889659145
0.02672309065
0.03277819178
0.03665979809
0.03812266592
0.03705458661
0.03317077085
0.02778051245
-0.05662533463
-0.05805713457
-0.05924118113
-0.05989732999
-0.06011583631
-0.05994692534
-0.05945533629
-0.05872493418
-0.05784570915
-0.05690518374
-0.05598323343
-0.05514906983
-0.05445995952
-0.05396119061
-0.05368681381
-0.05366078714
-0.05389826011
-0.05440682424
-0.05518762885
-0.05623631459
-0.05754374595
-0.05909655613
-0.060877572
-0.06286610122
-0.06503802577
-0.06736588547
-0.06981885544
-0.07236274395
-0.07496004662
-0.07756993424
-0.08014821379
-0.08264735158
-0.08501656559
-0.08720195305
-0.0891466801
-0.09079124452
-0.0920738289
-0.09293076247
-0.09329698801
-0.09310638002
-0.09229487603
-0.09079816344
-0.08855478497
-0.08550758069
-0.08160514336
-0.07680508785
-0.07107602854
-0.06440053998
-0.05678086001
-0.04824419332
-0.03884997823
-0.02869873769
-0.01794295423
-0.006799179069
0.004440139486
0.01539861586
0.02561786093
0.03457658934
0.04173275364
0.04659477018
0.04882346499
0.04822282599
0.04442434404
0.03883527695
-0.06037323358
-0.06206751421
-0.06341330769
-0.0640681236
-0.06415692091
-0.063755873
-0.06295647426
-0.06186983025
-0.06061035192
-0.05928565261
-0.05799104261
-0.05680678571
-0.05579741179
-0.05501239929
-0.0544876237
-0.05424713124
-0.05430494656
-0.05466673501
-0.05533122523
-0.0562913675
-0.05753522334
-0.05904669005
-0.06080593408
-0.0627896062
-0.06497097765
-0.06732013548
-0.06980399732
-0.07238621582
-0.07502717927
-0.0776839754
-0.08031036069
-0.08285676991
-0.08527036978
-0.08749515939
-0.08947213289
-0.09113951474
-0.09243308344
-0.0932866043
-0.0936323086
-0.09340124373
-0.09252561529
-0.09093829606
-0.08857373412
-0.08537073608
-0.08127349366
-0.07623406403
-0.07021529317
-0.06319393664
-0.0551664198
-0.04615233025
-0.0362007739
-0.02540161169
-0.0138962145
-0.001890840712
0.0103286805
0.02238403762
0.03379948744
0.04401295013
0.05241244012
0.05840885632
0.06155247866
0.0615399006
0.05789009116
0.05211017222
-0.06452142603
-0.06654783944
-0.06808328066
-0.06870797341
-0.06860212655
-0.06788272221
-0.06667995515
-0.06514148393
-0.0634124732
-0.06162431151
-0.05988938419
-0.05829921095
-0.05692487237
-0.05581881189
-0.05501727874
-0.05454291993
-0.05440722596
-0.05461266029
-0.05515440777
-0.05602183105
-0.05719947186
-0.0586678137
-0.06040369822
-0.06238066057
-0.06456917313
-0.06693666166
-0.06944751008
-0.07206300347
-0.07474127034
-0.07743721405
-0.08010245907
-0.0826853304
-0.08513087322
-0.08738092205
-0.08937423188
-0.0910466816
-0.09233156447
-0.09315998647
-0.09346134074
-0.09316368943
-0.09219541441
-0.09048621228
-0.08796623099
-0.08456996302
-0.08023686152
-0.07491376099
-0.0685576488
-0.061138842
-0.05264523218
-0.04308750939
-0.03250726031
-0.02098470869
-0.00864819191
0.004308563509
0.0176090115
0.03087625843
0.04362165321
0.05524623173
0.06506806531
0.07239240878
0.07664024869
0.07737144658
0.07395273882
0.06799144615
-0.06923228456
-0.07167294528
-0.07342004787
-0.07395999726
-0.07356047063
-0.07240146984
-0.07066824874
-0.06855660657
-0.06624946035
-0.06390530617
-0.06165436763
-0.05959855953
-0.05781375262
-0.05635320656
-0.05525133623
-0.05452731332
-0.05418824302
-0.0542317944
-0.0546483506
-0.0554226375
-0.05653478339
-0.05796108847
-0.05967460293
-0.06164541637
-0.06384081937
-0.06622532326
-0.06876061721
-0.07140548004
-0.07411567732
-0.07684385585
-0.07953945398
-0.08214864304
-0.08461431002
-0.08687609096
-0.08887046575
-0.09053092491
-0.09178822179
-0.09257073048
-0.0928049003
-0.09241565719
-0.09132748835
-0.08946653254
-0.08675836349
-0.08313275729
-0.07852389756
-0.07287274259
-0.06612969792
-0.05825775793
-0.04923654295
-0.03906738181
-0.02778005652
-0.01544148316
-0.002169934938
0.01185307458
0.02636554202
0.04099655734
0.05524872605
0.06848959515
0.07996706148
0.08887179146
0.09447350659
0.09615793166
0.09308358332
0.08695516268
-0.07474573561
-0.07769310268
-0.07965727809
-0.08001436931
-0.07917021719
-0.07740058979
-0.07496758926
-0.07212886883
-0.06911205274
-0.066104859
-0.06325443686
-0.06067053009
-0.05843052378
-0.05658510898
-0.05516370889
-0.05417924441
-0.05363208815
-0.05351325402
-0.05380688437
-0.05449186503
-0.05554292283
-0.05693155456
-0.05862651504
-0.06059406391
-0.06279805205
-0.06519989185
-0.06775845633
-0.07042993673
-0.07316768734
-0.07592207349
-0.0786403383
-0.08126650171
-0.08374130189
-0.08600218828
-0.08798337572
-0.08961596987
-0.09082817562
-0.09154560768
-0.09169170871
-0.09118815058
-0.08995550231
-0.08791596809
-0.0849902608
-0.08110297795
-0.07618241843
-0.07016283868
-0.06298702073
-0.05460927747
-0.04499928813
-0.03414699522
-0.02206912838
-0.008817954197
0.005506334054
0.02073964339
0.03663001167
0.05281947941
0.06880981835
0.08393913981
0.09738380696
0.108208947
0.1155060914
0.1184376882
0.1158731673
0.1096051397
-0.08142177118
-0.08496986473
-0.08711875541
-0.08712183928
-0.08560292724
-0.0829809069
-0.07962254917
-0.07586224234
-0.07197773086
-0.06818537243
-0.06464544398
-0.06147036278
-0.05873364259
-0.05647841827
-0.05472481573
-0.05347592726
-0.05272257036
-0.05244707692
-0.05262565013
-0.05322993937
-0.05422844693
-0.05558724728
-0.05727036904
-0.05923994544
-0.06145620499
-0.06387735439
-0.06645939868
-0.0691559296
-0.07191790784
-0.07469345556
-0.07742767311
-0.08006249127
-0.08253656786
-0.08478523711
-0.08674051977
-0.0883312029
-0.08948299964
-0.09011880538
-0.09015906294
-0.08952213882
-0.0881247253
-0.08588476481
-0.08271787768
-0.07854302286
-0.07328195978
-0.06686131683
-0.05921498181
-0.05028687066
-0.04003446568
-0.02843341777
-0.01548376083
-0.001218494269
0.01428416354
0.0308837567
0.04835342891
0.06634713651
0.08437187916
0.1017481299
0.1175808427
0.1307951664
0.1402699989
0.1448781784
0.1430806536
0.1367341584
-0.08981160041
-0.09403128404
-0.09625314741
-0.09560833209
-0.09306359104
-0.08924734467
-0.08466408643
-0.07973836816
-0.07479906635
-0.07008548265
-0.06576255983
-0.06193645625
-0.05866857581
-0.05598750494
-0.05389848138
-0.05239034943
-0.05144134488
-0.05102263892
-0.05110046649
-0.05163819731
-0.05259731423
-0.05393794276
-0.05561906507
-0.05759851354
-0.05983282167
-0.06227698804
-0.06488419544
-0.06760551442
-0.07038961277
-0.07318248553
-0.07592721685
-0.07856378235
-0.08102889898
-0.08325592888
-0.08517484351
-0.08671225514
-0.08779152383
-0.08833295318
-0.08825408782
-0.08747003792
-0.08589374546
-0.08343867183
-0.08001523958
-0.07553638824
-0.06991673126
-0.06307433682
-0.05493282389
-0.04542375569
-0.03448972256
-0.02208843249
-0.008198353983
0.007173210813
0.02397818195
0.04211005539
0.06137774648
0.08146831467
0.1019019859
0.1219883791
0.1407749659
0.1570329527
0.1693833138
0.1763180719
0.1757104628
0.1694268636
-0.1007804153
-0.1056576986
-0.1076795413
-0.1058863248
-0.1017803995
-0.09628809141
-0.09008558119
-0.08369371982
-0.07748398248
-0.07170397744
-0.06650764173
-0.06198062687
-0.05816028856
-0.05505149149
-0.05263750018
-0.05088815787
-0.04976530328
-0.04922605453
-0.04922530603
-0.04971710255
-0.05065527517
-0.0519936678
-0.05368608338
-0.05568605161
-0.05794649394
-0.06041933731
-0.06305511183
-0.0658025559
-0.06860824507
-0.07141625498
-0.07416786596
-0.07680131473
-0.07925159758
-0.08145032898
-0.08332565966
-0.08480225895
-0.08580136687
-0.08624092512
-0.08603579611
-0.08509801117
-0.08333698996
-0.08066166141
-0.07697733778
-0.07219072104
-0.06620883187
-0.05894038946
-0.05029746068
-0.04019729112
-0.02856469037
-0.01533528395
-0.00046016749
0.01608709295
0.03429951789
0.05411940317
0.07541098783
0.09791865026
0.121207844
0.144593621
0.1670808829
0.1872953327
0.2035464901
0.2138187687
0.2151277141
0.209233858
-0.1157247135
-0.1210148329
-0.1222407475
-0.1184512876
-0.1119707466
-0.104129448
-0.09579796801
-0.08758047456
-0.07986411154
-0.07287530353
-0.06673071367
-0.06147424192
-0.05710317014
-0.05358696534
-0.05087890522
-0.0489237329
-0.04766296849
-0.04703769525
-0.04699013675
-0.04746430873
-0.04840611074
-0.0497630913
-0.05148402091
-0.05351836631
-0.05581572694
-0.05832527164
-0.06099519921
-0.06377223664
-0.06660118366
-0.06942450791
-0.07218199342
-0.07481044385
-0.07724344165
-0.07941116419
-0.08124025818
-0.08265377453
-0.0835711657
-0.08390835075
-0.0835778502
-0.0824889398
-0.08054786026
-0.07765917959
-0.07372342685
-0.06864109399
-0.06231144139
-0.05463336723
-0.04550643759
-0.0348319355
-0.02251424102
-0.00846280733
0.007404784159
0.02515776208
0.04484342005
0.06647183863
0.08998944301
0.1152347055
0.1418679978
0.1692698599
0.1964243559
0.2218446591
0.2435032186
0.2587050686
0.2632098569
0.2584491411
-0.1369785307
-0.1418614457
-0.1410471965
-0.1338338027
-0.123756198
-0.1126457543
-0.1015504397
-0.09110306031
-0.08164688576
-0.07333454246
-0.06620532011
-0.06023200615
-0.0553509978
-0.05148222683
-0.0485392305
-0.0464364955
-0.04509234529
-0.04443027812
-0.04437920972
-0.04487308378
-0.04585015771
-0.04725214672
-0.04902332863
-0.05110966909
-0.05345799871
-0.05601525759
-0.05872781294
-0.06154085047
-0.06439783779
-0.06724005675
-0.07000620144
-0.07263203902
-0.07505013073
-0.07718961119
-0.07897602438
-0.08033121525
-0.081173276
-0.08141654727
-0.08097166944
-0.07974563301
-0.07764197021
-0.07456132584
-0.07040002442
-0.06505269365
-0.05841106112
-0.05036422733
-0.04079891479
-0.02959951852
-0.01664815357
-0.001824855065
0.01499172573
0.03392235836
0.05508244793
0.07857147188
0.1044512902
0.1327044026
0.1631588206
0.1953622836
0.2283954618
0.2606821565
0.2899224488
0.3125736549
0.3225871502
0.3206230715
-0.1686444466
-0.1708818812
-0.1654671729
-0.1524485507
-0.1369791019
-0.1213927328
-0.1067981722
-0.09372076535
-0.08234766833
-0.07267512912
-0.06460516155
-0.05800061453
-0.05271126555
-0.04859304543
-0.04551276204
-0.04335074813
-0.04200073402
-0.04136858487
-0.04137058798
-0.0419316346
-0.04298347183
-0.04446310447
-0.04631137245
-0.0484717025
-0.05088902168
-0.05350881555
-0.05627631382
-0.05913578756
-0.06202994446
-0.06489941044
-0.06768228884
-0.07031378892
-0.07272591849
-0.07484723487
-0.07660265062
-0.07791328919
-0.07869638714
-0.07886523765
-0.07832916501
-0.07699347253
-0.07475959054
-0.071524965
-0.0671825119
-0.0616217096
-0.05472747111
-0.04637977692
-0.0364530351
-0.02481497276
-0.01132507967
0.004167429603
0.02182605461
0.04182944752
0.06437276744
0.08966547066
0.1179203192
0.1493234622
0.1839674945
0.2217175702
0.2619686774
0.3032862439
0.3431669438
0.3772931109
0.3972247997
0.4018877316
-0.2180985214
-0.2121286326
-0.1969787284
-0.1742671383
-0.1508735869
-0.1293411388
-0.1105123204
-0.09453275423
-0.08123374319
-0.07032850325
-0.06150171026
-0.05446169633
-0.04895140076
-0.04475224476
-0.04168064471
-0.03958300632
-0.03833039339
-0.03781362039
-0.03793903298
-0.0386249895
-0.03979896839
-0.04139520374
-0.04335275191
-0.04561390422
-0.04812287591
-0.05082471608
-0.05366439533
-0.05658603821
-0.05953227499
-0.06244369363
-0.0652583772
-0.06791151544
-0.07033508149
-0.07245756645
-0.0742037651
-0.07549460638
-0.0762470211
-0.07637383914
-0.07578369873
-0.07438090066
-0.07206550385
-0.0687327555
-0.06427309737
-0.05857195381
-0.05150867941
-0.04295556582
-0.03277630708
-0.02082369291
-0.006936331766
0.009065895068
0.02738797167
0.04826770735
0.07198539157
0.09887403106
0.1293266695
0.1637920564
0.2027393143
0.2465516362
0.2952757651
0.348148582
0.4029250144
0.4547432048
0.4926807747
0.5126695274
-0.2975204308
-0.2709734693
-0.2363905759
-0.1980204887
-0.1634493465
-0.1344952392
-0.1110013719
-0.0922303004
-0.07734249824
-0.06560415105
-0.05641100651
-0.04928330955
-0.04384631518
-0.03980858047
-0.03694214447
-0.03506682276
-0.03403811989
-0.03373805633
-0.0340682806
-0.0349448998
-0.03629457235
-0.03805152546
-0.04015524899
-0.04254868759
-0.0451768014
-0.04798540463
-0.05092021503
-0.05392606844
-0.05694626322
-0.05992201114
-0.06279197545
-0.06549188398
-0.06795420508
-0.07010787951
-0.07187809843
-0.07318612104
-0.07394912109
-0.0740800525
-0.07348750968
-0.07207550183
-0.06974349866
-0.06638576008
-0.06189122449
-0.05614268601
-0.04901569368
-0.04037701837
-0.03008235862
-0.01797297597
-0.003870838431
0.01242833339
0.0311649516
0.05262947528
0.07718170067
0.1052767782
0.13749845
0.1745967309
0.2175177566
0.2673888445
0.3253707027
0.3922214603
0.4672270035
0.5453697884
0.6130663512
0.6637758369
-0.4318766303
-0.3531847836
-0.2799115473
-0.218220712
-0.1697542398
-0.1330242093
-0.1055691598
-0.08499675829
-0.06948229182
-0.05773969536
-0.04885226471
-0.04216461235
-0.03720836918
-0.03364454546
-0.03122273239
-0.02975384243
-0.02909157052
-0.02911960269
-0.02974276444
-0.03088082417
-0.03246407342
-0.0344301096
-0.03672144484
-0.0392836879
-0.04206413127
-0.04501062944
-0.04807069246
-0.05119074112
-0.05431548868
-0.05738742254
-0.06034636878
-0.06312912517
-0.06566915359
-0.06789632191
-0.06973668852
-0.07111231965
-0.07194113056
-0.07213673584
-0.07160827898
-0.07026020314
-0.06799221703
-0.06469870032
-0.0602681722
-0.05458246225
-0.04751545862
-0.03893122658
-0.02868124132
-0.01660032783
-0.002500720811
0.01383663223
0.03267484493
0.05433995079
0.07924889662
0.1079512439
0.1411911474
0.1799980605
0.2258134923
0.2806482288
0.3472252224
0.428948108
0.5288559386
0.6448358
0.7628674597
0.8747299978
-0.7301464297
-0.4690568738
-0.3091753603
-0.2186908826
-0.1582722351
-0.1170445266
-0.08912066115
-0.06962152978
-0.05560394074
-0.04538869567
-0.03790277359
-0.03243695087
-0.02852231124
-0.02583953338
-0.02416243839
-0.02332517448
-0.02320176899
-0.02369288465
-0.02471720077
-0.02620568811
-0.02809768132
-0.03033810079
-0.03287542726
-0.03566017833
-0.0386437275
-0.04177736367
-0.04501152516
-0.04829516413
-0.05157521277
-0.05479613097
-0.05789952197
-0.06082380582
-0.06350394291
-0.06587120082
-0.06785295779
-0.06937253505
-0.07034904854
-0.07069726483
-0.07032742092
-0.06914514653
-0.06705122139
-0.06394101246
-0.05970396848
-0.05422281055
-0.0473722508
-0.03901708048
-0.0290093584
-0.01718427049
-0.003354024269
0.0127011986
0.03124677917
0.05261420218
0.07723279417
0.1056798171
0.138761367
0.1776458863
0.2240879152
0.2808058314
0.3521218024
0.4449507683
0.5694710215
0.7383268455
0.9737213218
1.300944941
-1.424555507
-0.6451034424
-0.3287024913
-0.2089953285
-0.1362282048
-0.09146940568
-0.06533464033
-0.04893546219
-0.03790872519
-0.0302913093
-0.02496011044
-0.02123923162
-0.01872987289
-0.01718360601
-0.01643357059
-0.01636084733
-0.01687570699
-0.01790646725
-0.0193928799
-0.02128206195
-0.02352583644
-0.0260788984
-0.02889748419
-0.03193835658
-0.03515799609
-0.03851193421
-0.0419541895
-0.04543678269
-0.04890931565
-0.05231860467
-0.05560836152
-0.05871891774
-0.06158698827
-0.0641454709
-0.06632327705
-0.06804518848
-0.0692317317
-0.06979905741
-0.06965883972
-0.06871815254
-0.06687919812
-0.06403894683
-0.06008867647
-0.05491324218
-0.04838994397
-0.04038683572
-0.03076022633
-0.01935099287
-0.005979133977
0.009564329707
0.02752956307
0.04822670386
0.07205562537
0.09955486515
0.1314857004
0.168983844
0.2138467642
0.2691054302
0.3402314232
0.4376899407
0.5812702041
0.81034349
1.2496768
2.170138897
)
;

boundaryField
{
    movingWall
    {
        type            zeroGradient;
    }
    fixedWalls
    {
        type            zeroGradient;
    }
    frontAndBack
    {
        type            empty;
    }
}


// ************************************************************************* //
