/*--------------------------------*- C++ -*----------------------------------*\
  =========                 |
  \\      /  F ield         | OpenFOAM: The Open Source CFD Toolbox
   \\    /   O peration     | Website:  https://openfoam.org
    \\  /    A nd           | Version:  11
     \\/     M anipulation  |
\*---------------------------------------------------------------------------*/
FoamFile
{
    format      ascii;
    class       volScalarField;
    location    "1400";
    object      p;
}
// * * * * * * * * * * * * * * * * * * * * * * * * * * * * * * * * * * * * * //

dimensions      [0 2 -2 0 0 0 0];

internalField   nonuniform List<scalar> 
4096
(
6.538306138e-10
-3.457748599e-05
-0.0001480057658
-0.0003329559142
-0.0005641589583
-0.0008208444028
-0.001086258566
-0.001347068298
-0.001593039163
-0.001816537747
-0.002012004993
-0.002175487648
-0.00230424299
-0.002396415896
-0.002450783343
-0.002466559649
-0.002443255293
-0.002380582298
-0.002278399394
-0.002136690593
-0.001955571099
-0.001735314874
-0.001476398481
-0.001179556204
-0.0008458417049
-0.0004766918206
-7.398835754e-05
0.0003598859835
0.0008220011438
0.001308846016
0.001816310489
0.002339685864
0.002873686371
0.003412492335
0.003949814371
0.004478982404
0.004993058152
0.005484967715
0.00594765247
0.006374234718
0.00675819362
0.007093546133
0.007375027092
0.007598262212
0.007759927736
0.007857890773
0.00789132504
0.007860797792
0.007768325115
0.007617394434
0.00741295496
0.007161378712
0.006870396505
0.006549014612
0.006207418239
0.005856866561
0.005509577968
0.005178597479
0.004877608757
0.004620563275
0.004420936096
0.004290956673
0.004239956502
0.004251280308
3.422761859e-05
-5.588664253e-07
-9.961287962e-05
-0.0002586005597
-0.0004570951366
-0.0006782101784
-0.000908067722
-0.001135256368
-0.001350704827
-0.001547411675
-0.001720096944
-0.00186486181
-0.001978883993
-0.002060157771
-0.00210728113
-0.002119288879
-0.002095528536
-0.002035574736
-0.001939177486
-0.001806239405
-0.001636817097
-0.001431141929
-0.001189655605
-0.0009130561879
-0.0006023503642
-0.0002589080051
0.0001154847323
0.0005185772983
0.0009476149539
0.001399310346
0.001869829193
0.002354792547
0.002849298608
0.003347963935
0.0038449831
0.004334211881
0.004809271906
0.005263673321
0.005690954134
0.006084832959
0.006439370954
0.006749138063
0.007009378109
0.007216166949
0.00736655787
0.007458708669
0.007491985506
0.007467039549
0.007385853684
0.007251758041
0.007069414672
0.006844773261
0.006585001089
0.006298391243
0.005994252885
0.005682785512
0.005374935469
0.005082224035
0.004816518059
0.004589643088
0.00441276358
0.004296343078
0.004250602095
0.004262361681
0.0001482354587
9.786519743e-05
-2.275092422e-06
-0.0001479645289
-0.0003244280136
-0.000518828542
-0.0007201885337
-0.0009191813784
-0.001108148389
-0.001280988544
-0.001432955815
-0.001560432132
-0.001660707186
-0.001731780119
-0.001772190837
-0.00178088387
-0.001757104772
-0.001700327223
-0.001610207995
-0.001486566367
-0.001329384289
-0.001138823494
-0.0009152557532
-0.0006593025518
-0.0003718805531
-5.424936677e-05
0.0002919417398
0.0006646113901
0.001061210948
0.001478699509
0.001913531588
0.002361659834
0.002818555917
0.003279248989
0.003738380815
0.004190283461
0.004629076689
0.005048781976
0.005443452193
0.005807313818
0.006134917698
0.006421293754
0.006662104424
0.006853791331
0.006993709581
0.007080244369
0.007112905103
0.007092393157
0.007020640486
0.006900817692
0.00673731151
0.006535673081
0.006302539413
0.006045531051
0.005773128697
0.005494529948
0.005219484557
0.004958103329
0.004720624092
0.004517062187
0.004356733853
0.004248734869
0.004204012294
0.004212254222
0.000336354779
0.0002574966743
0.0001406802395
-7.050634782e-06
-0.0001764438629
-0.0003579447267
-0.0005429584391
-0.0007240760766
-0.0008950952287
-0.001050969841
-0.001187692946
-0.00130214463
-0.001391933125
-0.001455245366
-0.001490716161
-0.001497320633
-0.001474291544
-0.001421061126
-0.00133722583
-0.001222531607
-0.001076876903
-0.0009003303466
-0.0006931599517
-0.0004558706899
-0.0001892472882
0.0001056008295
0.0004271954646
0.0007736493537
0.001142632488
0.001531347722
0.001936518128
0.002354388375
0.002780743372
0.003210943732
0.003639976197
0.004062526885
0.004473073334
0.004865992626
0.005235684938
0.005576709493
0.005883929046
0.006152658384
0.006378811698
0.006559043332
0.006690876297
0.006772813146
0.006804424346
0.006786410095
0.006720632663
0.006610117632
0.006459023808
0.006272582914
0.006057011327
0.005819396832
0.005567563504
0.005309917085
0.005055272008
0.004812661218
0.0045911245
0.004399426922
0.004245730354
0.004138229395
0.00408732438
0.004084925518
0.0005750020755
0.0004590542359
0.0003153114761
0.0001555728455
-1.642890816e-05
-0.0001940493281
-0.0003707818995
-0.0005410116403
-0.0006999862117
-0.0008437814174
-0.0009692374491
-0.001073857884
-0.001155695466
-0.001213240961
-0.001245324037
-0.001251031194
-0.001229643051
-0.001180591411
-0.001103435243
-0.0009978539405
-0.000863655666
-0.0007007983643
-0.0005094208078
-0.0002898809995
-4.279921156e-05
0.000230897058
0.0005299289219
0.0008526254186
0.001196888955
0.00156016945
0.001939449596
0.002331243532
0.002731611987
0.003136194504
0.003540255352
0.003938752789
0.004326426927
0.004697903775
0.005047815037
0.005370930687
0.005662300512
0.00591740006
0.006132275794
0.006303683801
0.006429216258
0.006507410003
0.00653783209
0.006521137985
0.00645909925
0.006354598842
0.006211593693
0.006035045642
0.005830823155
0.005605577264
0.005366595762
0.00512163974
0.004878766463
0.004646143699
0.004431858174
0.004243691602
0.004088900013
0.003974721304
0.003909817853
0.003888914011
0.0008443606494
0.0006860856683
0.0005088418307
0.0003301960112
0.00014861236
-3.184537096e-05
-0.0002065096542
-0.0003714205565
-0.0005232211137
-0.0006591139701
-0.0007768304014
-0.0008745630291
-0.0009508831178
-0.001004658398
-0.001034979469
-0.001041099453
-0.001022389326
-0.0009783096237
-0.0009083980636
-0.0008122718554
-0.0006896429865
-0.0005403444689
-0.0003643653528
-0.0001618922093
6.664528753e-05
0.0003205270981
0.0005986963374
0.0008997160773
0.001221731953
0.001562443092
0.001919083806
0.002288418391
0.002666751588
0.003049957485
0.003433521075
0.003812603804
0.004182128199
0.004536879234
0.004871622247
0.005181234444
0.005460846139
0.005705987102
0.00591273262
0.006077843361
0.006198892937
0.006274377131
0.006303799277
0.006287727093
0.006227817456
0.006126807045
0.005988468397
0.005817532561
0.005619581117
0.005400911685
0.005168382035
0.004929238584
0.004690935494
0.004460951505
0.004246610023
0.004054896257
0.003892313399
0.003765109162
0.003679603746
0.003633936564
0.001127555068
0.0009241946978
0.0007094405756
0.0005071270037
0.0003108415495
0.0001223925125
-5.515843289e-05
-0.0002193563245
-0.0003681556619
-0.0004998523319
-0.0006130706161
-0.0007067167284
-0.0007799172525
-0.0008319580627
-0.0008622305783
-0.0008701893244
-0.0008553229529
-0.000817139409
-0.0007551649058
-0.0006689556954
-0.0005581211955
-0.0004223567601
-0.0002614842102
-7.549812265e-05
0.0001353842152
0.0003706713677
0.000629547103
0.0009108228983
0.001212896044
0.001533715849
0.001870760491
0.002221026924
0.002581035565
0.002946855852
0.003314143416
0.003678201962
0.004034065448
0.004376597871
0.004700610778
0.005000995547
0.005272866521
0.00551171022
0.00571353498
0.00587501479
0.005993620783
0.006067733902
0.006096732718
0.006081051255
0.006022202906
0.005922768098
0.005786345155
0.005617465696
0.005421477741
0.0052044014
0.004972763351
0.004733417389
0.004493358952
0.004259541454
0.004038700666
0.003837201193
0.003660953926
0.00351529722
0.003404053019
0.003329229731
0.001409932115
0.001160410755
0.0009059775045
0.0006769238264
0.0004623605201
0.0002621247456
7.78744015e-05
-8.929736139e-05
-0.0002385624436
-0.0003692553901
-0.0004808684334
-0.0005730168728
-0.0006453911015
-0.0006977105592
-0.0007296851816
-0.0007409874659
-0.0007312368677
-0.0006999970135
-0.0006467853509
-0.0005710942992
-0.0004724226077
-0.000350315408
-0.0002044112958
-3.449466346e-05
0.0001594486001
0.0003771740468
0.0006181223776
0.0008813662001
0.001165562243
0.001468911563
0.001789130437
0.00212343447
0.002468536437
0.002820668377
0.003175614284
0.00352876811
0.00387521402
0.004209825307
0.004527382578
0.004822708213
0.00509081313
0.005327050887
0.005527273196
0.005687980221
0.005806458628
0.005880900375
0.005910495627
0.005895494115
0.005837230537
0.00573811135
0.005601562248
0.005431937793
0.005234396791
0.00501474901
0.004779280475
0.004534565911
0.004287277603
0.004043998513
0.003811045775
0.003594339491
0.00339937556
0.00323074349
0.003089864522
0.002982936403
0.001678755159
0.001383075171
0.001088068365
0.0008304735131
0.0005952743987
0.0003805668394
0.0001867700288
1.374186878e-05
-0.0001388144549
-0.0002712086481
-0.0003837601981
-0.0004767698061
-0.0005504799293
-0.0006050394671
-0.0006404769037
-0.0006566841456
-0.0006534122679
-0.0006302793784
-0.0005867900971
-0.0005223657088
-0.0004363837709
-0.0003282257897
-0.0001973314576
-4.325783954e-05
0.0001342582211
0.0003352363484
0.0005593895719
0.0008060641893
0.00107418496
0.001362208225
0.001668085867
0.001989242766
0.002322566727
0.002664426735
0.003010701104
0.003356831015
0.00369789909
0.004028727758
0.004343998763
0.00463839079
0.004906731173
0.005144156539
0.005346276172
0.005509331043
0.005630340937
0.005707232056
0.005738937831
0.005725466608
0.00566793126
0.005568537631
0.005430530912
0.005258101452
0.005056253956
0.004830646313
0.004587406234
0.004332935408
0.004073711615
0.003816096392
0.003566154093
0.003329538834
0.003111520968
0.002916143917
0.002742643905
0.002601616042
0.001922815573
0.001581659381
0.001246049864
0.0009590403634
0.0007017738633
0.0004707812784
0.0002653718016
8.427423768e-05
-7.384879421e-05
-0.0002102176518
-0.0003259309636
-0.0004219397483
-0.0004990133941
-0.0005577123148
-0.0005983703871
-0.000621088555
-0.0006257403179
-0.000611989021
-0.0005793163022
-0.0005270607181
-0.0004544653705
-0.0003607332417
-0.0002450888476
-0.0001068447296
5.452882604e-05
0.0002393326138
0.0004475678592
0.0006788683059
0.0009324374753
0.001206993773
0.001500726616
0.00181126642
0.002135665575
0.002470412005
0.002811452844
0.003154242484
0.003493819383
0.003824903803
0.004142018866
0.004439631915
0.004712312087
0.004954898823
0.005162674808
0.00533153585
0.005458149586
0.005540094688
0.005575972599
0.005565484697
0.005509469262
0.005409894605
0.005269807115
0.005093235653
0.004885056496
0.004650825596
0.004396587178
0.004128669433
0.003853478788
0.003577300155
0.003306108728
0.003045471974
0.002800628895
0.002575293846
0.002366768582
0.002190181665
0.002132069106
0.001746552184
0.001370899533
0.001054273686
0.0007742048557
0.0005257891794
0.0003073219505
0.0001164883129
-4.901650817e-05
-0.000191262696
-0.0003120780102
-0.0004130229798
-0.0004953607545
-0.0005600362034
-0.0006076662001
-0.0006385416714
-0.000652641664
-0.0006496590777
-0.0006290372943
-0.0005900166906
-0.0005316899033
-0.0004530646316
-0.0003531327007
-0.0002309440162
-8.56839037e-05
8.32478596e-05
0.0002761582561
0.0004929846927
0.0007332235942
0.0009958666908
0.00127934846
0.001581507826
0.001899559201
0.002230099778
0.002569129116
0.002912090084
0.003253943496
0.003589264701
0.003912365978
0.004217441776
0.004498732694
0.004750702868
0.004968223994
0.005146758097
0.005282530331
0.005372682785
0.005415400478
0.005410001576
0.005356985397
0.005258033805
0.005115964261
0.004934635711
0.004718811568
0.004473986976
0.004206190066
0.003921768926
0.00362717682
0.003328762869
0.003032573733
0.002744267417
0.002469243754
0.002211101084
0.001965446551
0.001752047492
0.002297355434
0.00186887888
0.001454150462
0.001108193641
0.000805107951
0.0005386479886
0.0003061641403
0.000104364587
-6.996140033e-05
-0.0002196789928
-0.0003472965613
-0.0004549415199
-0.0005443335608
-0.0006167695911
-0.0006731211702
-0.0007138442582
-0.000739001101
-0.0007482936754
-0.0007411078262
-0.0007165670857
-0.0006735951017
-0.0006109855603
-0.0005274784425
-0.0004218413596
-0.0002929545674
-0.0001398980422
3.796127083e-05
0.0002408842504
0.0004686789476
0.0007206273404
0.0009954232431
0.001291124871
0.001605115105
0.001934099902
0.002274124763
0.002620606163
0.002968403309
0.003311912578
0.003645190578
0.003962102951
0.004256494919
0.004522378226
0.004754127556
0.004946678139
0.005095715274
0.005197845939
0.005250742785
0.005253251518
0.005205454207
0.005108683205
0.004965483185
0.004779521988
0.00455545439
0.004298746205
0.004015468947
0.003712077705
0.003395185765
0.003071343136
0.002746824627
0.002427551509
0.002119270515
0.001825663725
0.001540849112
0.001289344392
0.002410195953
0.001940363255
0.00148781892
0.001113172567
0.0007872427599
0.0005025084996
0.0002554231902
4.176919317e-05
-0.0001425194907
-0.0003010548415
-0.0004369806265
-0.0005529492137
-0.0006510984047
-0.0007330422409
-0.0007998754426
-0.0008521905491
-0.0008901071925
-0.0009133127398
-0.0009211133829
-0.0009124947049
-0.0008861907449
-0.000840760575
-0.0007746713672
-0.0006863868321
-0.0005744597472
-0.0004376270527
-0.0002749056785
-8.568690468e-05
0.0001301732913
0.0003722708126
0.0006395809499
0.000930400904
0.001242298709
0.001572098712
0.001915896841
0.002269079065
0.002626389304
0.002982020182
0.003329735563
0.003663022118
0.003975266129
0.004259950327
0.004510863764
0.004722316138
0.004889346728
0.005007917317
0.005075078362
0.005089098244
0.005049546899
0.004957327287
0.004814651165
0.004624959055
0.004392788098
0.004123595126
0.003823545602
0.003499281827
0.003157684998
0.00280563832
0.002449797044
0.002096513064
0.001752058636
0.00142038269
0.001094274725
0.0008031508935
0.002462655856
0.001953229694
0.001464350511
0.001061920832
0.0007136078838
0.0004106623218
0.0001486731717
-7.746385959e-05
-0.0002726283332
-0.0004411371757
-0.0005867283721
-0.0007125394777
-0.000821088673
-0.0009142718582
-0.0009933742946
-0.001059095127
-0.001111583851
-0.001150487797
-0.001175009712
-0.001183974537
-0.001175904537
-0.001149101978
-0.001101738478
-0.001031950113
-0.0009379371077
-0.0008180667388
-0.0006709776883
-0.0004956836845
-0.0002916738837
-5.900705357e-05
0.0002016046135
0.0004887270052
0.0008001415125
0.001132811737
0.001482900817
0.001845772069
0.00221605191
0.002587714804
0.002954203494
0.00330858197
0.003643717717
0.003952488337
0.004228005647
0.00446384845
0.004654293651
0.004794534256
0.004880872397
0.00491087585
0.00488348782
0.004799081929
0.004659457408
0.004467773215
0.004228423947
0.003946864517
0.003629394373
0.003282915318
0.002914678586
0.002532028459
0.002142148751
0.001751984353
0.001368505101
0.0009960939408
0.0006263252519
0.0002937192005
0.00244725721
0.001900140515
0.001376586321
0.0009474815124
0.0005774618197
0.0002565852517
-2.040122735e-05
-0.000259457913
-0.0004662431243
-0.0006457422916
-0.0008022505166
-0.0009393536809
-0.001059914533
-0.001166076683
-0.001259283836
-0.001340311854
-0.001409312354
-0.001465866791
-0.001509050112
-0.001537503212
-0.001549513527
-0.001543103155
-0.001516123869
-0.001466358271
-0.001391626155
-0.001289894831
-0.001159391775
-0.0009987175531
-0.000806956457
-0.0005837819842
-0.0003295529264
-4.539396302e-05
0.0002667306416
0.0006039570443
0.000962546311
0.001337860441
0.001724419186
0.002115976426
0.002505635661
0.002886002352
0.003249370169
0.00358793675
0.003894042362
0.004160422625
0.004380464551
0.004548453625
0.004659798858
0.004711222722
0.004700903889
0.00462856279
0.004495483065
0.004304465955
0.004059719171
0.00376668647
0.003431828481
0.003062369383
0.002666026093
0.002250727521
0.001824330768
0.001394532614
0.0009691683523
0.0005532090631
0.0001370814985
-0.0002393111035
0.002356932031
0.00177416282
0.00121774809
0.0007632355968
0.0003723478556
3.398006881e-05
-0.0002579466512
-0.0005102233779
-0.000729257237
-0.0009206700138
-0.001089280551
-0.001239089362
-0.001373270589
-0.001494183557
-0.001603400041
-0.001701744089
-0.001789342739
-0.001865686484
-0.001929698593
-0.001979812698
-0.002014058179
-0.002030153008
-0.002025603648
-0.001997811544
-0.001944185477
-0.001862258758
-0.001749809813
-0.001604984218
-0.001426415722
-0.001213343464
-0.000965721304
-0.0006843117773
-0.0003707701679
-2.774007135e-05
0.0003411835485
0.0007313980149
0.001137342325
0.001552561488
0.001969814089
0.002381221217
0.002778454502
0.003152959662
0.003496209499
0.003799977671
0.004056622249
0.004259366041
0.004402559306
0.00448191003
0.0044946675
0.004439746768
0.004317784605
0.004131121657
0.003883710441
0.003580954046
0.003229485504
0.00283690266
0.002411476267
0.001961839152
0.001496664216
0.001024557742
0.000554387577
9.185828759e-05
-0.0003737260125
-0.0007967142513
0.002185006107
0.001568759516
0.0009814403078
0.0005029178035
9.212443611e-05
-0.0002631790199
-0.0005698838611
-0.0008355895402
-0.001067425043
-0.001271619508
-0.001453485334
-0.00161740711
-0.001766840216
-0.001904330533
-0.002031550143
-0.002149345096
-0.002257793236
-0.002356270784
-0.002443526905
-0.002517765815
-0.002576736232
-0.002617828099
-0.002638176518
-0.002634772681
-0.002604581403
-0.002544664475
-0.00245230864
-0.002325156433
-0.002161337581
-0.001959598299
-0.001719424712
-0.001441151888
-0.001126058761
-0.0007765001325
-0.000395867707
1.132560828e-05
0.0004394816002
0.0008819649555
0.001331198993
0.001778807521
0.002215801545
0.002632808365
0.003020337871
0.00336907786
0.003670207364
0.003915714329
0.004098702015
0.004213667299
0.004256734126
0.004225826696
0.004120769838
0.003943308196
0.00369704114
0.003387276214
0.003020809897
0.002605650446
0.0021507015
0.001665414731
0.001159420443
0.0006423934381
0.0001244044293
-0.000387967073
-0.0009065525602
-0.001379493109
0.001925206588
0.001277799562
0.0006616666234
0.0001606421312
-0.0002689986705
-0.0006405991903
-0.0009618498627
-0.00124113685
-0.001486285493
-0.001704105389
-0.001900374917
-0.002079835165
-0.002246195783
-0.002402163324
-0.002549485661
-0.002689007813
-0.002820736743
-0.002943913776
-0.003057093895
-0.003158231686
-0.003244774033
-0.003313759798
-0.00336192677
-0.003385826036
-0.003381943706
-0.003346829539
-0.003277231591
-0.003170235386
-0.003023405525
-0.002834927249
-0.002603744551
-0.002329685874
-0.002013574262
-0.00165738706
-0.001264233771
-0.0008384651697
-0.0003856531972
8.743508795e-05
0.0005729162147
0.001061920463
0.001544773065
0.002011225503
0.002450733021
0.002852771081
0.00320718006
0.003504524161
0.003736447674
0.003896009709
0.00397797774
0.003979060996
0.003898067184
0.003735970133
0.00349588156
0.003182926768
0.0028040311
0.002367631342
0.001883331576
0.00136151227
0.0008129030171
0.0002484103898
-0.0003205141956
-0.0008862733626
-0.001461880247
-0.001988704823
0.001571687466
0.0008955832857
0.0002528578707
-0.0002690643035
-0.0007164188667
-0.001103618838
-0.00143913873
-0.001732128847
-0.001991085581
-0.002223373318
-0.002435210934
-0.002631671198
-0.002816694315
-0.00299312519
-0.00316276671
-0.003326443568
-0.003484073835
-0.003634746782
-0.003776806305
-0.003907939942
-0.004025273872
-0.004125474513
-0.004204857352
-0.004259503596
-0.004285384932
-0.004278496376
-0.004234996669
-0.004151355109
-0.004024503009
-0.003851987585
-0.003632125268
-0.003364145245
-0.003048316876
-0.002686135525
-0.002280332544
-0.001834998128
-0.001355592586
-0.0008489431484
-0.0003231888939
0.0002123317713
0.0007472513444
0.001270402004
0.001770100882
0.002234485991
0.002651892882
0.00301125802
0.003302530987
0.003517074535
0.003648029598
0.003690622163
0.003642390569
0.0035033157
0.003275842283
0.002964786905
0.002577136548
0.002121750522
0.001608985857
0.001050255405
0.0004575309737
-0.0001568788697
-0.0007799522005
-0.001402923945
-0.002040062689
-0.002625293717
0.001119068457
0.0004168789236
-0.000250091064
-0.0007912209618
-0.001255094922
-0.001657154894
-0.002006641177
-0.002313443552
-0.002586703407
-0.002834314814
-0.003062913328
-0.003277881149
-0.003483368592
-0.003682340371
-0.00387663769
-0.004067049885
-0.004253392391
-0.004434589432
-0.004608760861
-0.004773313363
-0.004925036723
-0.005060206165
-0.005174691814
-0.005264076293
-0.005323781221
-0.005349203013
-0.005335857911
-0.005279535568
-0.005176459767
-0.00502345442
-0.004818112391
-0.004558958344
-0.004245595382
-0.003878908899
-0.003461140597
-0.002995995773
-0.002488712275
-0.001946079293
-0.001376413285
-0.0007894703154
-0.0001962937121
0.0003910058511
0.0009595382135
0.001495985759
0.001987011153
0.002419707303
0.002782071025
0.003063477472
0.003255129001
0.003350450596
0.00334540458
0.003238700583
0.00303188251
0.002729282297
0.002337839832
0.001866799561
0.001327303814
0.0007318924682
9.392351204e-05
-0.0005727129287
-0.001253218291
-0.001937497405
-0.002641170574
-0.003289927617
0.0005624831389
-0.0001630329099
-0.0008517781933
-0.001410349141
-0.001889498324
-0.002305648611
-0.002668783536
-0.002989504743
-0.003277571183
-0.003541381596
-0.003787965776
-0.00402299555
-0.004250814196
-0.004474491627
-0.004695895064
-0.004915768114
-0.005133814621
-0.005348785553
-0.005558568417
-0.005760279646
-0.005950360997
-0.006124681332
-0.006278645323
-0.006407310536
-0.006505514171
-0.006568010363
-0.006589618502
-0.00656538241
-0.006490739443
-0.006361698084
-0.006175022254
-0.005928414774
-0.005620685
-0.00525196254
-0.004823865812
-0.004339565065
-0.003803937518
-0.003223606162
-0.002606955133
-0.001964075443
-0.001306638995
-0.0006476957493
-1.390529158e-06
0.000617399597
0.001193501178
0.001711941312
0.002158487161
0.002520203448
0.002785998194
0.002947123505
0.002997597291
0.002934513885
0.002758217006
0.002472317009
0.002083545473
0.001601453748
0.001037974573
0.0004068563316
-0.0002770129619
-0.0009979710278
-0.00173921609
-0.002489142354
-0.003264834992
-0.003982833386
-0.000102366984
-0.000848310067
-0.00155624794
-0.002130425041
-0.002623563597
-0.003053011246
-0.003429467281
-0.00376421411
-0.004067599029
-0.004348500275
-0.004614320672
-0.004871004283
-0.005123073562
-0.005373693119
-0.00562474854
-0.00587693235
-0.006129833088
-0.006382025576
-0.00663116196
-0.006874064179
-0.007106819223
-0.007324878978
-0.007523166649
-0.007696191737
-0.007838175358
-0.007943187409
-0.008005296589
-0.008018733734
-0.007978068116
-0.007878395762
-0.007715538799
-0.007486250336
-0.007188405209
-0.006821215529
-0.006385518958
-0.005883775262
-0.005320333925
-0.004701490733
-0.00403555214
-0.00333282409
-0.002605522508
-0.001867597794
-0.00113446599
-0.0004226437492
0.0002507099856
0.0008683357998
0.001413481574
0.001870550672
0.002225757594
0.002467752335
0.002588171481
0.002582074421
0.002448227603
0.002189208459
0.001811313186
0.001324268924
0.0007407670858
7.582651483e-05
-0.0006539938319
-0.001431057255
-0.002236308138
-0.003056425798
-0.00391008479
-0.004703627407
-0.0008791559492
-0.001642497932
-0.002366943859
-0.002954832989
-0.003460639622
-0.003902571456
-0.004292010705
-0.004640885707
-0.004960100954
-0.005258988783
-0.005545305093
-0.005825251279
-0.006103518686
-0.00638336042
-0.006666677676
-0.006954111886
-0.007245138188
-0.007538158162
-0.00783059143
-0.008118967008
-0.008399016081
-0.008665768428
-0.008913654952
-0.009136618819
-0.009328237579
-0.009481858349
-0.009590747731
-0.009648257581
-0.009648006991
-0.009584080081
-0.009451239399
-0.00924515202
-0.008962606988
-0.00860173149
-0.008162381343
-0.007646121591
-0.007056575466
-0.006399514996
-0.005682984149
-0.004917341148
-0.004115216971
-0.003291379533
-0.002462491581
-0.001646754565
-0.0008634369282
-0.0001322928599
0.0005271131928
0.001096150892
0.001557901797
0.001897926233
0.002104968683
0.002171548801
0.002094387998
0.001874629839
0.001517826286
0.001033681248
0.000435563583
-0.0002602041217
-0.001035258994
-0.001869776848
-0.002742170717
-0.003637171779
-0.004575174073
-0.00545113634
-0.001770877207
-0.002548479744
-0.003286663342
-0.003886321354
-0.004403444286
-0.004857026479
-0.005259094694
-0.005622184573
-0.005957724805
-0.00627547634
-0.006583529625
-0.006888331183
-0.007194734697
-0.007506080101
-0.007824286618
-0.008149950197
-0.008482440448
-0.008819994792
-0.009159809487
-0.009498128585
-0.00983033282
-0.01015103107
-0.01045415731
-0.0107330761
-0.01098069963
-0.01118961887
-0.01135225143
-0.01146100774
-0.01150847683
-0.01148763193
-0.01139205642
-0.01121618915
-0.01095557055
-0.01060707961
-0.01016936195
-0.009642872207
-0.009030285596
-0.008336619931
-0.00756942999
-0.006738916504
-0.005857945516
-0.004941966553
-0.004008812389
-0.003078366719
-0.002172092184
-0.001312419488
-0.00052200885
0.0001770926277
0.0007643609634
0.00122172334
0.001534444586
0.001691906426
0.001688213734
0.001522569039
0.001199370961
0.0007280149098
0.0001224001945
-0.0005998548158
-0.001418466214
-0.002311201443
-0.003253636197
-0.004228286311
-0.005257395409
-0.006223203419
-0.002779791154
-0.003568430962
-0.004317517003
-0.004926963721
-0.005454024882
-0.00591839946
-0.006332714831
-0.006710071703
-0.00706238838
-0.007399829187
-0.007730802384
-0.008061990468
-0.008398406973
-0.008743481867
-0.009099160275
-0.009466004199
-0.009843291839
-0.01022911204
-0.01062045355
-0.01101329024
-0.01140266469
-0.01178277315
-0.01214705514
-0.0124882915
-0.01279871432
-0.01307013205
-0.01329407302
-0.01346194987
-0.01356524686
-0.01359573131
-0.01354569016
-0.01340819271
-0.0131773636
-0.01284864488
-0.01241924696
-0.01188830104
-0.01125725526
-0.01053011411
-0.009713676429
-0.008817726346
-0.007855128733
-0.006841817595
-0.005796655703
-0.004741144722
-0.003698970806
-0.002695379141
-0.001756382463
-0.0009078230563
-0.0001743242409
0.00042181565
0.0008617183884
0.001130930427
0.001220252756
0.001126316079
0.000851835525
0.0004055046361
-0.000198479977
-0.0009412701457
-0.001800571264
-0.002751519467
-0.003766518788
-0.004825564498
-0.005952874178
-0.007016475159
-0.003907379022
-0.004703780645
-0.00546089557
-0.006078128031
-0.006613726881
-0.007088005419
-0.007514142291
-0.007905757781
-0.008275224129
-0.00863308459
-0.008988050839
-0.009347035794
-0.00971521491
-0.01009611667
-0.01049172581
-0.01090258814
-0.01132791105
-0.01176565717
-0.01221263046
-0.01266455657
-0.01311615956
-0.01356123882
-0.01399274973
-0.01440289237
-0.01478321234
-0.0151247177
-0.01541801588
-0.01565347386
-0.01582140468
-0.01591228204
-0.01591698522
-0.01582707666
-0.0156351011
-0.01533487501
-0.01492192454
-0.01439384736
-0.01375055977
-0.01299476149
-0.01213218864
-0.01117189962
-0.0101264622
-0.009012029725
-0.007848281105
-0.006658195785
-0.005467639802
-0.004304746969
-0.003199091368
-0.002180663674
-0.001278683705
-0.0005203035987
7.072239575e-05
0.000475307391
0.0006801355396
0.0006784942378
0.0004707413986
6.434194941e-05
-0.0005265544706
-0.001282015588
-0.002177690072
-0.003185867249
-0.00427541942
-0.005423475042
-0.006656339031
-0.007826163236
-0.005154306278
-0.005955182557
-0.006717446991
-0.007340456376
-0.00788317371
-0.00836642848
-0.008803896108
-0.009209668257
-0.009596535045
-0.009975395774
-0.01035525428
-0.01074325269
-0.01114473566
-0.01156334455
-0.01200112367
-0.0124586269
-0.01293501826
-0.0134281633
-0.01393471108
-0.01445016812
-0.01496896709
-0.01548453415
-0.01598935905
-0.01647507276
-0.01693253727
-0.01735195222
-0.01772298287
-0.01803491361
-0.01827683076
-0.0184378377
-0.01850730506
-0.0184751599
-0.01833220923
-0.01807046
-0.01768352011
-0.01716720276
-0.01651959424
-0.01574177093
-0.01483806326
-0.01381644705
-0.01268883685
-0.0114712681
-0.01018393966
-0.008851079428
-0.007500598832
-0.006163508574
-0.004873080077
-0.003663754505
-0.002569824288
-0.001623939339
-0.0008555190522
-0.0002891779543
5.67072539e-05
0.0001711533034
5.132037909e-05
-0.0002972436405
-0.0008609211992
-0.001618948652
-0.002544937301
-0.003608135752
-0.004773504669
-0.006014917301
-0.007360863334
-0.008645776043
-0.006520398066
-0.007322498912
-0.008087066571
-0.008713858207
-0.009262260257
-0.009753513019
-0.01020172943
-0.01062142238
-0.01102576438
-0.01142599052
-0.01183138977
-0.01224933757
-0.01268536127
-0.013143236
-0.01362509246
-0.01413152388
-0.01466168518
-0.01521338106
-0.01578314252
-0.01636629322
-0.01695700895
-0.017548374
-0.01813243926
-0.01870028722
-0.01924210892
-0.01974729825
-0.02020456882
-0.02060209812
-0.02092770395
-0.02116905693
-0.02131393262
-0.02135050847
-0.021267707
-0.02105554928
-0.02070552862
-0.02021137623
-0.01956907165
-0.01877772857
-0.01783990216
-0.01676208697
-0.01555513136
-0.01423454317
-0.0128206576
-0.01133862184
-0.009818150573
-0.008293011118
-0.006800207774
-0.005378852412
-0.004068733842
-0.002908630909
-0.001934451213
-0.001177314658
-0.0006617327088
-0.0004040536388
-0.000411344506
-0.0006808550028
-0.001200159934
-0.001948057532
-0.00289623477
-0.004010747242
-0.005252254542
-0.006590945494
-0.008057572146
-0.009466814402
-0.008004629678
-0.008804799303
-0.009568902777
-0.01019751961
-0.01075016274
-0.01124837134
-0.01170663234
-0.01213982872
-0.01256148171
-0.01298314601
-0.01341439427
-0.01386284617
-0.01433423247
-0.01483249061
-0.01535987211
-0.01591704822
-0.01650320632
-0.01711613344
-0.01775228617
-0.0184068485
-0.01907378078
-0.01974586415
-0.02041474537
-0.02107098778
-0.02170413388
-0.02230278558
-0.02285470775
-0.02334696078
-0.02376606778
-0.02409822122
-0.02432953361
-0.02444633791
-0.02443554355
-0.02428501924
-0.02398397744
-0.02352377621
-0.02289803236
-0.02210352658
-0.02114066071
-0.02001401988
-0.01873292466
-0.01731187778
-0.01577087957
-0.01413556113
-0.01243707701
-0.01071170104
-0.009000076846
-0.007346090875
-0.005795362025
-0.004393379128
-0.003183362479
-0.002203975208
-0.001487056801
-0.001055586106
-0.0009220947903
-0.001087733592
-0.00154214338
-0.002264257903
-0.003224082277
-0.004384395559
-0.005701173248
-0.007140454661
-0.008735309322
-0.01027842584
-0.009605134298
-0.01040037757
-0.01116138139
-0.0117899313
-0.01234536754
-0.01284941043
-0.01331685366
-0.01376289948
-0.01420138768
-0.01464418217
-0.01510114544
-0.01558016075
-0.01608719199
-0.01662637635
-0.01720012916
-0.01780924641
-0.01845299701
-0.01912920047
-0.01983428924
-0.02056335707
-0.02131019667
-0.02206733128
-0.02282604536
-0.0235764204
-0.024307382
-0.02500676447
-0.02566139942
-0.02625723451
-0.02677948881
-0.02721285049
-0.02754172243
-0.0277505221
-0.02782404424
-0.02774786604
-0.02750875245
-0.027095422
-0.02649894428
-0.02571336046
-0.02473654214
-0.0235707222
-0.02222319661
-0.02070692796
-0.01904102884
-0.01725107232
-0.01536915998
-0.01343367477
-0.01148864999
-0.00958269808
-0.007767468919
-0.006095646534
-0.004618546189
-0.003383436285
-0.002430774085
-0.001791599868
-0.001485367445
-0.001518483889
-0.001883784045
-0.002561137208
-0.003519282453
-0.004717743109
-0.006107457008
-0.007649822606
-0.009380259152
-0.01106701201
-0.0113192307
-0.01210678893
-0.01286225056
-0.01348893791
-0.01404572153
-0.01455438007
-0.01502994397
-0.01548788575
-0.01594233923
-0.01640547542
-0.01688746275
-0.0173964783
-0.01793875977
-0.01851869215
-0.01913890739
-0.01980038189
-0.02050252298
-0.02124323976
-0.02201899692
-0.02282485297
-0.02365448608
-0.02450021224
-0.02535300121
-0.02620249666
-0.02703704677
-0.0278437523
-0.02860853874
-0.02931625956
-0.02995083742
-0.0304954501
-0.03093276744
-0.03124524639
-0.03141549438
-0.03142669287
-0.03126302842
-0.0309103449
-0.03035697123
-0.02959387461
-0.02861602011
-0.02742284417
-0.02601910277
-0.02441564188
-0.02263006467
-0.02068724519
-0.01861960924
-0.01646709366
-0.0142766931
-0.01210151056
-0.009999249694
-0.00803012646
-0.006254236455
-0.004728489702
-0.003503309559
-0.002619374031
-0.002104738604
-0.00197269722
-0.002220701781
-0.002830634687
-0.003770610525
-0.004997067191
-0.006455612459
-0.008102502149
-0.009975517174
-0.01181578403
-0.01314347287
-0.01392090998
-0.01466864926
-0.0152918111
-0.01584850622
-0.01636044463
-0.01684282166
-0.01731133517
-0.01778039681
-0.01826249398
-0.01876813034
-0.01930582088
-0.01988213145
-0.02050175567
-0.0211676064
-0.021880906
-0.02264126553
-0.02344674758
-0.02429391105
-0.02517783884
-0.02609215166
-0.02702901267
-0.02797912862
-0.02893175409
-0.02987470537
-0.0307943914
-0.03167586872
-0.03250292789
-0.03325821886
-0.03392342256
-0.03447947607
-0.03490685864
-0.03518594998
-0.03529746455
-0.03522290845
-0.03494511863
-0.03444943643
-0.03372352473
-0.03275907437
-0.03155230528
-0.03010492214
-0.0284250584
-0.02652813789
-0.02443761206
-0.02218548763
-0.01981254121
-0.01736810798
-0.01490933022
-0.01249976615
-0.01020729538
-0.008101318201
-0.006249332745
-0.004713080132
-0.003544560356
-0.002782318898
-0.002448455881
-0.002546796149
-0.003062644635
-0.003964419208
-0.005205847881
-0.006727019199
-0.008478557785
-0.01050060477
-0.01250426079
-0.01507372382
-0.01583902376
-0.01657720177
-0.01719534896
-0.0177505381
-0.01826428037
-0.01875186369
-0.01922917318
-0.01971089415
-0.02020985516
-0.02073694161
-0.02130106824
-0.02190920049
-0.02256641689
-0.02327598902
-0.02403946197
-0.02485672467
-0.02572606393
-0.02664419972
-0.02760630234
-0.0286059945
-0.02963534274
-0.0306848443
-0.03174341569
-0.03279839025
-0.03383553197
-0.03483907299
-0.03579178261
-0.03667507559
-0.03746916759
-0.0381532858
-0.03870594246
-0.03910528298
-0.03932952004
-0.03935740732
-0.03916873206
-0.03874559034
-0.03807224501
-0.03713673137
-0.03593168657
-0.03445528437
-0.03271235771
-0.03071546074
-0.02848584203
-0.02605424597
-0.02346142757
-0.02075824732
-0.01800520102
-0.01527124279
-0.01263178681
-0.01016583128
-0.007952242079
-0.006065359682
-0.004570239955
-0.003517982412
-0.002941699702
-0.002853707882
-0.00324453001
-0.00408416861
-0.005324289381
-0.00689942967
-0.008754140991
-0.01093092245
-0.01310770567
-0.01710525559
-0.01785693255
-0.01858414088
-0.01919600446
-0.01974829748
-0.0202622001
-0.02075302214
-0.0212368084
-0.02172853065
-0.022241404
-0.02278676481
-0.02337401197
-0.02401060315
-0.02470209703
-0.02545221761
-0.02626292219
-0.02713446131
-0.02806542331
-0.02905276008
-0.03009179435
-0.03117621063
-0.03229803457
-0.03344760637
-0.03461355489
-0.0357827797
-0.03694044846
-0.03807001748
-0.03915328341
-0.04017047386
-0.04110038575
-0.04192057928
-0.04260763619
-0.0431374936
-0.04348586832
-0.04362873923
-0.0435428394
-0.04320679702
-0.04260150318
-0.04171099212
-0.04052401112
-0.03903477872
-0.03724427712
-0.03516151305
-0.03280472961
-0.03020249791
-0.02739456823
-0.02443233055
-0.0213787104
-0.01830731448
-0.01530065283
-0.01244731301
-0.009838055334
-0.007560940507
-0.005695782595
-0.004308417387
-0.003445440404
-0.003130155066
-0.003360533947
-0.00410987094
-0.005328766628
-0.006946399631
-0.008900898218
-0.01123713662
-0.01359649739
-0.01923287778
-0.01997010118
-0.02068546304
-0.02129004586
-0.02183808837
-0.022350307
-0.02284196732
-0.02332926203
-0.02382748533
-0.02435031197
-0.02490962769
-0.02551542877
-0.02617578412
-0.02689685074
-0.0276829175
-0.02853645785
-0.02945817786
-0.03044705094
-0.03150033483
-0.03261356977
-0.03378056002
-0.03499334269
-0.03624214941
-0.03751536769
-0.03879950899
-0.04007919117
-0.04133714325
-0.04255424037
-0.0437095774
-0.04478058951
-0.04574322856
-0.04657220394
-0.04724129878
-0.0477237778
-0.04799287467
-0.0480222928
-0.04778708475
-0.04726476852
-0.04643519969
-0.04528298191
-0.04379802992
-0.04197699247
-0.03982469981
-0.03735560536
-0.03459517106
-0.03158107766
-0.02836409944
-0.02500844568
-0.02159134091
-0.01820160842
-0.01493705116
-0.01190050872
-0.009194617961
-0.006915518051
-0.005145996152
-0.003948814589
-0.003361132513
-0.003391077939
-0.004017440311
-0.005191188976
-0.006836642179
-0.008885305555
-0.01138449494
-0.01393543089
-0.0214510972
-0.02217383447
-0.02287711927
-0.02347375286
-0.02401623211
-0.02452467917
-0.0250142581
-0.02550132044
-0.0260015506
-0.0265291926
-0.02709681784
-0.02771516942
-0.02839307917
-0.02913744812
-0.0299532645
-0.03084363797
-0.03180983469
-0.03285130253
-0.03396568033
-0.03514878905
-0.03639460598
-0.03769522545
-0.03904081144
-0.04041954843
-0.04181759791
-0.04321906796
-0.04460600404
-0.0459584089
-0.0472543
-0.04846981297
-0.04957936011
-0.05055585261
-0.05137099683
-0.05199568137
-0.0524004605
-0.05255605928
-0.0524340129
-0.05200837101
-0.05125486367
-0.05015371552
-0.0486902974
-0.04685654032
-0.0446525541
-0.042088281
-0.03918516344
-0.03597771902
-0.03251486125
-0.02886075272
-0.02509492691
-0.02131138152
-0.01761634825
-0.01412450609
-0.01095354829
-0.008217247178
-0.006017474727
-0.004435974511
-0.003526967546
-0.003311937845
-0.003777938806
-0.004878272951
-0.006533298175
-0.008667923576
-0.01133206447
-0.01408294402
-0.02375431257
-0.02446349343
-0.02515524718
-0.02574365293
-0.0262792985
-0.02678158716
-0.02726553955
-0.02774770967
-0.02824428305
-0.02877023059
-0.02933899413
-0.02996225847
-0.03064980987
-0.03140947198
-0.03224709205
-0.03316655382
-0.03416979895
-0.03525684375
-0.03642578291
-0.03767277656
-0.03899202039
-0.04037570166
-0.04181394596
-0.043294761
-0.04480398442
-0.04632524344
-0.04783993413
-0.04932722839
-0.05076411712
-0.05212549776
-0.05338431541
-0.05451176632
-0.05547757331
-0.05625034933
-0.05679806442
-0.05708854831
-0.05709001438
-0.05677284435
-0.05610895919
-0.0550739827
-0.0536486194
-0.05181981911
-0.04958254425
-0.04694161044
-0.04391360949
-0.04052883552
-0.03683306152
-0.03288894877
-0.0287768012
-0.02459431297
-0.02045492386
-0.01648442234
-0.01281555539
-0.009580641923
-0.006902548866
-0.004884826924
-0.003602232199
-0.003093292514
-0.003356711628
-0.004350716402
-0.005993115415
-0.008202565045
-0.0110318865
-0.01399026505
-0.02613704931
-0.0268347572
-0.02751645116
-0.0280968046
-0.0286243791
-0.02911774679
-0.0295917683
-0.03006328991
-0.03054916743
-0.03106531906
-0.03162630356
-0.03224499859
-0.03293238438
-0.03369742422
-0.03454701247
-0.03548596366
-0.03651702052
-0.03764086453
-0.03885611768
-0.04015932953
-0.04154494773
-0.04300527383
-0.04453040854
-0.0461081924
-0.04772414886
-0.04936143729
-0.05100082389
-0.05262067861
-0.05419700626
-0.05570352018
-0.0571117674
-0.05839131388
-0.05950999949
-0.0604342765
-0.06112965096
-0.06156118203
-0.06169398112
-0.06149465109
-0.06093164305
-0.05997591238
-0.05860347286
-0.05679615779
-0.05454349566
-0.05184470259
-0.04871081953
-0.04516695569
-0.04125450521
-0.03703312919
-0.03258220645
-0.02800136149
-0.02340960144
-0.01894256859
-0.01474748805
-0.01097560721
-0.00777231258
-0.005265644213
-0.003554520833
-0.002698644842
-0.002712406333
-0.003562266759
-0.005165528124
-0.007435366687
-0.01042803978
-0.01360047455
-0.02859424286
-0.02928394028
-0.02995814115
-0.03053113636
-0.03104940913
-0.03153061101
-0.03198946592
-0.03244326753
-0.03290978935
-0.033406199
-0.03394849641
-0.03455107218
-0.03522639712
-0.035984835
-0.03683454632
-0.03778145194
-0.03882922964
-0.03997932248
-0.04123094386
-0.0425810704
-0.04402441882
-0.04555340728
-0.04715810453
-0.04882617242
-0.05054280867
-0.05229069732
-0.05404997488
-0.05579822033
-0.05751047708
-0.05915931517
-0.06071494231
-0.06214537252
-0.06341666135
-0.06449321964
-0.06533822586
-0.06591412203
-0.06618310212
-0.06610807278
-0.06565425828
-0.06478806481
-0.06348086913
-0.06170938738
-0.0594575818
-0.05671876527
-0.05349790178
-0.0498141149
-0.04570330302
-0.04122067728
-0.03644293592
-0.03146966528
-0.02642343465
-0.02144796457
-0.0167037523
-0.01236070149
-0.008587686321
-0.005539588458
-0.003343113218
-0.002083621488
-0.001795874018
-0.002458676363
-0.003991626819
-0.00630375348
-0.00945560105
-0.01284747216
-0.03112158253
-0.03180837988
-0.03247894476
-0.03304585416
-0.03355354745
-0.03401870566
-0.03445600119
-0.03488342186
-0.03532001119
-0.03578459365
-0.03629503185
-0.03686763251
-0.03751671986
-0.03825436766
-0.0390902535
-0.04003159731
-0.04108315069
-0.04224720948
-0.04352362978
-0.04490983455
-0.04640080459
-0.04798905258
-0.04966458259
-0.05141484033
-0.05322466064
-0.05507621989
-0.05694900137
-0.05881978175
-0.06066264698
-0.06244904568
-0.06414788844
-0.06572570169
-0.06714684475
-0.06837380028
-0.0693675575
-0.07008809608
-0.07049486394
-0.07054736057
-0.07020752946
-0.06943775702
-0.06820476842
-0.06648030309
-0.06424278443
-0.06147949989
-0.05818901362
-0.05438387421
-0.05009356331
-0.04536753874
-0.04027811656
-0.03492279089
-0.02942542264
-0.02393557161
-0.01862516079
-0.01368173471
-0.009297903768
-0.005657207186
-0.002917556187
-0.001194665242
-0.0005489536127
-0.0009765377703
-0.002403005989
-0.00473527977
-0.008039486523
-0.0116548339
-0.03371593481
-0.03440691449
-0.03507921416
-0.03564193546
-0.03613762725
-0.03658201626
-0.03698990286
-0.03738034393
-0.03777414503
-0.03819233001
-0.03865516542
-0.03918137591
-0.03978757678
-0.04048791296
-0.0412938607
-0.04221414461
-0.04325472733
-0.04441883633
-0.04570700139
-0.0471170855
-0.04864429969
-0.05028119851
-0.05201765767
-0.05384083855
-0.05573514614
-0.05768218817
-0.05966074377
-0.06164674998
-0.06361331456
-0.06553076327
-0.06736672984
-0.06908629716
-0.07065219802
-0.07202508458
-0.07316388349
-0.07402625446
-0.0745690629
-0.0747488351
-0.0745239547
-0.07385352964
-0.07269966639
-0.0710293648
-0.06881567426
-0.06603990999
-0.06269412661
-0.05878395159
-0.05433178385
-0.04938026067
-0.0439957868
-0.03827176242
-0.03233094245
-0.02632613412
-0.02043824987
-0.01487067974
-0.009839166934
-0.00555697889
-0.002216211594
3.235693847e-05
0.001096855833
0.0009580088458
-0.0003204728132
-0.002646324517
-0.006093150233
-0.009934537566
-0.03637587456
-0.0370804856
-0.03776165878
-0.03832273575
-0.03880469598
-0.03922243604
-0.03959120567
-0.03993168408
-0.04026711602
-0.04062143865
-0.04101800943
-0.04147858683
-0.04202259651
-0.04266666721
-0.04342438093
-0.0443061772
-0.04531935571
-0.04646813167
-0.04775370935
-0.04917435079
-0.05072542652
-0.05239944302
-0.05418604731
-0.05607201298
-0.05804121463
-0.06007459864
-0.06215015895
-0.06424292706
-0.0663249845
-0.06836550638
-0.07033084416
-0.07218465617
-0.07388809401
-0.07540005341
-0.07667750339
-0.07767591422
-0.07834973063
-0.07865280145
-0.07853997217
-0.07796752132
-0.07689316292
-0.07527944916
-0.07309432594
-0.07031334245
-0.06692213653
-0.06291931945
-0.05831983158
-0.05315872819
-0.04749525445
-0.04141691148
-0.03504298948
-0.02852675896
-0.02205521288
-0.01584504494
-0.01013359797
-0.00516400612
-0.001164834568
0.001673596899
0.003221826061
0.0034307059
0.002347406674
5.939218796e-05
-0.003517102686
-0.007585521524
-0.03910236681
-0.03983290888
-0.04053214828
-0.04109474385
-0.04156066954
-0.04194428899
-0.04226183369
-0.04253640543
-0.04279460877
-0.04306422306
-0.04337255749
-0.04374514852
-0.0442048359
-0.04477119085
-0.04546022321
-0.04628428879
-0.04725212465
-0.04836895327
-0.04963661121
-0.05105367276
-0.05261555124
-0.05431457046
-0.05614000607
-0.05807810094
-0.0601120621
-0.06222204797
-0.06438515477
-0.06657541271
-0.06876380062
-0.07091828738
-0.07300390918
-0.07498289092
-0.07681481995
-0.07845688028
-0.07986415853
-0.08099004242
-0.08178669515
-0.08220547849
-0.08219786819
-0.0817176217
-0.0807183522
-0.0791584717
-0.07700117109
-0.0742165574
-0.07078411501
-0.06669557651
-0.0619583423
-0.05659946846
-0.05067015574
-0.04425052906
-0.03745426899
-0.03043233026
-0.023374586
-0.0165078599
-0.01008863199
-0.004388974246
0.0003247357188
0.003818673845
0.005919520562
0.006540759257
0.005705957664
0.003492520287
-0.0001971945509
-0.004492022886
-0.04189966362
-0.04267188316
-0.04340074989
-0.0439685371
-0.04441513588
-0.04475494701
-0.04500602709
-0.04519504028
-0.04535318886
-0.04551328902
-0.04570766483
-0.0459665131
-0.04631677192
-0.04678144653
-0.04737929318
-0.04812475614
-0.04902806439
-0.05009541209
-0.05132916706
-0.05272807025
-0.05428740469
-0.05599912458
-0.05785194386
-0.05983138861
-0.06191982257
-0.06409645493
-0.06633733993
-0.06861538142
-0.07090035108
-0.07315892867
-0.07535477452
-0.07744864278
-0.07939854337
-0.08115996103
-0.08268614088
-0.08392845985
-0.08483689259
-0.0853604379
-0.08544757732
-0.08504929663
-0.08411588532
-0.08260171151
-0.0804656029
-0.07767262347
-0.07419648847
-0.07002237733
-0.06515033446
-0.05959934269
-0.05341207898
-0.04666024114
-0.03945012877
-0.03192781823
-0.02428280212
-0.01674842492
-0.00959700915
-0.003127515814
0.002355669016
0.006572067975
0.009298386971
0.01040258789
0.00987629182
0.007780090574
0.003997417834
-0.0005216122832
-0.04477651223
-0.04561033743
-0.04638309211
-0.04696000806
-0.04738235492
-0.0476655659
-0.04783081962
-0.04790994566
-0.04794039052
-0.04796152409
-0.04801197635
-0.04812762658
-0.04834026093
-0.04867681859
-0.04915908844
-0.04980371714
-0.05062240742
-0.05162221124
-0.05280584867
-0.054172008
-0.05571560174
-0.0574279676
-0.05929701517
-0.06130732239
-0.06344019469
-0.06567369687
-0.06798266683
-0.07033872957
-0.07271031958
-0.07506271964
-0.07735812818
-0.07955576442
-0.08161201862
-0.08348065644
-0.08511308611
-0.08645870505
-0.08746534334
-0.0880797038
-0.08824771693
-0.08791709258
-0.08703563233
-0.08555372182
-0.08342619189
-0.0806134739
-0.0770839561
-0.07281671323
-0.06780482314
-0.06205942083
-0.05561457617
-0.04853298091
-0.04091227331
-0.03289149944
-0.02465670378
-0.01644397098
-0.008537538862
-0.001260146471
0.005046889035
0.01005437783
0.01348339407
0.01514776693
0.01499751777
0.013067932
0.009216750836
0.004477201694
-0.04774781931
-0.04866826297
-0.04950218616
-0.0500919619
-0.05048251803
-0.05069197139
-0.05074657485
-0.05068555222
-0.05055475901
-0.05040201605
-0.05027379469
-0.05021280539
-0.0502564662
-0.05043611811
-0.05077679445
-0.05129736017
-0.05201086642
-0.05292500238
-0.05404256145
-0.05536187021
-0.05687715234
-0.05857881571
-0.06045366764
-0.06248506033
-0.06465298764
-0.06693414322
-0.0693019452
-0.07172656178
-0.07417494097
-0.07661084196
-0.07899489459
-0.08128469643
-0.08343495064
-0.08539765518
-0.08712235227
-0.08855645212
-0.08964565044
-0.09033438188
-0.09056617774
-0.0902854585
-0.08943777775
-0.08796972417
-0.08583241441
-0.08298201244
-0.07938201864
-0.07500589697
-0.0698402665
-0.06388885635
-0.05717738239
-0.04975940573
-0.04172316337
-0.03319907013
-0.02436708325
-0.01546237431
-0.006776828303
0.001347026419
0.008533299414
0.01440332819
0.01861767157
0.02092719555
0.02122936665
0.01952365219
0.01563310469
0.0106779929
-0.05083698948
-0.05187524786
-0.05279089427
-0.05339622111
-0.05374334895
-0.05385573166
-0.0537675865
-0.05352859496
-0.05319583027
-0.05282789433
-0.05248087776
-0.05220556035
-0.05204575467
-0.05203757815
-0.05220938691
-0.05258213028
-0.05316993268
-0.05398076025
-0.05501707681
-0.05627643231
-0.0577519556
-0.0594327399
-0.06130413509
-0.06334794042
-0.06554254846
-0.06786303174
-0.07028115474
-0.07276542849
-0.07528115974
-0.07779045024
-0.08025224132
-0.08262240693
-0.08485387744
-0.08689681242
-0.08869883178
-0.09020531763
-0.09135980668
-0.09210445265
-0.09238040782
-0.09212886106
-0.09129316817
-0.08981623162
-0.08764562435
-0.08473352418
-0.08103891799
-0.07653009652
-0.07118771195
-0.06500863224
-0.05801071505
-0.05023863769
-0.04177100773
-0.03272861955
-0.0232833039
-0.01366607413
-0.004172197227
0.004840570097
0.01296525966
0.01977436392
0.02486408225
0.02791352393
0.0287553711
0.02734041138
0.0234450928
0.01828036171
-0.05407927153
-0.05527403663
-0.05629531534
-0.05691642389
-0.05720214859
-0.05718545388
-0.05691273852
-0.0564483008
-0.05586401804
-0.05523206878
-0.05462014763
-0.05408835792
-0.05368755934
-0.05345883883
-0.05343374135
-0.05363495173
-0.05407719205
-0.05476816893
-0.05570946516
-0.05689731808
-0.05832325899
-0.05997460196
-0.06183482831
-0.06388379944
-0.06609799043
-0.06845061611
-0.07091159286
-0.07344760992
-0.07602212229
-0.07859537948
-0.0811244923
-0.08356349318
-0.08586343591
-0.08797254805
-0.0898364413
-0.09139839045
-0.09259970071
-0.09338016839
-0.09367848987
-0.09343273725
-0.09258371426
-0.09107111963
-0.08883922148
-0.08583623282
-0.08201669796
-0.07734401217
-0.07179323968
-0.06535488282
-0.0580394722
-0.04988322464
-0.04095529907
-0.03136646712
-0.02127907741
-0.01091736309
-0.0005760455131
0.009376640789
0.01850698826
0.02634057921
0.03240660018
0.03630386586
0.03778678463
0.03674182489
0.03288302061
0.02751526659
-0.05752662794
-0.05892559863
-0.06007947666
-0.06071176532
-0.06090840442
-0.06071833086
-0.06020619532
-0.05945647919
-0.05856035138
-0.05760681657
-0.05667727379
-0.0558422926
-0.0551601888
-0.05467690838
-0.05442673719
-0.0544334528
-0.05471164191
-0.05526800053
-0.05610250634
-0.05720941003
-0.0585780381
-0.06019337106
-0.06203659656
-0.06408533866
-0.06631383644
-0.06869306795
-0.071190767
-0.073771545
-0.07639688578
-0.07902510822
-0.08161138736
-0.08410781068
-0.0864634617
-0.08862455005
-0.09053459842
-0.09213469692
-0.09336384354
-0.09415938739
-0.09445746348
-0.09419328924
-0.09330440456
-0.09172742903
-0.08940266117
-0.08627460577
-0.08229356956
-0.07741852217
-0.07161976522
-0.06488148688
-0.05720682915
-0.04862390818
-0.0391927015
-0.02901386097
-0.01823952816
-0.007085287407
0.004157983478
0.01511611257
0.02533343266
0.03429159142
0.04145126418
0.04632278689
0.04856748168
0.04798847967
0.04421627143
0.03865247127
-0.06125494209
-0.06291643827
-0.06423188845
-0.06486200537
-0.06492708785
-0.06450192499
-0.06367803559
-0.06256740269
-0.06128595151
-0.05994312178
-0.05863605345
-0.05744660933
-0.05644053422
-0.05566805678
-0.05516531561
-0.0549561529
-0.05505396832
-0.05546344416
-0.05618203124
-0.05720116281
-0.05850730057
-0.06008257757
-0.06190534371
-0.06395043127
-0.06618943538
-0.06859090823
-0.07112028945
-0.07373995991
-0.0764092289
-0.07908430994
-0.08171831857
-0.08426129478
-0.08666025906
-0.08885931499
-0.09079980846
-0.09242055432
-0.09365814723
-0.09444737719
-0.09472167855
-0.09441343903
-0.09345650381
-0.09178475161
-0.08933441549
-0.08604600406
-0.08186545168
-0.07674651634
-0.07065361998
-0.06356505801
-0.05547826952
-0.04641415441
-0.03642280572
-0.02559415878
-0.01406953292
-0.002054451723
0.01016656572
0.02221732081
0.03362494332
0.04383074455
0.05222628401
0.05822546237
0.06138012487
0.06138676082
0.05776370796
0.05201127255
-0.06537488179
-0.06736927341
-0.0688747545
-0.06947414308
-0.06934272513
-0.06859607872
-0.06736462451
-0.06579724773
-0.06404103257
-0.06222958191
-0.06047743485
-0.05887794812
-0.05750356533
-0.05640754668
-0.05562640413
-0.05518253022
-0.05508670557
-0.0553403085
-0.05593712634
-0.05686488294
-0.05810637665
-0.05964016443
-0.0614411892
-0.06348120055
-0.06572890317
-0.06815008831
-0.07070764237
-0.07336153798
-0.07606879005
-0.07878340736
-0.08145635793
-0.08403555791
-0.08646589553
-0.08868930152
-0.09064487618
-0.09226908395
-0.09349603086
-0.09425784613
-0.09448512753
-0.0941072783
-0.09305435065
-0.09125710773
-0.0886474765
-0.08516167646
-0.08074092353
-0.07533379812
-0.06889896018
-0.06140833206
-0.05285123749
-0.04323962412
-0.0326157089
-0.02106056331
-0.008702918326
0.0042642811
0.01756546456
0.03082557726
0.04355877327
0.05516967541
0.06498054362
0.07230068732
0.07655389555
0.07730097843
0.07390865887
0.06797641569
-0.07004861481
-0.07245883474
-0.07417695493
-0.07469119796
-0.07426419064
-0.07307462204
-0.07130828345
-0.06916264679
-0.06682302043
-0.06445053502
-0.06217789445
-0.0601090696
-0.05832141057
-0.05686902378
-0.05578655078
-0.05509282799
-0.05479414393
-0.05488696892
-0.05536011321
-0.05619653257
-0.05737447193
-0.05886824769
-0.06064896586
-0.06268482673
-0.06494130475
-0.06738122413
-0.06996474337
-0.07264929875
-0.07538952061
-0.07813714559
-0.08084094234
-0.08344666233
-0.08589702671
-0.0881317599
-0.09008767983
-0.09169885575
-0.09289684736
-0.09361104625
-0.09376910187
-0.09329727731
-0.09212174571
-0.09016976514
-0.08736867357
-0.08364998884
-0.07894967816
-0.07321047321
-0.06638450339
-0.05843640632
-0.04934730197
-0.03911985659
-0.02778492423
-0.01541030549
-0.002114324778
0.01192138784
0.02643543602
0.0410585532
0.05529598723
0.06851871648
0.07997917756
0.08887298619
0.09447397205
0.09617014534
0.09312092405
0.08702237485
-0.07551614918
-0.0784355513
-0.08037232361
-0.08070345814
-0.0798298171
-0.07802609419
-0.07555536716
-0.07267750532
-0.06962305083
-0.06658279001
-0.0637066609
-0.06110664515
-0.05886167758
-0.0570232802
-0.05562102623
-0.05466739317
-0.05416182212
-0.05409392193
-0.05444612341
-0.05519543186
-0.05631458429
-0.05777304446
-0.05953755092
-0.0615724036
-0.06383959248
-0.06629880726
-0.06890736411
-0.07162009112
-0.07438919285
-0.07716411444
-0.07989142139
-0.08251470689
-0.08497453682
-0.0872084422
-0.08915096858
-0.0907337922
-0.09188591564
-0.09253396209
-0.092602566
-0.09201472904
-0.09069269969
-0.08855985056
-0.08553864628
-0.08155542854
-0.07654028829
-0.07042927036
-0.06316690171
-0.05470916141
-0.04502726687
-0.03411254321
-0.0219828838
-0.008691495715
0.005660889906
0.02091019496
0.03680462918
0.05298715219
0.06896217016
0.08407080911
0.09749393495
0.1083022028
0.1155924799
0.118531052
0.1159895015
0.1097513505
-0.08213800924
-0.08566153809
-0.08778517274
-0.08776213843
-0.08621160419
-0.0835517974
-0.08015103458
-0.07634654928
-0.07241956323
-0.06858992418
-0.06502096453
-0.0618274661
-0.05908450567
-0.05683598295
-0.05510205206
-0.05388524093
-0.05317523317
-0.05295278398
-0.0531922739
-0.05386338514
-0.05493254979
-0.05636373978
-0.05811890585
-0.06015817599
-0.06243988568
-0.06492049566
-0.06755443922
-0.07029393503
-0.07308878795
-0.07588619645
-0.07863058059
-0.08126344131
-0.08372326011
-0.08594544725
-0.08786234685
-0.08940330758
-0.09049482972
-0.09106080546
-0.09102285807
-0.09030067396
-0.08881260033
-0.08647779167
-0.08321361069
-0.07894075286
-0.07358276536
-0.06706806441
-0.05933228448
-0.05032101142
-0.0399932789
-0.02832613539
-0.01532080985
-0.00101126884
0.01452361628
0.03114308924
0.04862015866
0.066609966
0.08462076503
0.101975866
0.1177844548
0.1309773003
0.1404395741
0.1450495847
0.143272027
0.1369545482
-0.09046659694
-0.09466599215
-0.09686523521
-0.09619417587
-0.09361557538
-0.08975779247
-0.0851275552
-0.08015294965
-0.0751668906
-0.07041254992
-0.06605812738
-0.06221220544
-0.05893770374
-0.05626385667
-0.05419574816
-0.05272149861
-0.05181802649
-0.05145476598
-0.05159608258
-0.05220328111
-0.05323570114
-0.05465130953
-0.05640697006
-0.05845848268
-0.06076047132
-0.06326617947
-0.06592721507
-0.06869327581
-0.07151187578
-0.074328089
-0.07708432118
-0.07972011827
-0.08217201876
-0.08437345605
-0.0862547175
-0.08774296692
-0.08876233921
-0.08923412055
-0.08907702178
-0.08820746072
-0.08653999587
-0.08398933797
-0.08046764402
-0.07588957458
-0.07017151598
-0.06323331114
-0.05500031241
-0.04540573876
-0.03439371924
-0.0219233462
-0.007974277846
0.007445219153
0.02428637476
0.04244229349
0.06172177315
0.08181241734
0.1022354079
0.1223023444
0.1410644617
0.1572982659
0.1696314087
0.176562857
0.175971482
0.1697151599
-0.1013691937
-0.106231188
-0.1082334181
-0.106413859
-0.1022718325
-0.09673436113
-0.09048063396
-0.08403574704
-0.07777574105
-0.07195240544
-0.06672305223
-0.06217575461
-0.05834926752
-0.05524888084
-0.05285758092
-0.05114427711
-0.0500693165
-0.04958804213
-0.04965336728
-0.05021720441
-0.05123119153
-0.05264698148
-0.05441624009
-0.05649045613
-0.05882064082
-0.06135697059
-0.06404840842
-0.06684232884
-0.06968416251
-0.07251707148
-0.07528166277
-0.07791574557
-0.08035413638
-0.08252851606
-0.08436734283
-0.08579582592
-0.08673596564
-0.08710666932
-0.08682394804
-0.08580112549
-0.08394918997
-0.08117835035
-0.07739564347
-0.07250947062
-0.06642860172
-0.05906350786
-0.05032796454
-0.0401408454
-0.02842846817
-0.01512780784
-0.0001911132436
0.01640712359
0.03465925602
0.0545071884
0.07581504379
0.09832749314
0.1216106677
0.1449808768
0.1674456459
0.1876355017
0.2038664555
0.2141307879
0.2154517115
0.2095825436
-0.1162455083
-0.1215257892
-0.1227353445
-0.1189195468
-0.1124008496
-0.1045111252
-0.09612476947
-0.0878508873
-0.08008165213
-0.07304789472
-0.06686967101
-0.06159326968
-0.05721712349
-0.05371094407
-0.05102758267
-0.04911063447
-0.04790006633
-0.04733511083
-0.0473559364
-0.04790438504
-0.04892414065
-0.05036055249
-0.05216025606
-0.05427068623
-0.0566395458
-0.05921426884
-0.06194150325
-0.06476662725
-0.06763330865
-0.07048311145
-0.07325515263
-0.07588581046
-0.07830848547
-0.08045341502
-0.08224754285
-0.0836144455
-0.08447431819
-0.08474402523
-0.08433721442
-0.08316443451
-0.08113344159
-0.07815010761
-0.07411666996
-0.06893529289
-0.06250695535
-0.05473227689
-0.04551249923
-0.03475049683
-0.02235211685
-0.008228114934
0.007702828016
0.02550907649
0.04523732115
0.06689731191
0.09043540851
0.1156903104
0.1423229019
0.1697146394
0.1968510893
0.2222488083
0.2438864443
0.2590768178
0.2635891173
0.2588497394
-0.1374340405
-0.1423126472
-0.1414854426
-0.1342459927
-0.1241286034
-0.1129670567
-0.101813947
-0.09130766685
-0.08179690583
-0.0734388381
-0.06627607403
-0.06028360075
-0.05539881915
-0.05154170957
-0.04862522042
-0.04656259333
-0.045270523
-0.04467059985
-0.04468965263
-0.04525944185
-0.04631601382
-0.0477988986
-0.04965025895
-0.05181405157
-0.05423523415
-0.0568590348
-0.05963029043
-0.06249285544
-0.06538907906
-0.06825934874
-0.07104169605
-0.0736714625
-0.07608102235
-0.07819956047
-0.07995290377
-0.08126340483
-0.08204987708
-0.08222758184
-0.08170826066
-0.08040015251
-0.0782082504
-0.07503452096
-0.07077696925
-0.06533186404
-0.05859261578
-0.05045000989
-0.04079240624
-0.02950575
-0.01647357839
-0.001577178906
0.01530375478
0.03428919506
0.05549402254
0.07901747513
0.104921448
0.1331887294
0.1636478196
0.1958471581
0.2288684439
0.2611373006
0.290358476
0.3129964125
0.3230131962
0.3210665084
-0.1690429839
-0.1712813146
-0.1658571638
-0.1528132399
-0.1373029548
-0.121663449
-0.1070088697
-0.09387075573
-0.08244199626
-0.07272336649
-0.06462012462
-0.05799716591
-0.05270509375
-0.04859974888
-0.04554719153
-0.04342646096
-0.04212962082
-0.04156061426
-0.04163364742
-0.04227144791
-0.04340357868
-0.04496489021
-0.04689413889
-0.04913277281
-0.05162387366
-0.05431123886
-0.05713858736
-0.06004887368
-0.06298369688
-0.06588279318
-0.0686836029
-0.07132090417
-0.07372650736
-0.07582900515
-0.07755357374
-0.07882182126
-0.07955167906
-0.07965733166
-0.07904917325
-0.07763372502
-0.0753138253
-0.07198825483
-0.06755156699
-0.06189484703
-0.05490465226
-0.04646260824
-0.03644471965
-0.02472022197
-0.01114998393
0.004415572864
0.02213895469
0.04219807254
0.0647876286
0.09011692575
0.1183988735
0.1498200372
0.1844736148
0.2222254515
0.2624713078
0.303777992
0.3436435836
0.3777570546
0.3976887321
0.4023648152
-0.2184545724
-0.21249012
-0.1973343383
-0.1745986777
-0.1511636517
-0.1295764341
-0.1106857508
-0.09464393216
-0.08128823484
-0.07033644454
-0.06147636803
-0.05441815121
-0.04890541425
-0.04471940949
-0.04167573881
-0.03961949759
-0.03842009001
-0.03796643359
-0.03816282816
-0.03892550824
-0.04017980836
-0.04185784609
-0.04389662805
-0.04623649562
-0.04881984199
-0.05159004574
-0.05449057873
-0.05746425544
-0.06045259874
-0.06339530285
-0.06622977903
-0.06889077229
-0.07131004052
-0.07341608822
-0.07513394833
-0.07638500557
-0.077086854
-0.07715318078
-0.07649365838
-0.07501376886
-0.07261492678
-0.06919372968
-0.06464219454
-0.0588473174
-0.05169005939
-0.0430443168
-0.03277534086
-0.02073739142
-0.006770419426
0.009304521404
0.0276914549
0.04862748277
0.07239247613
0.09931934043
0.1298013463
0.1642877796
0.2032485367
0.2470676845
0.2957927909
0.3486615552
0.4034292871
0.4552377994
0.4931735722
0.5131713942
-0.2978537548
-0.271315879
-0.2367303928
-0.1983374515
-0.1637239728
-0.13471317
-0.1111553692
-0.09232027834
-0.07737449295
-0.06558861611
-0.05636134906
-0.04921461142
-0.04377427867
-0.03974871598
-0.03690915379
-0.03507413254
-0.03409754576
-0.03385957007
-0.03425985985
-0.03521244513
-0.0366418804
-0.03848030849
-0.04066519404
-0.04313754872
-0.04584052081
-0.04871825774
-0.05171497672
-0.05477419638
-0.05783809596
-0.06084697737
-0.06373881215
-0.06644885977
-0.06890934667
-0.07104919722
-0.07279380862
-0.07406486143
-0.07478015658
-0.07485346786
-0.07419438543
-0.07270806023
-0.07029525888
-0.06685162436
-0.06226758716
-0.05642748109
-0.0492084287
-0.0404787692
-0.03009572476
-0.01790199712
-0.003720871569
0.01265077838
0.03145241733
0.05297380306
0.07757431528
0.1057090067
0.1379618641
0.1750834915
0.218020917
0.2679025392
0.3258901284
0.3927426272
0.467746218
0.5458843529
0.6135790616
0.6642940833
-0.4322086276
-0.353528336
-0.2802544928
-0.2185406634
-0.1700300831
-0.1332408905
-0.1057195891
-0.08508108227
-0.06950665413
-0.05771455959
-0.04879095614
-0.04208209853
-0.03712026442
-0.03356633012
-0.03116915043
-0.02973844013
-0.02912635442
-0.02921479568
-0.02990664247
-0.03111962067
-0.03278194015
-0.03482912587
-0.0372016673
-0.03984323532
-0.042699299
-0.04571602955
-0.04883941525
-0.05201453522
-0.05518495581
-0.05829222453
-0.06127544328
-0.06407090763
-0.06661180182
-0.06882794082
-0.07064555133
-0.0719870829
-0.0727710392
-0.07291181551
-0.07231950859
-0.07089968964
-0.06855331027
-0.0651761122
-0.06065806657
-0.05488251779
-0.04772489946
-0.03905081889
-0.028713253
-0.01654845099
-0.002369955275
0.01404013465
0.03294397609
0.05466688096
0.07962534768
0.1083687981
0.1416415864
0.1804737211
0.2263076123
0.2811552262
0.3477408133
0.4294691404
0.5293798338
0.6453602209
0.763391736
0.8752572701
-0.7304923952
-0.4694155387
-0.3095341578
-0.2190252824
-0.1585604152
-0.1172710353
-0.08927798651
-0.06970955831
-0.05562852166
-0.04536003441
-0.03783404218
-0.0323431064
-0.02841910766
-0.0257427254
-0.02408715307
-0.0232854222
-0.02321007399
-0.02376001661
-0.02485199141
-0.02641491924
-0.02838603333
-0.03070815226
-0.03332769786
-0.03619320861
-0.03925419001
-0.04246020081
-0.04576010951
-0.04910147786
-0.05243004245
-0.05568927486
-0.05882000658
-0.06176010873
-0.06444421883
-0.06680350774
-0.06876548011
-0.07025380062
-0.07118813621
-0.0714839994
-0.07105254882
-0.06980051662
-0.06762990356
-0.0644374118
-0.06011392518
-0.05454366728
-0.0476028862
-0.0391579104
-0.02906230212
-0.01715268021
-0.003242576971
0.01288664736
0.03149937974
0.05292633294
0.07759632053
0.1060863854
0.1392027293
0.1781142487
0.2245762911
0.2813083664
0.3526340052
0.4454695448
0.569994369
0.7388532689
0.9742497486
1.30147547
-1.424916005
-0.6454765268
-0.3290765947
-0.2093447702
-0.1365304277
-0.09170823563
-0.06550140303
-0.04902898995
-0.03793409443
-0.03025830173
-0.02488182657
-0.02113085935
-0.01860762774
-0.01706386303
-0.01633217366
-0.01629257085
-0.01685384859
-0.01794255151
-0.0194964553
-0.02146057545
-0.02378457322
-0.02642097607
-0.02932389289
-0.03244803763
-0.03574795338
-0.03917737308
-0.04268867892
-0.04623243681
-0.04975699126
-0.05320811137
-0.05652868145
-0.05965843177
-0.06253370571
-0.0650872595
-0.06724809029
-0.06894128689
-0.0700878951
-0.07060478456
-0.07040453661
-0.06939530017
-0.06748048618
-0.06455839923
-0.06052175252
-0.05525690774
-0.04864271159
-0.04054877261
-0.03083292778
-0.01933751946
-0.005883911842
0.009735646058
0.02777026521
0.04852924078
0.07241185055
0.09995631795
0.1319239187
0.1694507017
0.2143348219
0.2696082719
0.3407439361
0.4382084701
0.5817925064
0.8108684731
1.250204158
2.170668504
)
;

boundaryField
{
    movingWall
    {
        type            zeroGradient;
    }
    fixedWalls
    {
        type            zeroGradient;
    }
    frontAndBack
    {
        type            empty;
    }
}


// ************************************************************************* //
