/*--------------------------------*- C++ -*----------------------------------*\
  =========                 |
  \\      /  F ield         | OpenFOAM: The Open Source CFD Toolbox
   \\    /   O peration     | Website:  https://openfoam.org
    \\  /    A nd           | Version:  11
     \\/     M anipulation  |
\*---------------------------------------------------------------------------*/
FoamFile
{
    format      ascii;
    class       volScalarField;
    location    "900";
    object      p;
}
// * * * * * * * * * * * * * * * * * * * * * * * * * * * * * * * * * * * * * //

dimensions      [0 2 -2 0 0 0 0];

internalField   nonuniform List<scalar> 
4096
(
4.69676419e-09
-3.452712575e-05
-0.0001475769003
-0.0003317906283
-0.0005619832409
-0.0008174607089
-0.001081534967
-0.001340927188
-0.001585445386
-0.001807487993
-0.002001519212
-0.002163602552
-0.002291007457
-0.002381887995
-0.002435028647
-0.002449650504
-0.002425270735
-0.002361608317
-0.002258529317
-0.002116025365
-0.001934219316
-0.001713392439
-0.001454027817
-0.001156864969
-0.0008229610155
-0.0004537540017
-5.11242608e-05
0.0003825500117
0.0008443465616
0.001330765541
0.00183771159
0.002360494156
0.002893848767
0.003431979791
0.003968624079
0.004497139319
0.005010615791
0.005502008152
0.005964285459
0.00639059591
0.006774441873
0.007109859952
0.007391600263
0.007615298738
0.007777636211
0.007876478358
0.007910991231
0.007881728177
0.007790685304
0.007641324365
0.007438563744
0.007188740144
0.00689954536
0.006579943783
0.006240076763
0.005891158569
0.005545362663
0.005215690264
0.004915784007
0.004659559862
0.004460467739
0.004330728356
0.004279691777
0.004290830542
3.419532438e-05
-5.463457018e-07
-9.9263514e-05
-0.0002575982589
-0.000455198662
-0.0006752403555
-0.0009038981073
-0.00112980546
-0.001343927424
-0.001539290767
-0.001710636923
-0.00185408317
-0.001966819479
-0.002046849805
-0.002092780276
-0.002103653115
-0.002078823062
-0.002017872097
-0.001920557797
-0.001786790505
-0.001616634492
-0.001410328411
-0.001168320491
-0.0008913141221
-0.0005803196804
-0.0002367086679
0.0001377335719
0.0005407600721
0.0009696226887
0.001421043826
0.001891202161
0.002375734825
0.002869759009
0.003367912824
0.003864414438
0.004353144654
0.004827750915
0.00528176922
0.005708762667
0.006102473358
0.006456983504
0.006766880853
0.007027423042
0.007234695106
0.007385754353
0.007478757089
0.007513062279
0.007489308191
0.007409459288
0.007276822123
0.007096030532
0.006873002009
0.006614868435
0.006329885127
0.00602732201
0.005717338827
0.005410842672
0.005119317283
0.004854595158
0.004628472992
0.004452095552
0.004335916916
0.00429015424
0.004301727823
0.000147821342
9.754601297e-05
-2.249746473e-06
-0.0001473280556
-0.000322976166
-0.0005164053847
-0.0007166789795
-0.0009145059015
-0.001102256931
-0.001273854581
-0.001424571274
-0.001550803342
-0.001649851895
-0.001719725486
-0.001758972239
-0.001766544345
-0.00174169489
-0.001683905214
-0.00159283994
-0.001468326327
-0.001310354234
-0.001119092948
-0.0008949210879
-0.0006384658912
-0.000350648278
-3.273022968e-05
0.0003136388574
0.0006863800251
0.001082949839
0.001500315532
0.001934942739
0.002382798152
0.002839370271
0.003299707551
0.003758473002
0.004210021313
0.004648495701
0.005067941226
0.005462433725
0.005826221227
0.00615387394
0.006440438183
0.006681589131
0.006873776861
0.007014360179
0.007101722873
0.007135367674
0.007115984015
0.007045486842
0.00692702504
0.006764959451
0.006564811799
0.006333186923
0.006077671295
0.005806710539
0.005529467121
0.005255656605
0.004995357608
0.004758778965
0.00455591186
0.00439605565
0.004288293143
0.004243545322
0.004251581811
0.0003351822022
0.0002565210104
0.0001401139356
-6.99300006e-06
-0.0001755937678
-0.0003561714408
-0.0005401631459
-0.0007201875062
-0.0008900650116
-0.001044768078
-0.001180304438
-0.001293565929
-0.001382170421
-0.001444313142
-0.001478636501
-0.001484123021
-0.001460012992
-0.001405746478
-0.001320928091
-0.001205312168
-0.001058805569
-0.0008814850674
-0.0006736262162
-0.0004357405412
-0.0001686179479
0.0001266287174
0.0004485199419
0.0007951695631
0.00116425133
0.001552974682
0.001958072164
0.002375800766
0.00280196055
0.003231929807
0.00366071486
0.004083022807
0.004493353105
0.004886105018
0.005255700445
0.005596719103
0.005904042243
0.006173000401
0.006399520076
0.006580263875
0.006712758546
0.006795505523
0.00682806913
0.006811138418
0.006746559712
0.006637338225
0.006487608513
0.006302574847
0.006088423738
0.005852211544
0.005601730254
0.005345353782
0.005091865905
0.00485027095
0.004629582935
0.004438545065
0.004285302706
0.004178033649
0.004127099018
0.004124483946
0.0005727696217
0.0004571662043
0.0003139440975
0.0001548818063
-1.631301853e-05
-0.0001930234452
-0.0003687668191
-0.0005379480814
-0.0006958312252
-0.000838505167
-0.0009628205723
-0.001066289548
-0.001146972124
-0.001203365729
-0.001234306593
-0.001238888047
-0.001216398048
-0.001166276338
-0.001088090393
-0.000981528533
-0.0008464080383
-0.0006826958487
-0.0004905392548
-0.0002703039121
-2.261648232e-05
0.0002515908008
0.0005510363322
0.0008740487715
0.001218532749
0.001581943201
0.001961270714
0.00235304018
0.002753326094
0.00315778446
0.003561697893
0.003960044456
0.00434758517
0.004718967389
0.005068843878
0.005392004628
0.005683517626
0.005938874044
0.006154132695
0.006326058124
0.006452246586
0.006531234283
0.00656258274
0.00654693704
0.006486053707
0.006382796414
0.006241099117
0.006065897702
0.005863032508
0.005639125149
0.005401433605
0.005157689646
0.004915922532
0.004684274051
0.004470807485
0.004283284264
0.00412894414
0.00401500641
0.003950090373
0.003928989044
0.0008408406921
0.0006830913844
0.0005065141144
0.0003286272422
0.0001478935256
-3.164048711e-05
-0.0002053234619
-0.0003692079584
-0.000519946794
-0.0006547502341
-0.0007713555507
-0.0008679603614
-0.0009431405328
-0.0009957685274
-0.001024940214
-0.001029914805
-0.001010070327
-0.0009648753473
-0.0008938764983
-0.0007967005881
-0.000673069609
-0.0005228266405
-0.0003459704767
-0.0001426966951
8.655718302e-05
0.0003410648449
0.000619765095
0.0009212190057
0.001243572817
0.001584529085
0.001941328485
0.002310744605
0.00268909482
0.003072268797
0.003455768996
0.003834775868
0.004204232261
0.004558944117
0.004893697654
0.005203390099
0.005483170141
0.0057285835
0.005935718263
0.006101344107
0.006223039355
0.006299299842
0.006329624124
0.006314570327
0.006255781146
0.006155974904
0.006018902195
0.005849269275
0.005652630928
0.00543525687
0.005203976775
0.004966009628
0.004728783595
0.004499753447
0.004286220979
0.004095152483
0.003933035422
0.003806099059
0.00372062292
0.003674806663
0.001122591687
0.0009199606763
0.0007060430494
0.0005045933667
0.0003092227234
0.000121732425
-5.482466138e-05
-0.0002179988035
-0.0003657478044
-0.0004963696655
-0.0006084900993
-0.000701016647
-0.0007730776603
-0.0008239616696
-0.0008530639628
-0.0008598443411
-0.0008437982042
-0.0008044416606
-0.0007413103372
-0.0006539708935
-0.0005420438176
-0.0004052358082
-0.0002433798769
-5.648118577e-05
0.000155233457
0.000391264609
0.0006507899704
0.0009326172738
0.001235142718
0.001556317434
0.001893624462
0.002244068671
0.002604182182
0.002970049448
0.003337342979
0.003701384994
0.004057229549
0.004399761616
0.004723813851
0.005024298077
0.005296347612
0.005535465657
0.005737674182
0.005899657088
0.006018891149
0.0060937583
0.006123633257
0.006108941351
0.00605118267
0.005952920154
0.00581773107
0.005650123178
0.005455418714
0.005239611009
0.0050091999
0.004771013138
0.004532021644
0.004299156374
0.004079132948
0.003878298307
0.003702548394
0.003557204384
0.00344605381
0.003371154345
0.001403439251
0.001154864021
0.0009014522818
0.0006733826061
0.000459814622
0.0002605885513
7.736067647e-05
-8.877395643e-05
-0.000236984175
-0.0003666011954
-0.0004771141432
-0.0005681359784
-0.0006393560187
-0.0006904942756
-0.000721263157
-0.0007313396523
-0.0007203497201
-0.0006878653722
-0.000633414093
-0.0005564996704
-0.0004566331666
-0.0003333725289
-0.0001863691931
-1.541991815e-05
0.0001794780188
0.0003980702536
0.0006397895122
0.0009037027954
0.001188463967
0.001492274264
0.001812853334
0.002147423367
0.002492708071
0.002844954186
0.003199962251
0.003553144481
0.003899605199
0.004234239004
0.004551848181
0.004847276348
0.005115554364
0.005352053579
0.005552640543
0.005713826581
0.00583290526
0.005908070752
0.005938510527
0.005924466699
0.005867261652
0.005769285259
0.005633942997
0.005465566372
0.005269289208
0.005050895328
0.004816644805
0.004573087287
0.00432687158
0.004084559278
0.003852448482
0.003636442692
0.003442023662
0.003273765573
0.003133063365
0.003026150744
0.001670713286
0.001376202144
0.001082409648
0.0008259279385
0.0005918148825
0.000378179262
0.0001854457196
1.348106193e-05
-0.000138002194
-0.0002693050986
-0.0003807396047
-0.0004726005115
-0.000545126456
-0.0005984649237
-0.0006326455773
-0.0006475641432
-0.000642978079
-0.0006185142395
-0.0005736880587
-0.0005079333209
-0.00042064132
-0.0003112080372
-0.000179087846
-2.385214677e-05
0.0001547487831
0.0003567225794
0.0005817722482
0.000829236502
0.001098035376
0.001386623698
0.001692955212
0.002014460055
0.002348036292
0.002690067501
0.003036448405
0.003382638375
0.003723740469
0.004054599006
0.004369918269
0.004664399283
0.004932890628
0.005170548186
0.005372997647
0.005536492755
0.005658061809
0.005735634779
0.00576814386
0.005755591115
0.005699078283
0.005600795661
0.00546396911
0.005292766695
0.005092168816
0.004867808044
0.004625786742
0.004372482137
0.004114349173
0.003857728707
0.003608666816
0.003372801804
0.003155390491
0.002960462785
0.002787237592
0.002646330746
0.001913268628
0.00157350405
0.001239303533
0.0009535402651
0.0006974562681
0.000467605206
0.0002633087141
8.331141264e-05
-7.370862042e-05
-0.0002089579141
-0.0003235233041
-0.0004183465206
-0.0004941905667
-0.0005516126358
-0.0005909466674
-0.0006122969312
-0.0006155433665
-0.0006003586073
-0.0005662360664
-0.0005125281156
-0.0004384932042
-0.000343350636
-0.000226341633
-8.679521959e-05
7.58026689e-05
0.0002617386105
0.0004710016177
0.0007032157503
0.0009575778468
0.001232803031
0.00152708102
0.001838046132
0.002162760356
0.002497726246
0.002838907387
0.003181776392
0.003521392589
0.003852498914
0.00416964212
0.004467313266
0.00474010435
0.00498287587
0.005190928845
0.00536017386
0.00548728906
0.005569858828
0.005606485195
0.005596864917
0.005541826607
0.005443324278
0.005304386021
0.005129019236
0.004922076534
0.004689089036
0.004436076001
0.004169341464
0.003895269296
0.003620124012
0.003349862884
0.003090037961
0.002845874953
0.002621076294
0.002412935333
0.00223658472
0.002121121384
0.001737214272
0.001363162322
0.001047915528
0.0007691276109
0.0005219271383
0.0003046288025
0.0001149403814
-4.942145496e-05
-0.0001905080687
-0.0003101313777
-0.0004098394642
-0.0004908867642
-0.0005542133578
-0.0006004352989
-0.0006298465731
-0.0006424329439
-0.0006378973541
-0.0006156961258
-0.0005750849668
-0.000515173665
-0.000434988275
-0.0003335395343
-0.0002098961525
-6.326148418e-05
0.0001069480933
0.0003010250162
0.0005188947774
0.0007600450432
0.001023462393
0.001307579957
0.001610239137
0.001928663207
0.002259464119
0.002598658069
0.002941706222
0.003283590791
0.003618910721
0.003942003207
0.004247088022
0.004528430526
0.004780518044
0.00499824291
0.005177084328
0.005313280391
0.005403981281
0.005447374858
0.005442776742
0.005390678416
0.005292748999
0.005151788917
0.004971636611
0.004757032503
0.004513447327
0.004246884449
0.003963667839
0.003670228131
0.003372893924
0.003077693856
0.002790270452
0.00251601001
0.002258499971
0.002013347772
0.001800307128
0.002285168973
0.001858511677
0.001445568616
0.001101119926
0.0007994124532
0.0005342428096
0.0003029877186
0.0001023847177
-7.074964753e-05
-0.0002192569372
-0.0003456258704
-0.0004519685197
-0.0005399938103
-0.0006109925677
-0.0006658349212
-0.0007049798831
-0.0007284969411
-0.0007360991031
-0.000727186541
-0.0007008998415
-0.0006561818051
-0.000591846695
-0.0005066557893
-0.0003993979957
-0.0002689741432
-0.0001144833495
6.469040983e-05
0.0002687937245
0.0004976236723
0.0007504550804
0.001025978654
0.00132225354
0.001636670572
0.00196595062
0.00230615614
0.00265272195
0.003000529219
0.003343998933
0.003677214036
0.003994067306
0.004288430884
0.004554342158
0.004786199132
0.004978957053
0.005128317058
0.005230897095
0.005284375419
0.005287597749
0.005240640606
0.005144825552
0.005002681797
0.004817857856
0.004594986301
0.004339508941
0.004057472604
0.003755308057
0.003439605539
0.003116893992
0.002793429623
0.002475117627
0.002167690388
0.001874819607
0.001590631584
0.00133961201
0.002396987509
0.001929171356
0.001478586465
0.001105570655
0.0007811127379
0.0004977431848
0.000251948648
3.954745288e-05
-0.0001434934725
-0.0003007579316
-0.0004353664918
-0.0005499535717
-0.0006466444516
-0.0007270461001
-0.00079225149
-0.0008428564865
-0.0008789887528
-0.0009003479212
-0.0009062561261
-0.0008957179411
-0.0008674887578
-0.0008201506335
-0.0007521945991
-0.0006621083238
-0.0005484678678
-0.0004100320157
-0.0002458373728
-5.529204414e-05
0.0001617346436
0.000404829281
0.000672962135
0.0009644296397
0.001276806577
0.001606932331
0.001950920211
0.002304174485
0.00266146157
0.003016999742
0.003364580715
0.003697720266
0.004009833989
0.004294433024
0.004545332813
0.004756866358
0.004924092192
0.005042986493
0.005110608659
0.005125230219
0.005086418388
0.004995067774
0.004853376656
0.004664767716
0.004433756854
0.004165777367
0.003866970027
0.003543952401
0.0032035819
0.002852719686
0.002498001323
0.002145761485
0.001802256671
0.001471425224
0.001146072566
0.0008555638036
0.002448694011
0.00194146618
0.001454706927
0.001054021108
0.0007072680314
0.0004057591031
0.0001451234551
-7.970078091e-05
-0.0002735547927
-0.0004407230116
-0.0005849169559
-0.000709253926
-0.0008162381401
-0.0009077577458
-0.0009850962428
-0.001048956664
-0.001099497592
-0.001136380108
-0.001158824746
-0.001165677583
-0.001155484633
-0.001126573736
-0.001077143107
-0.001005355608
-0.0009094376222
-0.0007877811422
-0.0006390473403
-0.0004622694822
-0.0002569526331
-2.316722756e-05
0.0002383674217
0.0005262145437
0.0008381606589
0.001171184427
0.001521466889
0.001884389459
0.002254601494
0.00262610412
0.002992369486
0.003346492771
0.003681373368
0.003989920345
0.004265275358
0.004501044276
0.004691527212
0.004831935603
0.004918584502
0.004949048616
0.004922271896
0.004838622637
0.004699889079
0.004509214223
0.004270972666
0.003990596374
0.003674360077
0.003329140267
0.002962163341
0.002580750142
0.002192063202
0.001803028461
0.001420597962
0.001049143326
0.0006802617183
0.0003484027738
0.002432858683
0.001888103854
0.001366813745
0.0009395549311
0.0005711757033
0.0002518038435
-2.37668228e-05
-0.0002614478998
-0.0004668541293
-0.0006449344017
-0.000799954383
-0.0009354777083
-0.00105435204
-0.001158712872
-0.001250002434
-0.001329001322
-0.001395871565
-0.001450210094
-0.001491111709
-0.001517240791
-0.001526911108
-0.001518173099
-0.001488908034
-0.0014369283
-0.001360082889
-0.001256366864
-0.00112403319
-0.0009617048699
-0.0007684848704
-0.0005440609278
-0.0002888012632
-3.835328137e-06
0.0003088755943
0.0006464825506
0.001005265105
0.00138060294
0.001767039022
0.002158354819
0.002547684763
0.002927667653
0.003290631815
0.003628809671
0.00393457515
0.00420069517
0.004420584476
0.004588551669
0.004700023365
0.004751733486
0.004741865646
0.00467013866
0.00453782828
0.004347722172
0.004104009651
0.003812112327
0.00347846613
0.00311026922
0.00271521236
0.002301199214
0.001876063494
0.001447480724
0.001023265762
0.0006083768953
0.0001932701466
-0.0001822417849
0.002342457896
0.001762193008
0.001208167813
0.0007555905248
0.0003664150744
2.961511308e-05
-0.0002608347922
-0.0005116710063
-0.0007292521593
-0.0009191597544
-0.001086180544
-0.001234291125
-0.001366649747
-0.001485607563
-0.001592735455
-0.001688863323
-0.001774130194
-0.00184804399
-0.00190955011
-0.001957108214
-0.00198877677
-0.00200230502
-0.00199523199
-0.001964992059
-0.001909026409
-0.001824899315
-0.00171041787
-0.001563753189
-0.001383560683
-0.001169096541
-0.000920326595
-0.0006380205114
-0.0003238333788
1.960568158e-05
0.0003887207829
0.0007789262801
0.00118468443
0.001599568587
0.002016369704
0.002427244349
0.002823901659
0.00319782567
0.003540527002
0.003843815302
0.004100081484
0.004302576832
0.004445674657
0.004525099725
0.004538111281
0.004483627271
0.004362280403
0.00417640075
0.003929924513
0.003628233741
0.00327793691
0.002886605087
0.002462481313
0.002014170988
0.001550321016
0.001079513533
0.0006105926771
0.0001492482652
-0.0003151804851
-0.0007371535223
0.002170856958
0.001557233829
0.0009724087402
0.0004958962139
8.68770552e-05
-0.0002668013005
-0.0005719703383
-0.0008361690997
-0.001066473489
-0.001269068955
-0.001449233481
-0.001611326396
-0.001758786698
-0.001894152335
-0.002019095354
-0.002134469039
-0.002240365025
-0.002336179132
-0.00242068512
-0.002492115946
-0.00254825233
-0.00258651857
-0.002604085533
-0.002597980645
-0.00256520448
-0.002502853171
-0.002408245487
-0.002279052812
-0.002113429747
-0.001910142626
-0.001668692346
-0.001389423739
-0.001073619018
-0.0007236190866
-0.0003427963991
6.435239648e-05
0.0004922520885
0.0009342962223
0.001382941752
0.001829850023
0.002266072421
0.002682278244
0.003069019641
0.003417025519
0.003717513419
0.003962505824
0.004145135286
0.004259921673
0.004303004815
0.00427231722
0.004167684328
0.003990843964
0.003745381862
0.00343658606
0.003071228853
0.002657290983
0.002203646655
0.001719717583
0.001215104989
0.0006994560862
0.0001828139997
-0.0003282591724
-0.0008455542435
-0.001317344408
0.00191181754
0.001267127449
0.0006535705116
0.0001546150913
-0.0002732004167
-0.0006431251135
-0.0009627835786
-0.001240496242
-0.001484031162
-0.001700151199
-0.001894598344
-0.002072087406
-0.002236311472
-0.002389969684
-0.002534811004
-0.00267168929
-0.002800627319
-0.002920888366
-0.003031054641
-0.003129112334
-0.003212543387
-0.003278424225
-0.003323531738
-0.003344456681
-0.003337724416
-0.003299922583
-0.0032278348
-0.003118578946
-0.002969747942
-0.00277955048
-0.002546948426
-0.00227178288
-0.001954883882
-0.001598216507
-0.001204871177
-0.0007791830098
-0.0003267016638
0.0001458348329
0.0006305776516
0.001118696488
0.001600559759
0.002065964681
0.002504413406
0.002905427982
0.003258893491
0.003555415405
0.003786674366
0.003945759606
0.004027461407
0.004028503731
0.003947700554
0.003786023523
0.003546574155
0.003234460346
0.002856583983
0.002421353732
0.001938342429
0.001417897771
0.0008707167403
0.0003076743114
-0.0002598101811
-0.0008241598974
-0.001398342294
-0.001923881158
0.001559522014
0.0008862008657
0.0002461089912
-0.000273701769
-0.0007191915516
-0.001104672114
-0.001438546468
-0.001729894316
-0.001987150998
-0.002217631516
-0.002427516745
-0.002621852487
-0.0028045625
-0.002978485073
-0.003145425533
-0.003306219236
-0.003460802268
-0.003608288364
-0.003747051419
-0.003874813563
-0.003988739203
-0.004085535636
-0.004161560897
-0.004212939401
-0.004235685712
-0.004225836396
-0.004179589458
-0.004093450247
-0.003964382057
-0.00378995915
-0.003568519279
-0.003299307504
-0.002982603449
-0.002619893526
-0.002213891186
-0.001768670699
-0.001289671401
-0.0007836917917
-0.0002588356613
0.0002755995955
0.0008092922793
0.001331123984
0.00182946349
0.002292501136
0.002708623816
0.003066816626
0.003357073359
0.003570794961
0.003701153153
0.003743396192
0.003695075453
0.003556175321
0.00332913467
0.00301875552
0.002632002632
0.002177706856
0.001666192183
0.001108835672
0.0005175725933
-9.532460621e-05
-0.0007168711709
-0.001338326391
-0.001973908369
-0.002557718655
0.001108612223
0.0004092426433
-0.000255061915
-0.0007940556463
-0.001256037554
-0.001656342163
-0.0020041331
-0.002309225192
-0.002580695489
-0.002826386455
-0.003052894408
-0.003265574223
-0.003468560171
-0.003664811392
-0.003856173102
-0.004043447303
-0.0042264698
-0.004404191929
-0.004574766428
-0.00473563766
-0.004883636894
-0.005015083635
-0.005125894082
-0.005211697702
-0.005267962709
-0.005290130856
-0.005273761486
-0.005214684163
-0.005109158499
-0.00495403927
-0.004746944384
-0.004486417882
-0.004172076662
-0.003804801344
-0.003386817689
-0.002921814689
-0.002415011018
-0.001873167928
-0.001304566388
-0.0007189202506
-0.0001272247286
0.0004584624063
0.00102530733
0.001560050624
0.002049413255
0.002480544651
0.002841494437
0.003121684963
0.003312358432
0.00340697083
0.003401505509
0.003294682488
0.003088045268
0.002785914976
0.002395211214
0.001925150062
0.001386839173
0.0007927795024
0.0001562882529
-0.0005087856026
-0.001187686363
-0.001870347512
-0.002572334637
-0.003219536989
0.0005542365268
-0.0001684529171
-0.0008545276328
-0.001410955951
-0.00188819854
-0.002302565582
-0.002663959327
-0.002982902695
-0.003269087533
-0.003530859204
-0.003775207414
-0.004007776638
-0.004232894787
-0.004453627472
-0.004671847688
-0.004888313869
-0.005102752711
-0.005313945046
-0.005519814236
-0.005717517551
-0.005903541546
-0.006073802828
-0.006223755724
-0.006348508339
-0.006442948259
-0.006501878832
-0.006520166487
-0.006492898939
-0.006415553378
-0.006284173151
-0.006095551171
-0.005847413334
-0.005538586457
-0.005169200943
-0.004740861432
-0.004256721618
-0.003721641879
-0.003142218603
-0.002526800773
-0.001885436482
-0.001229747661
-0.0005727282315
7.1537787e-05
0.0006882373394
0.001262262386
0.001778704817
0.00222339382
0.002583451179
0.002847834889
0.003007838021
0.003057508845
0.002993960327
0.002817542514
0.002531859853
0.002143626487
0.001662366127
0.001099975532
0.0004701610636
-0.0002122345388
-0.0009315956071
-0.001671169489
-0.002419384057
-0.003193265768
-0.003909577448
-0.0001078960938
-0.0008510373357
-0.001556327
-0.002128373783
-0.002619604343
-0.003047249362
-0.003421922848
-0.003754825355
-0.004056234876
-0.00433497497
-0.004598407919
-0.004852450729
-0.005101611428
-0.00534905181
-0.005596665161
-0.005845161124
-0.006094153674
-0.006342250324
-0.006587142106
-0.006825694995
-0.007054044135
-0.007267692645
-0.007461617001
-0.007630380966
-0.007768259876
-0.007869376762
-0.007927851363
-0.007937962468
-0.007894323288
-0.007792068846
-0.007627054374
-0.007396059887
-0.007096981492
-0.006729038695
-0.006293057907
-0.005791482425
-0.005228647648
-0.004610824669
-0.003946285716
-0.003245293718
-0.002520013347
-0.001784336359
-0.001053613949
-0.0003442932095
0.0003265393644
0.0009416975918
0.001484501034
0.001939420699
0.00229273218
0.002533137628
0.002652314721
0.002645351209
0.002511028085
0.002251923139
0.001874319139
0.001387917199
0.0008053719898
0.0001416574441
-0.000586717355
-0.00136216816
-0.002165695302
-0.002984017266
-0.003835746538
-0.004627473629
-0.0008814604246
-0.001642057133
-0.002363905229
-0.002949695491
-0.00345360622
-0.003893724955
-0.004281345316
-0.004628311335
-0.004945456598
-0.005242057954
-0.005525830701
-0.00580294979
-0.006078093333
-0.00635451329
-0.006634120633
-0.006917576304
-0.007204383542
-0.007492979493
-0.007780825727
-0.008064498521
-0.008339780579
-0.008601756409
-0.008844913799
-0.009063253911
-0.009250412345
-0.009399793286
-0.009504718388
-0.009558591553
-0.009555079948
-0.009488310878
-0.009353084198
-0.009145097799
-0.008861165896
-0.008499430533
-0.008059738425
-0.007543639694
-0.006954746236
-0.006298807845
-0.005583835815
-0.004820145938
-0.004020317372
-0.003199057491
-0.002372960782
-0.001560154121
-0.000779826808
-5.165146878e-05
0.0006048889659
0.001171242886
0.0016305649
0.001968479823
0.002173785367
0.00223904086
0.002160992125
0.001940790954
0.00158398132
0.001100243873
0.0005029107794
-0.0001917427443
-0.0009654082422
-0.001798320068
-0.002668954517
-0.003562088163
-0.004498050006
-0.005372072569
-0.001769458609
-0.002544404647
-0.003280068959
-0.003877678858
-0.004392931752
-0.004844699744
-0.00524491842
-0.005606037387
-0.005939413438
-0.006254751723
-0.006560102426
-0.006861886546
-0.007164945955
-0.007472621293
-0.007786843748
-0.008108231261
-0.008436184254
-0.008768978625
-0.009103855654
-0.009437109876
-0.009764176901
-0.01007972382
-0.01037774508
-0.01065166695
-0.01089446346
-0.01109878657
-0.01125711291
-0.011361909
-0.01140581606
-0.01138185466
-0.01128364969
-0.01110567477
-0.01084349922
-0.01049402396
-0.01005588956
-0.009529537726
-0.008917634473
-0.00822517859
-0.007459694416
-0.006631341564
-0.005752934515
-0.004839861208
-0.003909883626
-0.002982806665
-0.002080007798
-0.00122382828
-0.000436837142
0.0002590085157
0.0008432702932
0.001297953166
0.001608388658
0.00176401109
0.001758961402
0.00159246004
0.001268904792
0.0007976720416
0.0001926255841
-0.0005286653411
-0.001345975505
-0.002237137096
-0.003177796818
-0.004150522611
-0.00517749089
-0.006141241573
-0.002774168345
-0.003560272248
-0.004306945629
-0.004914414348
-0.00543964536
-0.005902214496
-0.006314656147
-0.006689984003
-0.007040044106
-0.007374945171
-0.007703055917
-0.008031034535
-0.008363884388
-0.008705038143
-0.009056455187
-0.009418722054
-0.0097911505
-0.01017187077
-0.0105579197
-0.01094532485
-0.01132918703
-0.01170376412
-0.01206255968
-0.01239841992
-0.01270364251
-0.01297010071
-0.01318938577
-0.01335297037
-0.01345239496
-0.01347947823
-0.01342655274
-0.01328672663
-0.01305415712
-0.01272431244
-0.01229440505
-0.01176355777
-0.01113320893
-0.01040734794
-0.009592746188
-0.008699148778
-0.007739370144
-0.006729282663
-0.005687676845
-0.004635972416
-0.003597765343
-0.002598204325
-0.001663201815
-0.0008184990462
-8.862101736e-05
0.0005042257094
0.0009412442046
0.001208047988
0.001295487615
0.0012002234
0.0009249787904
0.0004784343447
-0.0001252461916
-0.0008672644985
-0.001725388355
-0.002674824742
-0.003688056717
-0.004745139045
-0.005870220509
-0.006931655187
-0.003897096186
-0.004691113925
-0.005445950433
-0.006061294234
-0.006595117052
-0.007067609316
-0.007491855672
-0.007881389155
-0.008248510009
-0.008603706556
-0.008955652034
-0.009311236541
-0.009675627193
-0.0100523573
-0.01044342823
-0.0108494129
-0.01126955504
-0.01170186157
-0.01214318762
-0.01258931569
-0.01303503136
-0.01347419907
-0.01389984176
-0.01430422843
-0.01467897394
-0.01501515487
-0.01530344532
-0.01553427614
-0.01569802031
-0.01578520676
-0.01578676418
-0.01569429769
-0.01550038816
-0.01519888206
-0.01478531455
-0.01425727996
-0.01361468473
-0.01286021744
-0.01199959016
-0.011041825
-0.009999441259
-0.0088885317
-0.007728702717
-0.006542850011
-0.005356745773
-0.004198421564
-0.003097343151
-0.002083389839
-0.001185670676
-0.0004312318044
0.0001562692373
0.00055782845
0.0007601948587
0.0007566992806
0.0005477193278
0.0001407151367
-0.0004501920051
-0.001205118964
-0.002099779593
-0.003106539804
-0.004194359056
-0.005340433056
-0.006570997322
-0.007738557493
-0.005138941285
-0.005937615948
-0.006697763119
-0.007318992178
-0.007860002002
-0.008341500687
-0.008777069439
-0.0091807132
-0.009565150973
-0.009941228282
-0.01031791198
-0.01070232309
-0.01109979997
-0.011513991
-0.01194695955
-0.01239928925
-0.01287018318
-0.0133575541
-0.01385810526
-0.0143674032
-0.01487994537
-0.01538922633
-0.01588780682
-0.01636739025
-0.01681891144
-0.01723264211
-0.0175983178
-0.0179052903
-0.01814270945
-0.01829973732
-0.01836579743
-0.01833086296
-0.01818578003
-0.01792258869
-0.01753491435
-0.01701856864
-0.01637163065
-0.01559516901
-0.01469349368
-0.01367454738
-0.01255019895
-0.01133642532
-0.01005335389
-0.008725128575
-0.007379564944
-0.006047567391
-0.004762292587
-0.003558061332
-0.002469043729
-0.001527769809
-0.0007635465266
-0.0002008887052
0.0001419087535
0.0002539219242
0.0001323444801
-0.0002172698373
-0.0007813250375
-0.001539104036
-0.002464284803
-0.003526197535
-0.004689898018
-0.005929334962
-0.007272928841
-0.008555493793
-0.006499569928
-0.00729968048
-0.008062317877
-0.008687456099
-0.009234233711
-0.009723772266
-0.01017009107
-0.01058761756
-0.0109894546
-0.01138678511
-0.01178886284
-0.01220304411
-0.01263485205
-0.01308807114
-0.01356485362
-0.01406582504
-0.01459018216
-0.01513577976
-0.01569920602
-0.01627584777
-0.01685994878
-0.01744466507
-0.0180221219
-0.01858347765
-0.01911899961
-0.01961815722
-0.0200697377
-0.02046198929
-0.0207827965
-0.02101989173
-0.02116110642
-0.02119466705
-0.02110953763
-0.02089577433
-0.02054489622
-0.02005063466
-0.01940896499
-0.01861899559
-0.01768326495
-0.01660823804
-0.01540472084
-0.01408816567
-0.01267883866
-0.01120180438
-0.009686681592
-0.008167129339
-0.006680032851
-0.005264376601
-0.003959817126
-0.002805000559
-0.001835706688
-0.001082938451
-0.0005711073427
-0.000316484419
-0.0003260869984
-0.0005971455443
-0.001117246974
-0.001865231156
-0.002812851409
-0.003926248784
-0.005166185472
-0.006502934014
-0.007967178563
-0.009374006552
-0.007978005987
-0.008776423761
-0.009538808525
-0.01016591692
-0.01071703335
-0.01121358204
-0.01166995765
-0.01210095967
-0.01252004176
-0.01293870843
-0.01336649915
-0.01381101661
-0.01427798958
-0.01477136721
-0.01529342499
-0.01584486909
-0.01642493144
-0.01703145201
-0.01766094756
-0.01830866833
-0.01896864586
-0.01963373632
-0.02029566418
-0.02094507202
-0.02157158196
-0.02216387471
-0.02270979195
-0.02319646783
-0.023610495
-0.02393813035
-0.0241655447
-0.02427912233
-0.02426581617
-0.02411353138
-0.02381150952
-0.02335111283
-0.02272596045
-0.0219328257
-0.02097209766
-0.01984833551
-0.01857082116
-0.01715400551
-0.01561782337
-0.01398782623
-0.01229507468
-0.01057573472
-0.00887032918
-0.007222612685
-0.005678064288
-0.004282029185
-0.00307758568
-0.002103262994
-0.001390781823
-0.0009630243481
-0.000832453902
-0.001000185783
-0.001455860508
-0.002178445718
-0.003138010208
-0.004297420683
-0.005612761767
-0.007050164707
-0.008642633343
-0.01018328961
-0.00957243747
-0.01036619252
-0.01112571212
-0.01175291595
-0.01230693797
-0.0128093884
-0.01327497083
-0.01371880665
-0.01415467061
-0.0145943788
-0.01504776281
-0.01552269115
-0.01602512796
-0.0165592245
-0.01712742248
-0.01773055537
-0.01836793929
-0.01903744951
-0.01973558161
-0.02045749867
-0.02119706779
-0.02194689052
-0.02269833237
-0.02344155738
-0.02416557404
-0.0248582986
-0.02550664245
-0.02609662971
-0.02661355147
-0.02704216242
-0.02736692556
-0.0275723112
-0.02764315882
-0.02756508279
-0.02732487834
-0.02691127138
-0.02631533916
-0.0255311146
-0.02455645902
-0.02339358254
-0.02204974603
-0.02053786433
-0.01887698894
-0.01709261774
-0.01521676237
-0.01328770092
-0.01134934712
-0.009450180329
-0.007641706174
-0.005976456944
-0.004505593922
-0.003276235947
-0.002328702871
-0.001693917913
-0.001391245959
-0.001427039637
-0.001794117739
-0.002472372433
-0.003430600907
-0.00462841408
-0.006016863974
-0.007557448591
-0.009285524793
-0.01096979558
-0.01128024388
-0.01206660013
-0.01282083312
-0.01344635336
-0.01400184998
-0.01450899747
-0.01498273901
-0.01543846956
-0.01589026088
-0.01635023879
-0.01682854324
-0.01733333883
-0.0178708658
-0.01844552544
-0.01905997845
-0.01971524115
-0.02041077071
-0.02114453477
-0.02191306406
-0.02271148953
-0.02353356695
-0.02437169391
-0.02521692458
-0.02605898849
-0.02688631992
-0.02768610459
-0.02844435058
-0.02914599026
-0.02977502037
-0.03031468681
-0.03074772069
-0.03105663252
-0.03122407477
-0.03123326565
-0.03106842147
-0.03071539765
-0.03016252985
-0.02940077977
-0.02842510279
-0.02723491475
-0.02583493955
-0.02423597938
-0.02245558117
-0.02051854928
-0.0184572254
-0.01631144694
-0.01412809335
-0.01196013692
-0.009865136436
-0.007903151779
-0.006134115856
-0.004614775912
-0.003395400579
-0.002516530389
-0.002006109963
-0.001877357294
-0.002127689241
-0.002738996449
-0.003679442593
-0.004905550203
-0.006363044191
-0.00800828661
-0.009879000076
-0.01171679079
-0.0130980444
-0.01387458585
-0.01462137106
-0.01524356039
-0.01579911042
-0.01630963391
-0.01679024244
-0.01725656016
-0.01772294002
-0.01820182707
-0.01870369895
-0.01923706043
-0.01980848206
-0.02042267586
-0.02108258567
-0.02178947613
-0.02254301063
-0.02334131303
-0.0241810112
-0.02505726357
-0.02596377172
-0.02689278378
-0.02783509428
-0.02878004702
-0.0297155476
-0.0306280929
-0.03150282469
-0.03232361467
-0.03307318855
-0.0337332965
-0.0342849374
-0.03470864394
-0.03498484023
-0.0350942759
-0.0350184842
-0.03474031773
-0.03424511933
-0.0335205516
-0.03255829304
-0.03135454425
-0.02991097989
-0.02823569295
-0.02634405574
-0.02425945614
-0.02201382385
-0.01964784373
-0.01721074314
-0.0147595398
-0.01235765083
-0.01007279996
-0.007974220453
-0.00612923817
-0.00459942482
-0.003436623715
-0.002679247165
-0.002349295968
-0.002450537863
-0.002968267612
-0.003870939218
-0.005112358824
-0.00663273226
-0.008382795411
-0.01040263596
-0.01240385319
-0.01502177115
-0.01578649873
-0.01652401397
-0.01714139781
-0.01769559831
-0.01820803722
-0.01869392287
-0.01916907098
-0.01964811183
-0.02014383453
-0.02066710091
-0.02122681759
-0.02182995664
-0.02248161693
-0.023185103
-0.02394200439
-0.02475226479
-0.02561423491
-0.02652470659
-0.02747892882
-0.02847060849
-0.02949190059
-0.03053339359
-0.0315840967
-0.03263143583
-0.03366126587
-0.03465790678
-0.03560421103
-0.03648167056
-0.037270571
-0.03795020123
-0.0384991261
-0.0388955339
-0.03911766999
-0.03914431165
-0.03895526106
-0.03853260935
-0.03786062725
-0.03692733085
-0.03572533764
-0.03425279209
-0.0325144888
-0.03052293438
-0.02829931977
-0.02587432018
-0.02328860811
-0.02059294632
-0.01784771585
-0.01512173804
-0.01249027652
-0.0100321635
-0.007826088098
-0.005946210809
-0.004457414327
-0.003410643654
-0.002838887876
-0.002754381375
-0.003147614925
-0.003988609984
-0.005229099718
-0.006803735314
-0.008657182345
-0.01083189164
-0.0130063083
-0.01704676765
-0.01779820956
-0.01852506065
-0.01913638335
-0.01968785846
-0.02020058534
-0.020689799
-0.02117147957
-0.02166054757
-0.02217018161
-0.02271169669
-0.02329448545
-0.02392601378
-0.0246118623
-0.02535578969
-0.02615979964
-0.02702419969
-0.02794764462
-0.02892716113
-0.02995815379
-0.03103439473
-0.03214800163
-0.03328940961
-0.03444734379
-0.03560879967
-0.03675903891
-0.0378816082
-0.03895838929
-0.03996968822
-0.04089437224
-0.04171006268
-0.04239339238
-0.04292033889
-0.04326664837
-0.04340831903
-0.04332209463
-0.04298659215
-0.04238271267
-0.04149446753
-0.04031058107
-0.03882524104
-0.03703939163
-0.03496199461
-0.03261124045
-0.03001563875
-0.02721486739
-0.02426023057
-0.02121455206
-0.01815131846
-0.01515290004
-0.01230772543
-0.009706379899
-0.007436739214
-0.005578432211
-0.004197121486
-0.003339255323
-0.00302802938
-0.003261358599
-0.004012534292
-0.005232209196
-0.006849668014
-0.008803152768
-0.01113749463
-0.0134945991
-0.01916791669
-0.01990525299
-0.02062057472
-0.02122485108
-0.02177226024
-0.02228344734
-0.02277360845
-0.02325887661
-0.02375449866
-0.02427411558
-0.02482959369
-0.02543092439
-0.02608618597
-0.02680155851
-0.02758136691
-0.02842813262
-0.02934262074
-0.0303238736
-0.0313692266
-0.0324743051
-0.03363300456
-0.03483745786
-0.03607799542
-0.03734310479
-0.03861939697
-0.03989158702
-0.04114249696
-0.04235308907
-0.04350253771
-0.04456834856
-0.0455265337
-0.04635185158
-0.04701812258
-0.04749863656
-0.0477666412
-0.04779584434
-0.04756128166
-0.04704047464
-0.04621325669
-0.04506420189
-0.0435831904
-0.04176683102
-0.03961990948
-0.03715682992
-0.03440299934
-0.03139603591
-0.02818664107
-0.0248389376
-0.02143004637
-0.01804866686
-0.0147924565
-0.01176408856
-0.009066017097
-0.006794190173
-0.00503120769
-0.003839663468
-0.003256582774
-0.003290008325
-0.003918701454
-0.005093663438
-0.006739305829
-0.008787243867
-0.011284755
-0.0138335856
-0.02137979851
-0.02210300403
-0.02280657464
-0.0234031465
-0.02394519023
-0.02445276693
-0.02494097695
-0.02542611744
-0.02592382924
-0.02644832499
-0.02701215806
-0.02762606747
-0.02829889496
-0.0290375652
-0.02984710323
-0.030730668
-0.03168958645
-0.03272337771
-0.03382976112
-0.03500464614
-0.03624210497
-0.03753433174
-0.03887159332
-0.04024217831
-0.04163235158
-0.04302632184
-0.04440623044
-0.0457521693
-0.04704223654
-0.04825263837
-0.04935784618
-0.05033081783
-0.05114329329
-0.05176618138
-0.05217004399
-0.05232560255
-0.05220437202
-0.0517803872
-0.05102936503
-0.04993148778
-0.04847208607
-0.04664304665
-0.04444443262
-0.04188613792
-0.03898955451
-0.03578914591
-0.0323337654
-0.02868750533
-0.02492981465
-0.02115458758
-0.01746792983
-0.01398437024
-0.01082142941
-0.008092690634
-0.005899831231
-0.004324409618
-0.00342048873
-0.003209438764
-0.003678256239
-0.004780250553
-0.006435854631
-0.008570078343
-0.01123280218
-0.01398176999
-0.02367688489
-0.02438689328
-0.02507926468
-0.02566786205
-0.02620328239
-0.02670487893
-0.02718761495
-0.02766799539
-0.02816216576
-0.02868506743
-0.02925012487
-0.02986901878
-0.03055154502
-0.03130555067
-0.03213692002
-0.03304958685
-0.03404555506
-0.03512491436
-0.03628584286
-0.03752459261
-0.03883545818
-0.0402107309
-0.0416406437
-0.04311331281
-0.04461468346
-0.04612848725
-0.04763621924
-0.04911714282
-0.05054833084
-0.05190475143
-0.05315940764
-0.05428353983
-0.0552469005
-0.05601811746
-0.05656516132
-0.05685584945
-0.05685837139
-0.0565430697
-0.0558818616
-0.05485031542
-0.05342908694
-0.05160507464
-0.0493731892
-0.04673819574
-0.04371663723
-0.04033875979
-0.03665028702
-0.03271382578
-0.02860961565
-0.02443527079
-0.02030412967
-0.01634185389
-0.0126810366
-0.00945381891
-0.006782874427
-0.004771559051
-0.003494450973
-0.002989936859
-0.003256632943
-0.00425274364
-0.005896128551
-0.008105530642
-0.01093373811
-0.01389044223
-0.02605377282
-0.0267526681
-0.02743531442
-0.02801611945
-0.02854369042
-0.02903656131
-0.02950954209
-0.02997943538
-0.03046306002
-0.03097630579
-0.03153371379
-0.03214815644
-0.03283062226
-0.03359009684
-0.03443351102
-0.03536572955
-0.0363895585
-0.0375057548
-0.03871302667
-0.04000801923
-0.0413852832
-0.04283722884
-0.04435406901
-0.04592375762
-0.04753193029
-0.0491618549
-0.05079440016
-0.0524080301
-0.05397883302
-0.0554805933
-0.05688491487
-0.05816140533
-0.05927793016
-0.06020095101
-0.0608959673
-0.06132801748
-0.06146218015
-0.06126500208
-0.06070492625
-0.05975284611
-0.05838471504
-0.05658230506
-0.05433508482
-0.05164221447
-0.04851468421
-0.04497755781
-0.04107218786
-0.03685819473
-0.03241491239
-0.02784191
-0.02325812167
-0.01879909219
-0.01461192002
-0.01084769587
-0.007651624663
-0.005151551404
-0.003446204165
-0.002595120639
-0.002612572885
-0.003464967457
-0.005069627886
-0.007339796999
-0.01033169848
-0.01350273976
-0.02850546742
-0.02919670918
-0.0298721968
-0.03044590801
-0.0309644091
-0.03144532621
-0.0319033398
-0.03235570508
-0.03282016102
-0.03331384686
-0.0338527433
-0.03445123327
-0.03512179324
-0.03587480707
-0.03671847025
-0.03765875344
-0.03869939847
-0.03984192567
-0.04108563758
-0.04242761015
-0.04386266774
-0.04538334221
-0.04697981975
-0.04863988089
-0.05034884058
-0.05208949599
-0.05384209004
-0.0555842988
-0.05729125111
-0.05893558868
-0.06048757536
-0.06191526456
-0.06318473357
-0.06426039715
-0.06510542011
-0.0656822153
-0.06595293395
-0.06588041125
-0.06542985109
-0.0645675956
-0.06326494676
-0.06149854728
-0.05925228869
-0.05651941905
-0.05330484581
-0.04962764552
-0.04552367872
-0.0410481258
-0.03627765696
-0.03131182692
-0.02627316163
-0.02130531776
-0.01656870021
-0.01223308697
-0.008467193638
-0.005425718139
-0.003235172319
-0.001980735629
-0.001697023098
-0.002362751668
-0.003897506948
-0.006210357576
-0.009361810973
-0.01275261188
-0.0310277251
-0.03171641741
-0.03238859979
-0.03295649158
-0.03346465363
-0.03392975529
-0.03436643309
-0.03479264129
-0.03522739037
-0.0356894751
-0.03619673569
-0.03676546712
-0.03740999514
-0.03814241011
-0.03897242209
-0.03990729969
-0.04095185884
-0.04210847434
-0.04337709441
-0.04475524543
-0.04623802072
-0.04781805215
-0.04948546705
-0.05122783563
-0.05303011556
-0.0548746015
-0.05674088752
-0.05860585089
-0.06044366535
-0.06222585223
-0.06392137794
-0.0654968064
-0.0669165152
-0.06814298579
-0.06913718703
-0.06985906084
-0.07026800187
-0.07032343141
-0.06998723863
-0.0692217615
-0.06799362833
-0.06627449187
-0.06404269182
-0.06128543889
-0.05800123107
-0.05420256387
-0.0499188799
-0.04519961117
-0.04011705808
-0.03476870353
-0.02927839355
-0.02379565935
-0.018492371
-0.01355598688
-0.009178993295
-0.005544769945
-0.002811044302
-0.001093342786
-0.0004519173486
-0.0008827634683
-0.002311419323
-0.004644815312
-0.007949034375
-0.01156367428
-0.03361747699
-0.03431069231
-0.03498493305
-0.03554890235
-0.03604531011
-0.03648988619
-0.03689740307
-0.03728688839
-0.03767911495
-0.03809507384
-0.03855500409
-0.03907761259
-0.03967951027
-0.04037485363
-0.04117514784
-0.0420891643
-0.04312292987
-0.0442797526
-0.04556025751
-0.04696241544
-0.04848155529
-0.05011035687
-0.05183882553
-0.05365425358
-0.05554117504
-0.05748132161
-0.05945358816
-0.0614340163
-0.06339580443
-0.06530935261
-0.06714235053
-0.06885991718
-0.07042480068
-0.07179764741
-0.07293735745
-0.07380154435
-0.07434701006
-0.0745302019
-0.07430940742
-0.07364369899
-0.07249506948
-0.07083041701
-0.06862269222
-0.06585311908
-0.06251367306
-0.05860991812
-0.05416420772
-0.04921915246
-0.04384114781
-0.03812359773
-0.03218926679
-0.02619096748
-0.0203096009
-0.01474851666
-0.009723378683
-0.005447332391
-0.002112314276
0.0001310790058
0.001191155683
0.001048788174
-0.000232223908
-0.002559588443
-0.006006854136
-0.009847931814
-0.03627336003
-0.03698053372
-0.03766396051
-0.0382265473
-0.03870947539
-0.03912766059
-0.03949633295
-0.03983614602
-0.04017031037
-0.04052272518
-0.04091671291
-0.04137400599
-0.04191401779
-0.042553382
-0.04330570482
-0.04418146994
-0.04518804087
-0.04632971502
-0.04760779533
-0.04902065649
-0.05056379291
-0.05222984298
-0.05400859042
-0.05588694684
-0.05784892267
-0.05987559453
-0.06194507763
-0.06403251252
-0.06611007478
-0.06814701588
-0.07010974395
-0.07196195264
-0.07366480659
-0.07517719185
-0.07645604545
-0.07745678429
-0.07813378113
-0.07844079707
-0.07833256052
-0.07776530454
-0.07669662349
-0.07508895175
-0.07291012027
-0.07013557076
-0.06675084619
-0.06275448011
-0.05816135603
-0.05300649565
-0.04734913435
-0.04127678491
-0.03490876526
-0.02839838044
-0.02193265213
-0.01572828224
-0.01002258689
-0.005058628115
-0.001064851308
0.001768582417
0.003312388121
0.003517586443
0.002431472065
0.0001415755988
-0.003435798421
-0.007504334329
-0.03899639933
-0.03972981331
-0.04043160359
-0.04099596363
-0.04146311152
-0.04184744754
-0.04216519189
-0.04243942301
-0.04269670779
-0.04296477969
-0.04327090263
-0.04364057611
-0.04409661751
-0.04465859468
-0.04534253576
-0.04616083749
-0.04712230014
-0.04823223016
-0.04949256661
-0.05090200191
-0.05245607989
-0.05414726367
-0.0559649734
-0.0578955977
-0.05992248694
-0.06202593661
-0.06418317024
-0.06636833217
-0.0685524991
-0.07070371893
-0.07278708574
-0.07476485963
-0.07659663935
-0.07823959617
-0.07964878018
-0.08077751964
-0.08157789852
-0.08200118206
-0.08199871169
-0.08152418534
-0.08053109349
-0.07897771427
-0.07682710754
-0.07404925588
-0.07062353134
-0.0665415717
-0.06181070488
-0.05645794083
-0.05053446296
-0.04412040768
-0.03732949297
-0.03031272979
-0.02326005484
-0.01639834738
-0.009984117302
-0.004289424301
0.0004194192213
0.003908707495
0.006005279288
0.006622791566
0.00578496622
0.003569314337
-0.000121718981
-0.004417112272
-0.04179090563
-0.04256628397
-0.04329797887
-0.04386777437
-0.04431584973
-0.04465666121
-0.04490826232
-0.04509729453
-0.04525491615
-0.04541388641
-0.04560647057
-0.04586281468
-0.04620982198
-0.04667048435
-0.0472635694
-0.04800355863
-0.04890074361
-0.04996140463
-0.05118801645
-0.05257944435
-0.05413110936
-0.05583511323
-0.0576803229
-0.05965241878
-0.06173391598
-0.06390416816
-0.06613936349
-0.06841252544
-0.07069352788
-0.07294913269
-0.0751430599
-0.07723609925
-0.07918627117
-0.08094904543
-0.08247762695
-0.08372332831
-0.08463603822
-0.08516465072
-0.08525751151
-0.08486550183
-0.08393881298
-0.08243165531
-0.08030271054
-0.07751690162
-0.07404781337
-0.06988051161
-0.06501494953
-0.05947004665
-0.05328844858
-0.04654185632
-0.03933660712
-0.03181884544
-0.02417815359
-0.01664797325
-0.009500712682
-0.003035386207
0.002443618105
0.006655882967
0.009378233883
0.0104787948
0.009949359728
0.007850663623
0.004066245696
-0.0004538088963
-0.04466568429
-0.0455029274
-0.0462787622
-0.04685791553
-0.04728199107
-0.04756649769
-0.04773261849
-0.04781215862
-0.04784251089
-0.04786297325
-0.04791209968
-0.04802570175
-0.04823551592
-0.04856845643
-0.04904631575
-0.04968577385
-0.05049859575
-0.0514919223
-0.05266858579
-0.05402740604
-0.05556344196
-0.0572681879
-0.05912971584
-0.06113276728
-0.06325880773
-0.06548605427
-0.06778948583
-0.07014085297
-0.07250869701
-0.07485838642
-0.07715218149
-0.07934933802
-0.08140625648
-0.08327668607
-0.08491199217
-0.08626150392
-0.08727295966
-0.08789295019
-0.08806727624
-0.08774349383
-0.08686932744
-0.0853949882
-0.08327514668
-0.08047007737
-0.07694802026
-0.07268791724
-0.06768273449
-0.06194352316
-0.05550430277
-0.04842775258
-0.04081153936
-0.0327947782
-0.02456361801
-0.01635427239
-0.008451114797
-0.001177003625
0.005126666381
0.01013069123
0.01355620489
0.01521716579
0.01506377081
0.01313147765
0.009278151104
0.004537117229
-0.04763570032
-0.04855978678
-0.04939701064
-0.04998923408
-0.05038176668
-0.05059282203
-0.05064866379
-0.05058848627
-0.05045807724
-0.05030516615
-0.05017612708
-0.05011358255
-0.0501548838
-0.050331334
-0.05066796177
-0.05118366166
-0.05189154746
-0.05279940095
-0.05391013413
-0.05522221339
-0.05673001831
-0.05842412344
-0.06029150863
-0.06231569967
-0.06447685967
-0.06675184282
-0.06911421611
-0.0715342794
-0.0739790916
-0.07641250196
-0.07879520472
-0.08108483535
-0.08323610753
-0.08520100191
-0.08692901605
-0.08836748903
-0.08946202069
-0.09015692852
-0.09039560932
-0.090122314
-0.08928250836
-0.08782260327
-0.08569354284
-0.08285132128
-0.07925927338
-0.07489071141
-0.06973212193
-0.06378712801
-0.05708137285
-0.04966838376
-0.04163640872
-0.03311592178
-0.02428698652
-0.01538492211
-0.00670178806
0.001419707708
0.008603519141
0.01447088336
0.01868233902
0.02098882451
0.02128796336
0.01957941133
0.01568635933
0.01072931414
-0.05072441748
-0.05176650157
-0.05268563097
-0.05329359315
-0.05364293941
-0.05375724177
-0.05367073218
-0.05343305317
-0.05310119085
-0.05273363114
-0.05238634177
-0.05210999121
-0.05194830613
-0.05193735233
-0.05210547305
-0.05247364416
-0.05305605412
-0.05386076671
-0.05489037207
-0.05614256953
-0.05761065453
-0.05928389787
-0.06114783293
-0.06318444368
-0.06537230129
-0.06768664682
-0.07009940445
-0.07257922111
-0.07509151573
-0.07759848689
-0.08005914307
-0.08242939774
-0.08466219247
-0.08670766924
-0.08851340216
-0.09002470022
-0.09118500145
-0.09193633866
-0.09221972503
-0.09197616844
-0.09114892422
-0.08968071491
-0.08751893181
-0.08461557604
-0.08092945239
-0.07642868056
-0.07109376075
-0.06492143477
-0.05792946312
-0.05016246371
-0.04169903131
-0.03266000032
-0.02321729704
-0.01360208646
-0.00410983373
0.00490147657
0.01302464742
0.01983197906
0.02491955389
0.02796647192
0.02880552802
0.02738769592
0.02348956951
0.01832248112
-0.0539671444
-0.05516586681
-0.05619076512
-0.05681467046
-0.05710284915
-0.05708840417
-0.05681774906
-0.05635512781
-0.05577230493
-0.05514131266
-0.05452969272
-0.05399741085
-0.05359522031
-0.05336414248
-0.05333570192
-0.05353260827
-0.05396965065
-0.05465463993
-0.05558929456
-0.05677001226
-0.05818850324
-0.05983227039
-0.06168499001
-0.06372672241
-0.06593412856
-0.06828059546
-0.07073620516
-0.07326779236
-0.07583894001
-0.07840999322
-0.08093813014
-0.08337742419
-0.08567894127
-0.08779089163
-0.08965884073
-0.09122598916
-0.09243354166
-0.09322117056
-0.09352742881
-0.09329021499
-0.09245018224
-0.09094690664
-0.08872443712
-0.08573076927
-0.08192028028
-0.07725617805
-0.07171335862
-0.06528218267
-0.05797305868
-0.04982211674
-0.04089847682
-0.03131292349
-0.0212278784
-0.01086771593
-0.0005273615991
0.009424691067
0.01855444475
0.02638720048
0.03245192043
0.0363473054
0.03782780341
0.03678004192
0.0329181965
0.02754769998
-0.05741590275
-0.05881890015
-0.05997648081
-0.06061169897
-0.06081102198
-0.06062354278
-0.0601139212
-0.05936656146
-0.05847248661
-0.05752051872
-0.05659186973
-0.05575694313
-0.05507392724
-0.05458868929
-0.05433548876
-0.05433812826
-0.05461126667
-0.05516171276
-0.05598959093
-0.05708932506
-0.05845043608
-0.06005810158
-0.06189371192
-0.06393510448
-0.06615671744
-0.06852971779
-0.07102201409
-0.07359835841
-0.07622035802
-0.07884643575
-0.08143183916
-0.0839286992
-0.08628611301
-0.08845027383
-0.09036465838
-0.09197028239
-0.0932060426
-0.09400916235
-0.09431563026
-0.0940605007
-0.09318112042
-0.09161398978
-0.0892991941
-0.086181037
-0.0822096181
-0.07734374071
-0.0715535012
-0.06482289335
-0.05715494931
-0.04857767446
-0.03915098142
-0.02897550638
-0.0182034324
-0.007050461366
0.004192337863
0.01515052385
0.02536809762
0.03432634873
0.04148561922
0.04635600884
0.04859877656
0.04801715544
0.04424175591
0.03867488067
-0.06114663135
-0.06281214909
-0.06413132355
-0.06476447293
-0.06483246602
-0.06441025984
-0.06358936853
-0.06248166591
-0.06120289013
-0.05986225601
-0.05855667875
-0.05736782545
-0.05636129308
-0.05558722017
-0.05508171549
-0.0548686492
-0.05496150082
-0.05536507576
-0.05607698435
-0.05708884703
-0.05838733117
-0.05995478142
-0.06176977382
-0.06380736696
-0.06603935342
-0.06843447475
-0.07095835023
-0.07357351377
-0.07623940495
-0.07891234172
-0.08154551475
-0.08408900948
-0.08648986152
-0.08869215904
-0.09063720262
-0.09226373297
-0.09350824346
-0.09430539776
-0.09458848244
-0.09428972144
-0.09334276184
-0.09168135853
-0.08924152568
-0.08596356535
-0.08179320059
-0.07668398275
-0.07060014202
-0.06351978731
-0.05544023436
-0.04638222385
-0.03639572985
-0.02557067877
-0.01404839671
-0.002034496426
0.01018634362
0.02223766788
0.03364625649
0.04385300762
0.05224904818
0.05824791157
0.06140125001
0.06140556303
0.05777926314
0.0520234864
-0.06527004352
-0.06726836403
-0.06877752293
-0.06938001827
-0.06925173857
-0.06850843244
-0.06728049122
-0.06571664809
-0.06396375041
-0.06215512848
-0.06040505681
-0.0588066672
-0.05743223721
-0.05633492872
-0.05555122391
-0.0551035495
-0.05500277685
-0.05525041837
-0.05584043657
-0.05676076153
-0.05799441178
-0.05952017368
-0.06131322236
-0.06334553328
-0.0655860235
-0.06800068367
-0.07055258202
-0.07320184977
-0.07590563595
-0.07861805599
-0.08129015529
-0.08386989722
-0.08630218647
-0.08852893943
-0.0904892119
-0.09211939481
-0.09335349332
-0.09412351051
-0.09435989622
-0.09399188952
-0.09294934033
-0.09116288203
-0.0885642228
-0.08508937213
-0.0806793321
-0.07528247111
-0.06885724602
-0.06137538462
-0.05282603719
-0.04322099878
-0.03260240918
-0.02105123769
-0.008696168422
0.004269758763
0.01757085442
0.03083184019
0.04356652912
0.05517910763
0.06499132558
0.07231199785
0.0765645705
0.0773097359
0.07391421657
0.06797844476
-0.06994833284
-0.07236228907
-0.0740839679
-0.0746013671
-0.07417773215
-0.07299191172
-0.0712296296
-0.069088151
-0.0667524895
-0.06438345155
-0.06211343637
-0.06004616297
-0.05825880114
-0.05680535532
-0.05572044155
-0.05502294064
-0.05471924749
-0.05480597361
-0.05527212992
-0.05610089923
-0.0572707546
-0.05875625447
-0.06052874408
-0.06255665674
-0.06480568823
-0.06723886846
-0.06981654182
-0.0724963069
-0.07523293072
-0.07797825867
-0.08068113855
-0.08328737041
-0.085739693
-0.0879778174
-0.08993851798
-0.09155579132
-0.09276109707
-0.09348370134
-0.09365110621
-0.09318941102
-0.0920245845
-0.09008374872
-0.08729402455
-0.08358671812
-0.07889758013
-0.07316912685
-0.06635327842
-0.05841447317
-0.04933364931
-0.03911331101
-0.02778418257
-0.01541395766
-0.002120954231
0.01191321116
0.02642706747
0.04105114806
0.05529037975
0.06851532372
0.07997786448
0.08887301529
0.09447410482
0.09616886337
0.09311659752
0.08701442255
-0.07542149861
-0.07834433498
-0.08028447311
-0.08061879462
-0.07974877222
-0.07794923018
-0.07548312509
-0.07261005283
-0.06956019614
-0.06652396385
-0.06365095147
-0.06105286644
-0.05880845469
-0.05696913808
-0.05556447315
-0.05460699489
-0.05409626781
-0.05402206525
-0.05436703671
-0.0551084295
-0.05621921439
-0.05766910782
-0.05942509699
-0.0614517224
-0.06371120127
-0.06616343337
-0.06876592399
-0.07147366614
-0.07423900285
-0.07701148931
-0.07973777127
-0.08236149139
-0.084823234
-0.08706051769
-0.08900784538
-0.09059682166
-0.0917563501
-0.09241292952
-0.09249104799
-0.09191354426
-0.09060246301
-0.08848103482
-0.08547150889
-0.08150001483
-0.07649642595
-0.07039656977
-0.06314476142
-0.05469677782
-0.04502364988
-0.03411653517
-0.02199318624
-0.008706696586
0.005642267233
0.02088962524
0.03678356553
0.05296693496
0.06894381972
0.08405497924
0.09748073226
0.1082910619
0.1155821861
0.1185199227
0.115975591
0.109733816
-0.08205000167
-0.08557654943
-0.08770328747
-0.08768346018
-0.08613680639
-0.08348163345
-0.08008606678
-0.07628698923
-0.07236519442
-0.06854010085
-0.06497466564
-0.06178338094
-0.05904113298
-0.05679172918
-0.05505532102
-0.053834516
-0.05311913626
-0.05289012783
-0.05312210302
-0.05378498877
-0.05484546973
-0.05626777738
-0.05801411797
-0.06004486541
-0.06231858653
-0.06479195494
-0.06741959494
-0.07015389136
-0.07294478837
-0.075739595
-0.07848281195
-0.08111599012
-0.08357763002
-0.08580313021
-0.08772479313
-0.0892718969
-0.09037084411
-0.09094540399
-0.09091705474
-0.09020532107
-0.08872834907
-0.08640514586
-0.08315286001
-0.07889197576
-0.07354582304
-0.06704260079
-0.05931773136
-0.05031659794
-0.03999804607
-0.02833895485
-0.0153404086
-0.001036257106
0.01449470677
0.03111176235
0.04858793368
0.06657821793
0.08459071569
0.101948392
0.1177599189
0.1309553825
0.1404191921
0.1450289908
0.1432490175
0.1369280211
-0.09038609991
-0.09458799102
-0.09679001509
-0.09612217869
-0.09354773364
-0.08969504526
-0.08507056587
-0.08010194619
-0.07512160397
-0.07037223518
-0.06602163968
-0.06217810299
-0.05890436005
-0.05622956758
-0.05415883142
-0.05268036695
-0.05177125399
-0.05140114018
-0.05153462722
-0.05213327444
-0.05315668518
-0.05456309223
-0.05630961967
-0.05835231664
-0.06064604052
-0.06314424881
-0.06579874088
-0.06855938065
-0.07137382129
-0.07418724719
-0.07694214455
-0.07957810936
-0.08203169944
-0.08423633718
-0.08612226916
-0.08761658995
-0.08864333823
-0.08912367894
-0.08897617959
-0.08811709772
-0.08646079512
-0.08392183058
-0.08041214807
-0.07584619872
-0.07014015328
-0.06321363893
-0.05499179744
-0.0454076468
-0.03440512939
-0.02194316978
-0.008001282198
0.007412383141
0.02424913915
0.04240213688
0.06168018718
0.08177082643
0.1021951196
0.1222644251
0.1410295205
0.1572662686
0.1696015104
0.1765333693
0.1759400322
0.1696804054
-0.1012968207
-0.1061606988
-0.1081653418
-0.1063490187
-0.1022114238
-0.09667949315
-0.09043204482
-0.08399365211
-0.07773979391
-0.07192174568
-0.06669640516
-0.06215154902
-0.05832576188
-0.05522428414
-0.05283013945
-0.05111235498
-0.05003146312
-0.04954302657
-0.04960020501
-0.05015517446
-0.05115984323
-0.05256613391
-0.0543259749
-0.05639110515
-0.05871276949
-0.06124135779
-0.06392602359
-0.06671430664
-0.0695517757
-0.07238170234
-0.07514477359
-0.07777884847
-0.08021876309
-0.08239618792
-0.08423954154
-0.08567396535
-0.08662136522
-0.0870005293
-0.08672732745
-0.0857149249
-0.08387411884
-0.0811149623
-0.07734428053
-0.07247026789
-0.06640148152
-0.05904817946
-0.05032392958
-0.04014740782
-0.02844474892
-0.01515276429
-0.0002235631939
0.01636847413
0.03461578116
0.05446030873
0.07576619268
0.09827806702
0.1215619794
0.1449340854
0.1674015917
0.1875944393
0.203827852
0.2140931561
0.2154126339
0.2095404766
-0.1161814811
-0.1214629777
-0.1226745477
-0.1188619868
-0.1123479753
-0.1044641938
-0.0960845672
-0.08781759259
-0.08005482465
-0.07302655264
-0.06685241627
-0.06157841192
-0.05720283318
-0.05369536437
-0.05100891172
-0.04908721416
-0.04787043168
-0.04729802625
-0.04731042105
-0.04784972673
-0.0488599003
-0.05028656172
-0.05207660874
-0.0541777253
-0.05653784614
-0.05910461694
-0.06182487418
-0.06464415959
-0.06750627756
-0.07035290052
-0.07312322476
-0.07575367825
-0.07817768149
-0.08032546227
-0.08212392603
-0.08349658324
-0.08436353686
-0.08464153447
-0.08424408523
-0.08308158178
-0.08106159532
-0.07808983891
-0.07406834053
-0.06889906067
-0.06248276917
-0.05471987613
-0.04551141962
-0.03476008079
-0.02237152873
-0.008256361173
0.007666874058
0.02546664576
0.04518971696
0.06684587664
0.09038149112
0.1156352308
0.1422679161
0.1696608907
0.1967995379
0.2222000034
0.2438401837
0.2590319551
0.2635433503
0.2588013903
-0.1373780343
-0.1422571781
-0.1414315715
-0.1341953261
-0.1240828249
-0.1129275519
-0.1017815312
-0.09128246739
-0.08177838361
-0.07342589531
-0.06626720596
-0.06027703399
-0.05539265914
-0.05153405855
-0.0486142555
-0.04654664712
-0.04524813055
-0.04464053267
-0.04465094065
-0.04521138465
-0.04625818354
-0.04773113628
-0.04957266542
-0.05172697391
-0.0541392485
-0.05675492618
-0.05951903003
-0.06237557585
-0.06526704794
-0.06813394114
-0.07091436591
-0.07354371357
-0.07595437905
-0.07807553895
-0.07983298361
-0.08114900182
-0.08194231734
-0.08212807779
-0.08161788921
-0.08031983742
-0.07813873701
-0.07497639335
-0.0707306057
-0.06529744276
-0.05857011012
-0.05043918817
-0.04079283766
-0.02951681545
-0.0164944861
-0.001606985245
0.01526611964
0.03424489718
0.05544429085
0.07896356659
0.104864614
0.1331301847
0.163588718
0.1957885666
0.2288113033
0.2610823301
0.290305829
0.312945379
0.3229617695
0.3210129788
-0.1689939851
-0.1712322137
-0.1658092308
-0.1527684215
-0.1372631566
-0.1216301765
-0.1069829604
-0.09385228472
-0.08243033374
-0.07271732702
-0.06461812546
-0.05799737478
-0.0527055793
-0.04859859333
-0.0455425715
-0.04341671446
-0.0421132929
-0.04153648812
-0.04160076378
-0.04222911463
-0.04335137284
-0.04490265397
-0.04682197032
-0.04905101254
-0.05153308804
-0.05421220027
-0.05703225204
-0.05993635757
-0.06286624991
-0.06576177221
-0.06856044382
-0.07119709349
-0.07360355361
-0.07570841047
-0.07743680615
-0.07871028779
-0.07944670032
-0.07956011812
-0.07896080369
-0.07755512877
-0.07524575949
-0.07193131362
-0.06750614416
-0.06186114038
-0.05488265934
-0.04645212635
-0.0364453519
-0.02473138816
-0.01117093644
0.004385728074
0.02210123192
0.04215357557
0.06473751595
0.09006237359
0.1183410388
0.149760025
0.1844124551
0.2221640887
0.2624105909
0.3037186016
0.3435860292
0.3777010423
0.3976327254
0.4023072196
-0.2184108079
-0.2124456952
-0.1972906448
-0.1745579505
-0.1511280259
-0.1295475365
-0.1106644438
-0.09463025275
-0.08128148855
-0.07033537627
-0.06147933973
-0.05442330399
-0.04891080794
-0.04472312717
-0.04167596613
-0.03961458355
-0.03840858971
-0.03794713713
-0.03813477866
-0.03888801103
-0.040132433
-0.04180042259
-0.04382923817
-0.04615946022
-0.04873370486
-0.05149555459
-0.05438866377
-0.05735600591
-0.06033923781
-0.06327816124
-0.06611026767
-0.06877035449
-0.07119020388
-0.0732983167
-0.07501969492
-0.07627566584
-0.07698374098
-0.0770575015
-0.07640649248
-0.07493605098
-0.07254742559
-0.06913704886
-0.06459674509
-0.05881331855
-0.05166753464
-0.04303309429
-0.03277505925
-0.0207475107
-0.006790236533
0.009275851767
0.02765489433
0.04858407832
0.07234332496
0.0992655511
0.1297439987
0.1642278871
0.203187017
0.2470053475
0.2957303449
0.3485996076
0.4033683983
0.4551780855
0.4931140788
0.5131108062
-0.2978128007
-0.2712738153
-0.2366886579
-0.1982985358
-0.1636902665
-0.1346864294
-0.1111364734
-0.09230922661
-0.07737053264
-0.06559045303
-0.05636732794
-0.04922287338
-0.04378289093
-0.03975577178
-0.0369128481
-0.03507281929
-0.03408977894
-0.03384413205
-0.03423577962
-0.0351790081
-0.03659863129
-0.03842704854
-0.04060197331
-0.04306465433
-0.04575846162
-0.0486277462
-0.05161690808
-0.05466962593
-0.05772821444
-0.06073308515
-0.06362229238
-0.06633115093
-0.06879191486
-0.07093350863
-0.07268130241
-0.07395692358
-0.07467809492
-0.07475848877
-0.0741075726
-0.0726303571
-0.07022745001
-0.06679432514
-0.06222123055
-0.05639231214
-0.04918450065
-0.04046594429
-0.03009367981
-0.01791023387
-0.003738731718
0.01262409302
0.03141781973
0.05293229093
0.07752693627
0.1056568195
0.1379058967
0.175024699
0.2179601448
0.2678404997
0.3258274034
0.3926796986
0.4676835305
0.5458222305
0.6135171653
0.6642315195
-0.4321678532
-0.3534861471
-0.280212389
-0.2185013976
-0.1699962455
-0.1332143223
-0.1057011506
-0.08507074375
-0.0695036497
-0.05771759389
-0.04879838401
-0.04209207514
-0.03713086774
-0.03357565691
-0.03117539025
-0.02973993192
-0.02912162834
-0.02920260289
-0.02988597492
-0.03108972249
-0.03274231213
-0.03477952387
-0.03714209576
-0.03977393642
-0.0426207382
-0.045628878
-0.04874452963
-0.0519129353
-0.05507780037
-0.05818078572
-0.06116108008
-0.06395503857
-0.06649587747
-0.06871341634
-0.07053385949
-0.07187960792
-0.0726690919
-0.07281661
-0.07223214143
-0.07082111877
-0.06848434123
-0.06511738386
-0.06061004025
-0.05484546989
-0.04769891792
-0.0390358038
-0.02870892166
-0.01655434751
-0.002385464856
0.01401576662
0.03291162011
0.05462749477
0.07957994288
0.1083184025
0.1415872026
0.1804162832
0.2262479435
0.2810940051
0.3476785594
0.4294062345
0.5293165862
0.645296912
0.7633284455
0.8751936185
-0.7304499138
-0.4693715007
-0.3094901144
-0.2189842511
-0.1585250729
-0.1172432719
-0.08925871403
-0.06969877903
-0.05562550576
-0.04536351805
-0.03784239873
-0.03235449191
-0.02843158249
-0.02575435209
-0.02409607359
-0.02328991795
-0.02320861107
-0.02375127859
-0.02483490159
-0.02638865414
-0.0283500286
-0.03066210236
-0.03327155039
-0.03612715407
-0.03917864775
-0.04237580173
-0.04566767603
-0.04900200154
-0.05232465988
-0.05557924201
-0.0587066721
-0.06164488657
-0.06432856052
-0.06668887474
-0.0686533166
-0.07014550706
-0.07108504419
-0.07138734797
-0.07096346328
-0.06971998671
-0.06755876923
-0.06437634949
-0.06006343582
-0.05450406832
-0.04757430774
-0.03914029521
-0.02905540995
-0.01715609649
-0.00325572615
0.01286448393
0.03146904121
0.05288875184
0.07755249114
0.1060373279
0.1391494501
0.178057698
0.2245173197
0.2812476863
0.3525721617
0.4454069123
0.5699311885
0.7387897193
0.9741859581
1.301411426
-1.424871739
-0.645430718
-0.3290306727
-0.2093018943
-0.1364933656
-0.09167896607
-0.06548098107
-0.04901754735
-0.03793099594
-0.03026233502
-0.02489137309
-0.02114404603
-0.01862245746
-0.0170783214
-0.0163443139
-0.01630057994
-0.01685609713
-0.01793762997
-0.0194831987
-0.02143807849
-0.02375219729
-0.02637834957
-0.02927090588
-0.03238483177
-0.03567490778
-0.0390950869
-0.04259795103
-0.04613424321
-0.04965246057
-0.05309849881
-0.05641534174
-0.05954279132
-0.06241723444
-0.06497144267
-0.0671344008
-0.06883115831
-0.0699826959
-0.0705057939
-0.07031292158
-0.06931209558
-0.06740657844
-0.0644945113
-0.06046843179
-0.05521451754
-0.04861142656
-0.04052857789
-0.03082362245
-0.01933872432
-0.005895081709
0.009715205519
0.02774137615
0.04849282733
0.07236890865
0.09990788098
0.1318710193
0.1693943308
0.2142758856
0.2695475507
0.340682051
0.4381458637
0.5817294491
0.8108050955
1.250140496
2.170604571
)
;

boundaryField
{
    movingWall
    {
        type            zeroGradient;
    }
    fixedWalls
    {
        type            zeroGradient;
    }
    frontAndBack
    {
        type            empty;
    }
}


// ************************************************************************* //
