/*--------------------------------*- C++ -*----------------------------------*\
  =========                 |
  \\      /  F ield         | OpenFOAM: The Open Source CFD Toolbox
   \\    /   O peration     | Website:  https://openfoam.org
    \\  /    A nd           | Version:  11
     \\/     M anipulation  |
\*---------------------------------------------------------------------------*/
FoamFile
{
    format      ascii;
    class       volScalarField;
    location    "400";
    object      p;
}
// * * * * * * * * * * * * * * * * * * * * * * * * * * * * * * * * * * * * * //

dimensions      [0 2 -2 0 0 0 0];

internalField   nonuniform List<scalar> 
4096
(
1.480908017e-07
-3.302376881e-05
-0.0001351681655
-0.0002981558814
-0.000499200533
-0.0007198055423
-0.0009451739154
-0.001163598634
-0.001366123021
-0.001546079124
-0.001698619579
-0.001820309475
-0.001908786286
-0.001962484079
-0.001980415667
-0.001962006018
-0.001906970077
-0.001815228996
-0.001686858925
-0.001522067312
-0.001321191711
-0.00108471678
-0.0008133050785
-0.0005078378952
-0.0001694621848
0.0002003597229
0.0005998011874
0.001026626061
0.001478150417
0.001951213779
0.002442162569
0.002946847819
0.003460639619
0.0039784587
0.004494824194
0.005003922294
0.005499696544
0.005975955443
0.006426496416
0.006845243334
0.007226394216
0.007564574766
0.00785499318
0.008093590943
0.008277184543
0.008403592859
0.008471745758
0.008481769914
0.008435049221
0.00833425828
0.00818336921
0.007987633456
0.007753542085
0.007488769169
0.00720210367
0.006903374383
0.006603368966
0.006313739907
0.006046870692
0.005815595675
0.005632613078
0.005509912951
0.005457480033
0.005462782478
3.331359571e-05
-1.351320954e-07
-8.914745088e-05
-0.0002286655184
-0.0004004801412
-0.0005895532173
-0.0007835822435
-0.0009725033324
-0.001148339227
-0.00130494349
-0.00143768992
-0.001543175368
-0.001618956959
-0.001663329166
-0.001675141603
-0.001653655532
-0.001598435982
-0.001509275611
-0.001386146443
-0.001229175398
-0.001038639862
-0.0008149794107
-0.0005588201997
-0.0002710084333
4.735027334e-05
0.0003948489434
0.0007697376005
0.001169884965
0.001592746089
0.002035338622
0.002494229876
0.002965536893
0.003444942007
0.00392772419
0.004408803481
0.004882805439
0.005344145986
0.005787131208
0.006206071887
0.006595410413
0.006949856641
0.007264528937
0.007535095911
0.007757914202
0.007930157371
0.008049931275
0.008116371533
0.008129719578
0.008091374571
0.008003919785
0.007871123228
0.007697913725
0.00749033477
0.007255479324
0.007001408755
0.006737057869
0.006472124717
0.006216938257
0.005982278199
0.005779063042
0.005617850044
0.005508831459
0.005462166956
0.005467872865
0.0001359516817
8.839651499e-05
-1.48187524e-06
-0.0001289532974
-0.0002810968274
-0.0004465183381
-0.0006154645446
-0.0007796786198
-0.0009323926542
-0.001068221169
-0.001182982219
-0.0012735003
-0.001337416789
-0.001373019931
-0.001379100087
-0.001354832259
-0.001299685532
-0.001213357795
-0.00109573334
-0.0009468605971
-0.000766947021
-0.0005563681498
-0.0003156878117
-4.568655154e-05
0.0002526046299
0.0005778679946
0.000928462984
0.001302392913
0.001697276977
0.00211032989
0.002538351297
0.002977726845
0.003424444414
0.003874124486
0.004322059995
0.004763276304
0.005192611797
0.005604810646
0.005994629405
0.006356955056
0.006686931358
0.006980089835
0.007232481265
0.007440803155
0.007602518583
0.007715961878
0.007780427013
0.007796235156
0.007764778783
0.007688540696
0.007571087526
0.007417038366
0.007232010154
0.007022541982
0.006796000388
0.006560466509
0.006324603629
0.006097500882
0.005888478176
0.005706790381
0.005561229927
0.005460498699
0.005414737773
0.005416260932
0.0003014768225
0.0002284563008
0.0001238168178
-5.324784452e-06
-0.0001510959814
-0.0003050742514
-0.0004596250177
-0.000608172228
-0.0007452096884
-0.0008662561077
-0.0009677563113
-0.001046952515
-0.00110174952
-0.001130587623
-0.001132330784
-0.001106173749
-0.001051569441
-0.0009681762826
-0.0008558242261
-0.0007144975712
-0.0005443324206
-0.0003456263409
-0.0001188578029
0.0001352871417
0.0004158833931
0.000721733056
0.00105133179
0.001402837676
0.00177404487
0.002162364291
0.002564813231
0.002978015782
0.003398219152
0.003821322805
0.004242911634
0.004658311786
0.005062669197
0.005451037352
0.005818478583
0.00616017667
0.006471557565
0.006748414736
0.006987034992
0.007184320399
0.007337901597
0.007446238022
0.007508700771
0.007525634538
0.007498395764
0.007429365271
0.007321934643
0.007180466807
0.007010232133
0.006817322084
0.006608542538
0.006391288363
0.006173399767
0.005963000566
0.005768313053
0.005597410955
0.005457938576
0.005357565094
0.005305445452
0.005295913281
0.0005085391668
0.0004028060066
0.000274538202
0.000134943645
-1.301437069e-05
-0.0001635208204
-0.0003107919532
-0.0004498210996
-0.000576358144
-0.000686884834
-0.0007785671214
-0.0008491738534
-0.0008969825395
-0.0009206864222
-0.0009193104973
-0.0008921407988
-0.0008386689843
-0.0007585527153
-0.0006515912568
-0.0005177150898
-0.0003569878886
-0.0001696189925
4.401566489e-05
0.0002833462651
0.0005475776103
0.0008356555808
0.001146233731
0.001477642179
0.001827860969
0.002194500005
0.002574787292
0.002965567346
0.003363317485
0.003764175509
0.004163964184
0.004558242894
0.004942386117
0.005311667382
0.005661357102
0.005986832021
0.006283693055
0.006547887977
0.006775834856
0.006964541677
0.007111717409
0.007215869747
0.007276385149
0.007293587266
0.00726877077
0.007204208561
0.007103131496
0.006969680959
0.006808835658
0.0066263149
0.006428461079
0.006222104195
0.006014411133
0.00581272286
0.005624379931
0.005456518859
0.005315879976
0.00520911014
0.005143483875
0.005115963036
0.0007395116166
0.0005968345524
0.0004393979671
0.0002833575048
0.000127096858
-2.584586449e-05
-0.0001713005179
-0.000305697218
-0.0004259882263
-0.000529619656
-0.0006145153299
-0.0006790270806
-0.0007218694134
-0.0007420525747
-0.0007388211194
-0.0007116021311
-0.0006599653644
-0.0005835961239
-0.0004822807222
-0.000355903694
-0.0002044555387
-2.804947747e-05
0.0001730544374
0.0003984196528
0.0006473997339
0.0009191031935
0.00121235849
0.001525681201
0.001857245428
0.002204861492
0.002565961423
0.002937594179
0.003316442
0.003698846719
0.004080823201
0.004458106602
0.004826232848
0.005180619719
0.005516662625
0.005829842763
0.006115844249
0.006370676637
0.006590798585
0.006773237971
0.006915703399
0.00701668212
0.007075519568
0.007092476384
0.007068759552
0.007006525457
0.006908853826
0.006779692904
0.006623777425
0.006446522092
0.006253894103
0.006052268844
0.005848273246
0.005648621619
0.005459946852
0.005288628849
0.005140667927
0.00502171847
0.004936771859
0.004885952224
0.0009796412103
0.0007979355366
0.0006080430992
0.000431470247
0.0002624472795
0.000102556571
-4.542115273e-05
-0.0001792081703
-0.0002968776597
-0.0003968062259
-0.0004776748987
-0.0005384389958
-0.000578282169
-0.0005965684018
-0.0005927980685
-0.0005665717156
-0.0005175636649
-0.0004455063168
-0.0003501851333
-0.0002314437097
-8.919794408e-05
7.654192726e-05
0.0002656428404
0.0004778154842
0.0007125775764
0.0009692155457
0.001246746415
0.001543881763
0.001858995766
0.002190099338
0.002534821676
0.0028904012
0.003253702151
0.00362124006
0.003989181402
0.004353385685
0.004709490291
0.00505298935
0.005379328562
0.005684013606
0.005962728392
0.006211459491
0.006426622353
0.006605184312
0.006744779052
0.006843807109
0.006901517266
0.00691806425
0.006894539068
0.006832969455
0.006736289325
0.006608277575
0.006453468117
0.006277034363
0.006084652566
0.005882349337
0.005676339275
0.00547285812
0.005277995279
0.005097546716
0.004936941755
0.004800960315
0.004692280378
0.004614560174
0.00121633816
0.0009949272206
0.0007708704719
0.0005711559853
0.0003862706281
0.0002161199469
6.229088423e-05
-7.409233456e-05
-0.0001921329288
-0.000291085267
-0.0003703632072
-0.0004295208489
-0.0004682188628
-0.0004861897641
-0.0004832072011
-0.000459062187
-0.000413548059
-0.0003464548851
-0.0002575733122
-0.0001467073321
-1.369513083e-05
0.0001415630461
0.0003190712232
0.0005186995548
0.0007401431554
0.0009828794546
0.001246125742
0.001528798694
0.001829477856
0.002146375119
0.002477311258
0.002819701581
0.003170572768
0.003526588706
0.003884033319
0.00423884582
0.004586712632
0.004923144399
0.005243570658
0.005543449672
0.005818389297
0.006064275075
0.006277400974
0.006454597482
0.006593351303
0.00669191081
0.006749371613
0.006765737185
0.006741950457
0.00667989355
0.006582354363
0.006452960429
0.006296082185
0.006116709451
0.005920306336
0.00571265099
0.005499667319
0.005287254218
0.005081116378
0.004886636688
0.004708852403
0.004551849907
0.004416152757
0.004309198106
0.001438826693
0.001177904018
0.0009190352015
0.0006946601825
0.0004918704204
0.0003091191036
0.0001469601184
5.487031162e-06
-0.0001153444631
-0.0002156062962
-0.0002954074052
-0.0003548796429
-0.0003941513987
-0.0004133220202
-0.0004124409848
-0.0003914940202
-0.0003503975096
-0.0002890016974
-0.0002071025764
-0.0001044619535
1.91650834e-05
0.0001639962411
0.0003301827172
0.0005177657023
0.0007266299903
0.0009564561268
0.00120667267
0.001476410298
0.001764459744
0.002069235652
0.00238874718
0.002720577378
0.003061899839
0.003409506988
0.003759772971
0.004108678964
0.004451915426
0.004784957274
0.005103158851
0.005401866053
0.005676540958
0.005922895038
0.006137026163
0.006315553752
0.006455745906
0.006555632152
0.006614095603
0.006630938942
0.006606919624
0.0065437511
0.006444068553
0.006311359553
0.006149862037
0.005964433931
0.005760400382
0.00554338604
0.005319140553
0.005093362702
0.004871527442
0.004658775331
0.004459936005
0.004278605028
0.004113398357
0.003975676229
0.001637766716
0.001338034452
0.00104439944
0.0007946231633
0.0005726795451
0.0003757418019
0.0002034568651
5.499074136e-05
-7.056136326e-05
-0.0001740286544
-0.0002561715716
-0.0003176693037
-0.0003590975328
-0.0003809091761
-0.0003834210603
-0.000366807952
-0.0003311048633
-0.0002762178706
-0.0002019432169
-0.0001079941481
5.965252424e-06
0.0001402801008
0.0002952595909
0.0004711277851
0.0006679715071
0.0008856866725
0.001123924561
0.001382039733
0.0016590416
0.001953551836
0.002263768233
0.002587436807
0.00292186708
0.00326396626
0.003610178933
0.003956497467
0.004298578533
0.004631816142
0.004951436992
0.005252615419
0.005530602649
0.005780866315
0.005999235245
0.006182043547
0.00632626734
0.006429647201
0.006490789517
0.006509240516
0.00648552777
0.006421165496
0.006318621829
0.006181248387
0.006013174704
0.005819172276
0.005604494913
0.005374703736
0.005135485957
0.00489247281
0.004651061021
0.004416316513
0.004193044596
0.003984561619
0.003787827255
0.003618212958
0.00180489013
0.001467350424
0.001139441605
0.0008640706627
0.000622309138
0.0004101769986
0.0002265089537
6.962621836e-05
-6.216721168e-05
-0.0001704018721
-0.0002564452969
-0.0003214892803
-0.0003665299158
-0.0003923529618
-0.0003995264456
-0.0003884012374
-0.00035912007
-0.0003116350104
-0.0002457330091
-0.0001610689493
-5.720547676e-05
6.634118879e-05
0.0002100503412
0.0003743417416
0.0005595175333
0.0007657023688
0.0009927832046
0.001240350438
0.001507642438
0.001793495783
0.002096301664
0.002413969658
0.002743939477
0.00308322593
0.003428332476
0.00377523918
0.004119538353
0.004456504768
0.004781191094
0.00508854587
0.00537354793
0.005631353146
0.005857448382
0.006047806282
0.006199033797
0.006308506898
0.006374483975
0.006396190932
0.00637387211
0.006308802699
0.006203260374
0.006060456269
0.00588442787
0.005679898941
0.005452113764
0.005206654881
0.004949254423
0.004685604322
0.004421170087
0.004161106582
0.003910372539
0.003672200698
0.003442131534
0.003239614986
0.001932738152
0.001558557635
0.001197157142
0.0008963826025
0.000634567848
0.0004066701027
0.0002107802474
4.443886477e-05
-9.478397198e-05
-0.0002090706686
-0.0003003537001
-0.0003703018553
-0.0004203017799
-0.000451447088
-0.0004645360223
-0.0004600776966
-0.0004383070212
-0.0003992080743
-0.0003425454497
-0.0002679029648
-0.0001747290548
-6.238811791e-05
6.978296698e-05
0.0002224140215
0.0003960374385
0.0005910219221
0.0008075054907
0.001045329409
0.001303975116
0.001582506646
0.001879518967
0.002193092274
0.002520796687
0.002859754749
0.003206526313
0.003557063545
0.003906871436
0.004251074195
0.004584510029
0.004901851979
0.005197747739
0.005466974327
0.005704602364
0.00590616332
0.006067812091
0.006186476742
0.006259987106
0.006287174439
0.006267935338
0.006203254848
0.006095185818
0.005946784203
0.005762002786
0.005545548589
0.005302711751
0.005039175838
0.004760820581
0.004473522406
0.004182957679
0.003894526697
0.003613510343
0.003343243075
0.003078032815
0.002841493998
0.002014447977
0.001604897527
0.001210976757
0.0008852587231
0.0006034667906
0.0003595579375
0.0001509265719
-2.561908979e-05
-0.0001731967936
-0.0002945985273
-0.0003922834186
-0.0004683629706
-0.0005245839692
-0.0005623210909
-0.0005825792311
-0.0005860049657
-0.0005729068578
-0.0005432841925
-0.0004968635738
-0.0004331427808
-0.0003514412535
-0.0002509565762
-0.0001308262816
9.805769223e-06
0.0001717193236
0.0003555450669
0.0005616906916
0.0007902673215
0.001041018386
0.001313253634
0.001605788889
0.001916889564
0.002244263471
0.00258514893
0.002936169845
0.003293243813
0.003651773858
0.004006709833
0.004352641312
0.004683920694
0.004994808312
0.005279635399
0.005532979713
0.005749846891
0.005925849443
0.006057374505
0.006141731211
0.006177268859
0.006163458054
0.006100928716
0.005991461137
0.005837929108
0.005644197233
0.005414977666
0.005155654386
0.00487208566
0.004570396632
0.004256767381
0.003937221939
0.003617556728
0.003303535228
0.002998754101
0.002696438978
0.002424493289
0.002043622375
0.001600033913
0.001174696249
0.0008246867731
0.0005232194614
0.0002632939633
4.163977386e-05
-0.0001456316748
-0.0003022894994
-0.0004316998491
-0.0005368147398
-0.0006201566861
-0.0006838032831
-0.0007293834284
-0.0007580843039
-0.0007706678766
-0.0007674963058
-0.0007485656511
-0.0007135472753
-0.0006618363585
-0.0005926069907
-0.0005048733191
-0.0003975562233
-0.0002695549009
-0.0001198226202
5.255434185e-05
0.0002482758186
0.0004677465088
0.0007109964208
0.0009776059593
0.001266636602
0.001576562256
0.00190524421
0.002250053411
0.002607696044
0.002974059306
0.00334443892
0.003713595094
0.00407584164
0.004425170292
0.004755400529
0.0050603509
0.005334026738
0.005570817208
0.00576569312
0.005914395956
0.006013607988
0.006061093535
0.006055802242
0.005997926999
0.005888911455
0.005731405171
0.005529167845
0.005286927565
0.005010201305
0.004705088949
0.004378053625
0.004035693912
0.00368451388
0.003330850275
0.002981101831
0.002639278953
0.002297616898
0.001988495487
0.002014219504
0.001537984589
0.001082430634
0.0007089203055
0.0003882427575
0.0001124694246
-0.0001223150095
-0.0003206699848
-0.0004869873589
-0.0006251781155
-0.0007386579198
-0.0008303317939
-0.0009025808866
-0.000957262677
-0.0009957227838
-0.001018816529
-0.001026939297
-0.001020064949
-0.0009977916346
-0.0009593945075
-0.0009038848976
-0.000830075598
-0.000736651885
-0.0006222478485
-0.0004855274344
-0.000325269386
-0.0001404549365
6.964321066e-05
0.0003053726384
0.0005666168759
0.0008527163677
0.001162386375
0.001493669415
0.001844094872
0.002210478301
0.002588695766
0.002973940977
0.003360778994
0.003743229127
0.004114888633
0.004469086219
0.004799061303
0.005098164254
0.005360070516
0.005578999697
0.005749929333
0.005868792217
0.005932645961
0.005939804193
0.005889920309
0.005784017192
0.005624459496
0.005414868872
0.005159986418
0.004865490478
0.004537781488
0.004183747558
0.003810516541
0.003425201283
0.003034820148
0.002646555978
0.002264963925
0.001881347626
0.00153282175
0.001920506237
0.001413066342
0.0009285795467
0.0005324645419
0.0001931611435
-9.81663139e-05
-0.0003460654496
-0.0005557475313
-0.0007322045138
-0.0008798679449
-0.001002592088
-0.001103639338
-0.001185669797
-0.001250745911
-0.001300349392
-0.001335407947
-0.001356330539
-0.001363050264
-0.001355074234
-0.001331539998
-0.001291278258
-0.001232881676
-0.001154779641
-0.001055318737
-0.0009328485665
-0.0007858122688
-0.0006128407734
-0.000412849437
-0.000185135163
7.052933326e-05
0.0003538058219
0.0006636945056
0.0009984648282
0.001355835559
0.001732766305
0.002125163001
0.002528134474
0.0029360566
0.003342645653
0.003741078604
0.004124148548
0.004484450918
0.004814596204
0.005107442254
0.00535633698
0.005555360552
0.005699554803
0.00578512708
0.005809616053
0.005772008389
0.005672797609
0.005513979801
0.005298984939
0.00503254704
0.004720520746
0.004369656301
0.003987347524
0.003581358781
0.003159538582
0.002729725955
0.002300035159
0.001875696777
0.001447088493
0.001056406119
0.001757010695
0.001219876293
0.0007078149198
0.0002900740078
-6.71833589e-05
-0.000373683544
-0.0006345987214
-0.0008557775126
-0.001042793635
-0.001200578944
-0.001333404911
-0.001444869476
-0.001537890026
-0.001614712926
-0.001676935857
-0.00172553984
-0.001760929334
-0.001782979383
-0.00179108917
-0.001784241664
-0.001761069247
-0.001719925379
-0.001658962365
-0.001576215275
-0.001469691867
-0.001337468131
-0.001177788683
-0.000989170873
-0.0007705108249
-0.0005211881277
-0.0002411672495
6.889244659e-05
0.0004075497559
0.0007727523071
0.001161649537
0.001570239788
0.001993578599
0.002425872642
0.002860539403
0.003290320258
0.003707435265
0.004103774581
0.004471122966
0.004801410868
0.005086982898
0.005320872138
0.005497066963
0.005610755855
0.005658535621
0.005638569381
0.005550682993
0.005396391975
0.005178855457
0.004902758623
0.004574130336
0.004200107856
0.003788664114
0.003348303862
0.002887737581
0.002415766481
0.001941587443
0.001471225141
0.000994112849
0.000557964244
0.001518527006
0.0009532766709
0.0004150755994
-2.324212256e-05
-0.000397715833
-0.000718947113
-0.0009927271785
-0.001225530132
-0.001423495971
-0.001592039617
-0.001735831468
-0.001858786278
-0.001964060089
-0.002054065054
-0.00213049745
-0.002194375074
-0.002246082115
-0.002285420297
-0.002311665706
-0.002323631084
-0.002319733694
-0.002298069053
-0.002256490883
-0.002192697614
-0.00210432561
-0.001989049001
-0.001844685655
-0.001669308378
-0.001461359802
-0.001219767833
-0.0009440595825
-0.0006344853412
-0.0002921244666
8.125713602e-05
0.0004830617333
0.0009094587774
0.001355500208
0.001815260952
0.002281880004
0.002747661671
0.003204226183
0.003642703641
0.004053968712
0.004428910423
0.004758728035
0.005035241107
0.005251199274
0.005400575475
0.005478825487
0.005483097164
0.005412374624
0.005267546111
0.0050513889
0.004768470252
0.004424969488
0.004028432683
0.003587476158
0.003111445576
0.002610040981
0.002093170796
0.001571272422
0.001051293496
0.0005216594909
3.614281372e-05
0.001200105758
0.0006084093463
4.55804727e-05
-0.0004122042821
-0.0008031067232
-0.001138587476
-0.001425051873
-0.001669588722
-0.001878890485
-0.002058840085
-0.002214491139
-0.002350059354
-0.002468923847
-0.002573647576
-0.002666011179
-0.002747055778
-0.002817132451
-0.002875957064
-0.002922669878
-0.002955899855
-0.00297383398
-0.002974292177
-0.002954808481
-0.002912719141
-0.002845258156
-0.002749660507
-0.002623272935
-0.002463671676
-0.002268785928
-0.002037024237
-0.001767401518
-0.001459677016
-0.001114481409
-0.0007332204678
-0.0003181577676
0.0001271460227
0.0005978097218
0.00108783459
0.001590121263
0.002096553368
0.002598139331
0.003085204948
0.003547635551
0.003975163372
0.004357691727
0.004685644008
0.004950322085
0.005144255941
0.00526152466
0.005298028489
0.005251693149
0.00512259068
0.004912966057
0.004627165036
0.004271465838
0.003853825146
0.003383555111
0.002870938598
0.00232679491
0.001762293173
0.001189281894
0.0006157583246
2.90623777e-05
-0.000510328909
0.0007970906102
0.0001807064056
-0.0004051561356
-0.0008812414368
-0.001287745417
-0.00163696833
-0.00193592369
-0.0021923041
-0.002413341367
-0.002605372839
-0.002773821767
-0.002923191606
-0.003057072004
-0.003178165048
-0.003288324981
-0.003388606318
-0.003479317677
-0.003560079895
-0.003629887839
-0.003687175983
-0.003729888317
-0.003755553437
-0.003761365848
-0.003744274506
-0.003701079525
-0.003628537699
-0.003523477112
-0.00338292063
-0.003204217448
-0.002985180377
-0.002724226308
-0.002420527936
-0.002074164936
-0.001686091053
-0.001258136358
-0.0007934710377
-0.0002968143817
0.0002258434608
0.0007672289437
0.001318844096
0.001871093485
0.002413470122
0.002934800846
0.003423548753
0.00386816538
0.004257481042
0.004581117203
0.004829900952
0.004996258601
0.005074564026
0.005061417827
0.004955836105
0.004759332561
0.004475884553
0.004111782004
0.003675367761
0.003176686237
0.002627047901
0.002038524071
0.001423707164
0.0007960428199
0.0001647257582
-0.0004841035028
-0.001082499019
0.0003051314742
-0.0003340743758
-0.0009412943654
-0.001434462266
-0.001855708898
-0.002218150886
-0.002529402107
-0.002797747023
-0.003030943676
-0.003235771218
-0.003418010761
-0.003582442777
-0.003732857956
-0.003872089292
-0.004002057626
-0.004123824857
-0.004237651797
-0.00434305905
-0.004438890355
-0.004523378607
-0.004594215357
-0.004648624959
-0.004683444757
-0.004695212765
-0.004680264196
-0.004634837975
-0.004555193954
-0.004437741139
-0.004279176542
-0.004076633032
-0.003827833261
-0.003531255086
-0.003186309506
-0.002793385293
-0.002353758209
-0.001870071056
-0.001346755144
-0.0007896820647
-0.0002062067578
0.0003948583691
0.001003347978
0.001607915989
0.002196278181
0.002755525256
0.003272501092
0.003734235447
0.00412841496
0.004443870815
0.004671057053
0.00480249039
0.004833121693
0.004760610979
0.004585482597
0.004311144565
0.003943765733
0.003492016191
0.002966687154
0.002380197896
0.001746006795
0.001078305486
0.000392344231
-0.0003013286014
-0.001017890476
-0.001681042344
-0.0002797600346
-0.000939823761
-0.001566640878
-0.002075624204
-0.002510727922
-0.002885856126
-0.00320921233
-0.003489659205
-0.003735467386
-0.003953845828
-0.004150923303
-0.004331748992
-0.004500308213
-0.004659560267
-0.004811489599
-0.004957163787
-0.005096794948
-0.005229802778
-0.005354878654
-0.005470051167
-0.005572754113
-0.005659898448
-0.005727949995
-0.00577301478
-0.005790933867
-0.00577738931
-0.005728022537
-0.005638565965
-0.005504988109
-0.005323651236
-0.005091478557
-0.004806133831
-0.004466227072
-0.004071439967
-0.003622355334
-0.003120945314
-0.002571183189
-0.001978682133
-0.001350753021
-0.0006964216768
-2.635664277e-05
0.0006472804186
0.00131106624
0.001950632984
0.002551068233
0.003097389202
0.003575075481
0.003970637741
0.004272193232
0.004470013986
0.004557010842
0.004529116881
0.004385537814
0.004128844567
0.003764894255
0.003302580044
0.002753424311
0.002131022162
0.001450354987
0.0007274021783
-2.055017951e-05
-0.0007814115651
-0.001571822559
-0.002306112526
-0.0009611855334
-0.001640034666
-0.002284610121
-0.002808098104
-0.00325615099
-0.003643425803
-0.003978701674
-0.004271403673
-0.00453030057
-0.004763019533
-0.004976028313
-0.005174638918
-0.00536302807
-0.005544280587
-0.00572044581
-0.005892599934
-0.006060910397
-0.006224700365
-0.006382512738
-0.006532174162
-0.006670860318
-0.006795164339
-0.006901170525
-0.006984535723
-0.00704058074
-0.007064394003
-0.007050949371
-0.006995239543
-0.006892425976
-0.006738005208
-0.006527988866
-0.006259098847
-0.005928997513
-0.005536477032
-0.00508129146
-0.004564590566
-0.003989663481
-0.003361694724
-0.002687789617
-0.001977047015
-0.001240531947
-0.0004911598446
0.000256513167
0.0009866016178
0.001682305248
0.002326420935
0.002901938127
0.003392694874
0.003784062844
0.004063621948
0.004221779997
0.004252290961
0.004152628134
0.003924175901
0.00357221608
0.003105701797
0.002536829706
0.001880415849
0.001153097403
0.0003728449072
-0.0004407595371
-0.001273875423
-0.002144746644
-0.002957174624
-0.001742296095
-0.002437770439
-0.003098192119
-0.003634834538
-0.004094909082
-0.004493784216
-0.004840796713
-0.005145915777
-0.005418392858
-0.005666262154
-0.005896323269
-0.006114147711
-0.006324103766
-0.006529405018
-0.006732171575
-0.006933496178
-0.0071335109
-0.00733145229
-0.007525724334
-0.007713959841
-0.007893081772
-0.008059366656
-0.008208512723
-0.008335715561
-0.008435754241
-0.008503090727
-0.008531985131
-0.008516628984
-0.008451298187
-0.008330526362
-0.008149296927
-0.007903254713
-0.007588955716
-0.007204098191
-0.006747452234
-0.006219184541
-0.00562163192
-0.004959344014
-0.004239018815
-0.003469642995
-0.002662524067
-0.00183122185
-0.0009913742234
-0.0001604043116
0.0006428976542
0.001398916596
0.002087868145
0.002690545849
0.003189126652
0.003567990501
0.003814501035
0.003919689527
0.003878784455
0.00369153573
0.003362295529
0.002899837749
0.002316920499
0.001629593235
0.000856272669
1.713506037e-05
-0.0008656515333
-0.001776245721
-0.002734650957
-0.003632830491
-0.002625764761
-0.003335617049
-0.004009913785
-0.00455832975
-0.005029481888
-0.005439402085
-0.005797962743
-0.00611565637
-0.006402200727
-0.006666026368
-0.00691425941
-0.007152730343
-0.007386002838
-0.007617426833
-0.007849203972
-0.008082456794
-0.008317297002
-0.008552890387
-0.008787517747
-0.009018632497
-0.009242916697
-0.009456337995
-0.009654210463
-0.009831262704
-0.009981716671
-0.01009938069
-0.01017775996
-0.01021018741
-0.01018997756
-0.01011060476
-0.009965905776
-0.009750306951
-0.009459090729
-0.009088665741
-0.008636615968
-0.008101933654
-0.00748573257
-0.006791678348
-0.006025815188
-0.0051967828
-0.004315922973
-0.00339727379
-0.002457447202
-0.001515371408
-0.0005918843206
0.0002908268068
0.001109933992
0.001842806626
0.002467945784
0.002965966449
0.003320566316
0.003519410361
0.003554857181
0.003424457421
0.003131167763
0.002683246739
0.002093826385
0.001380154486
0.0005625319949
-0.000336435358
-0.001291670735
-0.002285051107
-0.003338480973
-0.004330614929
-0.003613724537
-0.004335654644
-0.005021811325
-0.005580597586
-0.006061868903
-0.006482265071
-0.00685216767
-0.007182569156
-0.00748363647
-0.0077641867
-0.008031669272
-0.008292176355
-0.008550474872
-0.008810063445
-0.00907324126
-0.009341179586
-0.009613990756
-0.00989079196
-0.01016976308
-0.01044819936
-0.01072256076
-0.01098852096
-0.01124101912
-0.01147431858
-0.01168207627
-0.01185742709
-0.01199308719
-0.01208148006
-0.01211488855
-0.0120856357
-0.01198629539
-0.01180993309
-0.01155038728
-0.01120257952
-0.01076268707
-0.01022828607
-0.009599013509
-0.008877354424
-0.008068408554
-0.007180181834
-0.006223782654
-0.005213496047
-0.004166732279
-0.003103824766
-0.002047655355
-0.001023093608
-5.624834286e-05
0.0008264555261
0.001599343764
0.00223865283
0.002723713905
0.003038076553
0.00317047886
0.003115571515
0.002874315042
0.002453994655
0.001867830455
0.001134166337
0.0002752596114
-0.0006836308543
-0.00171416638
-0.002795609797
-0.003951912852
-0.005046773123
-0.004707747967
-0.005439418168
-0.006135401051
-0.00670314576
-0.007193566511
-0.007623848721
-0.008004852387
-0.00834804425
-0.008664022982
-0.008961983732
-0.009249698751
-0.009533528358
-0.00981845521
-0.01010814414
-0.01040501356
-0.01071030843
-0.01102416901
-0.01134569262
-0.01167298729
-0.01200321838
-0.01233264994
-0.01265668417
-0.01296990262
-0.01326611339
-0.01353840912
-0.01377924037
-0.01398050923
-0.01413368777
-0.01422996558
-0.01426043022
-0.0142162829
-0.01408909041
-0.01387108041
-0.01355548735
-0.0131368326
-0.01261103005
-0.01197599543
-0.01123267762
-0.01038490519
-0.009439713114
-0.008407646414
-0.007302934193
-0.006143530648
-0.004950992719
-0.003750162434
-0.002568630264
-0.001435967295
-0.0003827305985
0.0005607329044
0.001365634254
0.002006166894
0.002460909659
0.002714094045
0.002756615654
0.002586678303
0.002209985349
0.001639432011
0.0008942633697
-1.287079493e-06
-0.001019093476
-0.002127173681
-0.003301806489
-0.004569112965
-0.005775998148
-0.00590879738
-0.006647881965
-0.007351666106
-0.007926962973
-0.008425554747
-0.008865102736
-0.009256910137
-0.009612890376
-0.009944056682
-0.0102599759
-0.01056874614
-0.01087700692
-0.01118997444
-0.01151150311
-0.01184415844
-0.01218929041
-0.01254710112
-0.01291670345
-0.01329616962
-0.0136825705
-0.01407200785
-0.01445964283
-0.0148397249
-0.01520562587
-0.0155498843
-0.0158642656
-0.01613984343
-0.01636710774
-0.01653610475
-0.01663661374
-0.01665836448
-0.01659129725
-0.01642587188
-0.01615343798
-0.01576658288
-0.01525932718
-0.01462764375
-0.01387052342
-0.01299016798
-0.01199225886
-0.01088638641
-0.009686345938
-0.008410294521
-0.00708073567
-0.005724289292
-0.004371210352
-0.003054630915
-0.001809517086
-0.0006713562914
0.000325380379
0.001148922978
0.001771924662
0.002173084032
0.002338516077
0.002262721785
0.001949031508
0.001409441182
0.0006637775438
-0.0002618076991
-0.001336136654
-0.002523182968
-0.003795816797
-0.005182444298
-0.006511136767
-0.007217221442
-0.007961439347
-0.008671047127
-0.00925251564
-0.009758295163
-0.01020644667
-0.01060867722
-0.01097731804
-0.01132378094
-0.01165800125
-0.01198841061
-0.01232194447
-0.01266407663
-0.01301888111
-0.01338910517
-0.01377624202
-0.01418059629
-0.0146013387
-0.01503654852
-0.01548324461
-0.01593740735
-0.01639399497
-0.01684695867
-0.01728926188
-0.01771290915
-0.01810899082
-0.01846774964
-0.01877867564
-0.0190306355
-0.01921204218
-0.01931107021
-0.01931592022
-0.01921513905
-0.01899800634
-0.01865492773
-0.0181777546
-0.01756029858
-0.0167991835
-0.01589459355
-0.01485043172
-0.01367488504
-0.01238086271
-0.01098629251
-0.009514242075
-0.007992811222
-0.006454744328
-0.004936720717
-0.003478297756
-0.002120506509
-0.0009041340559
0.0001322326253
0.0009542826108
0.001534018386
0.001851567456
0.001896572241
0.001668982092
0.001179118359
0.0004469059786
-0.0004997549106
-0.001626500686
-0.00289285173
-0.004267808084
-0.005782145745
-0.007242843901
-0.008632728638
-0.009379910671
-0.01009345388
-0.01067976078
-0.01119174368
-0.01164778012
-0.01205993773
-0.0124409362
-0.0128025724
-0.01315515157
-0.01350745268
-0.01386673088
-0.01423874924
-0.01462783909
-0.01503697171
-0.01546782904
-0.01592086605
-0.01639536038
-0.01688944788
-0.01740014451
-0.017923357
-0.0184538859
-0.01898542581
-0.01951056828
-0.02002081363
-0.02050659812
-0.02095734362
-0.02136153661
-0.02170684376
-0.02198027105
-0.02216837286
-0.02225751648
-0.02223420877
-0.02208549486
-0.02179939265
-0.02136529907
-0.02077458386
-0.02002118343
-0.0191028392
-0.01802121829
-0.01678260745
-0.015398509
-0.0138860993
-0.01226851668
-0.01057491424
-0.008840210161
-0.007104474741
-0.005411906702
-0.003809377357
-0.002344558259
-0.001063697024
-9.161917631e-06
0.0007830677046
0.001285741284
0.001482257649
0.001367926044
0.0009503731336
0.0002489281115
-0.0007070842305
-0.001880066514
-0.00322468998
-0.004705577997
-0.00635594724
-0.007959191488
-0.01015441111
-0.01090255303
-0.01161828696
-0.01220817429
-0.01272538009
-0.01318850967
-0.01360994463
-0.0140027647
-0.01437914248
-0.01474976106
-0.0151237687
-0.01550877301
-0.01591086726
-0.01633468683
-0.01678347783
-0.0172591645
-0.01776240719
-0.01829264631
-0.01884813012
-0.01942592678
-0.02002192307
-0.0206308134
-0.02124608415
-0.02185999919
-0.02246359319
-0.02304667982
-0.02359788234
-0.02410469442
-0.02455357913
-0.02493011407
-0.02521919034
-0.02540527221
-0.0254727252
-0.02540622306
-0.02519121439
-0.02481438434
-0.02426436066
-0.02353214433
-0.02261257522
-0.02150462059
-0.02021213881
-0.01874464868
-0.0171179713
-0.01535471327
-0.01348451871
-0.0115440068
-0.009576311926
-0.007630153748
-0.005758386837
-0.00401601881
-0.002457740816
-0.00113508356
-9.338731446e-05
0.0006311550187
0.001014073159
0.001044494727
0.0007260405244
7.648583556e-05
-0.0008739502375
-0.002084515768
-0.003504676551
-0.005094153305
-0.006888643266
-0.00864521473
-0.01178075269
-0.01252810295
-0.0132444859
-0.01383680119
-0.01435825826
-0.01482759567
-0.01525745986
-0.01566126475
-0.01605155586
-0.0164394113
-0.01683438134
-0.0172444703
-0.01767615393
-0.01813442927
-0.01862287795
-0.01914372873
-0.01969791012
-0.02028508769
-0.02090368363
-0.02155087855
-0.02222259781
-0.02291348604
-0.02361687506
-0.02432475134
-0.02502772988
-0.02571504223
-0.02637454655
-0.02699276823
-0.02755497987
-0.02804532936
-0.02844702488
-0.02874258518
-0.02891416393
-0.02894396029
-0.02881470224
-0.02851013835
-0.02801586727
-0.02731978993
-0.02641335937
-0.02529239303
-0.0239577835
-0.02241645331
-0.02068219895
-0.01877639417
-0.01672847875
-0.01457613381
-0.01236503867
-0.01014810701
-0.007984117257
-0.005935689053
-0.004066616618
-0.002438650881
-0.001107918643
-0.0001212661148
0.0004871031965
0.0006982874677
0.0005102535541
-6.205887008e-05
-0.0009883352159
-0.00222493132
-0.003715831565
-0.005415316307
-0.007361591477
-0.009282398844
-0.0135096908
-0.01425482825
-0.01497059423
-0.01556432761
-0.01608907892
-0.01656362124
-0.01700081554
-0.01741438928
-0.01781726774
-0.01822095394
-0.01863544717
-0.01906920743
-0.01952915944
-0.02002073247
-0.02054791587
-0.02111331491
-0.02171819691
-0.02236252141
-0.02304495107
-0.02376284314
-0.02451222336
-0.02528774596
-0.0260826451
-0.02688868404
-0.02769610924
-0.0284936175
-0.02926834452
-0.03000588405
-0.03069034681
-0.03130446902
-0.03182978015
-0.03224683941
-0.03253555105
-0.03267557214
-0.03264680443
-0.03242990868
-0.03200715325
-0.03136320609
-0.03048573909
-0.02936698446
-0.02800434076
-0.0264015097
-0.02456955194
-0.02252782902
-0.02030476094
-0.01793828825
-0.01547591196
-0.01297417795
-0.01049748049
-0.008116089736
-0.005903366506
-0.003932217496
-0.002270961115
-0.0009789064204
-0.0001020721425
0.0003304452929
0.0003089331088
-0.0001561723013
-0.001035600154
-0.002283325906
-0.003837706875
-0.005647073963
-0.007752154569
-0.009848092977
-0.015338671
-0.01608061784
-0.01679485717
-0.01738918137
-0.01791628933
-0.01839488646
-0.01883799865
-0.01925965476
-0.01967318077
-0.02009055176
-0.02052228192
-0.02097736475
-0.0214632582
-0.02198591017
-0.02254980329
-0.02315800221
-0.02381219217
-0.02451270148
-0.02525850392
-0.02604720008
-0.02687497924
-0.02773656542
-0.0286251527
-0.02953233645
-0.03044804795
-0.03136050053
-0.03225615642
-0.03311972354
-0.03393419234
-0.03468092278
-0.0353397922
-0.03588941432
-0.03630744031
-0.03657095723
-0.03665698505
-0.03654301156
-0.03620774
-0.03563239768
-0.03480067129
-0.03370079483
-0.03232617905
-0.03067669788
-0.02875995436
-0.02659247041
-0.02420073664
-0.02162200373
-0.01890466988
-0.01610810066
-0.01330171223
-0.01056316684
-0.007975581548
-0.005623743361
-0.003589459167
-0.001946335955
-0.0007544624301
-5.560347447e-05
0.0001304155755
-0.0001925869971
-0.0009979430853
-0.002238090793
-0.003845813312
-0.005763044505
-0.008033057435
-0.01031485169
-0.01726475894
-0.01800308978
-0.01871534488
-0.01930966206
-0.01983821233
-0.02031953034
-0.02076676096
-0.02119423573
-0.02161572213
-0.02204373791
-0.0224894028
-0.02296234581
-0.02347066444
-0.02402093088
-0.0246182224
-0.02526615807
-0.02596692887
-0.02672131241
-0.02752866714
-0.02838690442
-0.02929243942
-0.03024012415
-0.03122316785
-0.03223305126
-0.03325944246
-0.0342901229
-0.03531093277
-0.03630574557
-0.03725648232
-0.03814317604
-0.0389440978
-0.03963595536
-0.04019417596
-0.04059328941
-0.04080742296
-0.04081084588
-0.04057860381
-0.04008821301
-0.03931935132
-0.03825585471
-0.03688673142
-0.03520747491
-0.03322153578
-0.03094176047
-0.02839174483
-0.02560698608
-0.0226356745
-0.01953893459
-0.01639030273
-0.01327422878
-0.01028342546
-0.007514976327
-0.005065258775
-0.003023938855
-0.001467527847
-0.000453206093
-1.37623968e-05
-0.0001546124609
-0.0008537531278
-0.002063352411
-0.00371095238
-0.005731767991
-0.008171672131
-0.01064969492
-0.0192847558
-0.02001974417
-0.0207301167
-0.02132410819
-0.0218532098
-0.0223356838
-0.02278475619
-0.02321508259
-0.02364094047
-0.02407549237
-0.02453058654
-0.02501662024
-0.02554246445
-0.02611544442
-0.02674135189
-0.02742446908
-0.0281675896
-0.02897202579
-0.02983759584
-0.03076258797
-0.03174370196
-0.03277597106
-0.03385266906
-0.03496520936
-0.03610304362
-0.03725356895
-0.03840205299
-0.03953158712
-0.04062307839
-0.04165529133
-0.04260495123
-0.04344692059
-0.04415446054
-0.04469959389
-0.04505358675
-0.04518749358
-0.04507274305
-0.04468283615
-0.04399355829
-0.04298402581
-0.0416385212
-0.03994768907
-0.03791019929
-0.03553442406
-0.0328400924
-0.02985981817
-0.02664033856
-0.02324325279
-0.0197450091
-0.0162358639
-0.01281754955
-0.009599456423
-0.006693279585
-0.004206306201
-0.002233812498
-0.0008513446157
-0.000107906839
-2.130415394e-05
-0.0005768462015
-0.001728227258
-0.003398463534
-0.005515923995
-0.008129208891
-0.01081328351
-0.02139537661
-0.02212814709
-0.02283742339
-0.02343110487
-0.02395988441
-0.0244416568
-0.02488970609
-0.02531906297
-0.02574462163
-0.02618033354
-0.02663894036
-0.02713177927
-0.02766866255
-0.02825782518
-0.02890591447
-0.02961799947
-0.03039758246
-0.0312465999
-0.0321654043
-0.03315272281
-0.03420559194
-0.03531927079
-0.03648713744
-0.03770057515
-0.03894885618
-0.04021903219
-0.04149584094
-0.04276163969
-0.04399637609
-0.04517760805
-0.04628058428
-0.04727839774
-0.04814222394
-0.04884166004
-0.04934518504
-0.04962070627
-0.04963612619
-0.04936074616
-0.04876653001
-0.04782777026
-0.04652378778
-0.04484001695
-0.04276982194
-0.04031638664
-0.03749465041
-0.03433320868
-0.03087602004
-0.02718370079
-0.023334125
-0.01942199541
-0.01555702941
-0.0118604419
-0.008459533752
-0.005480430822
-0.003039364551
-0.001233290752
-0.0001310282245
0.0002335212426
-0.0001355717255
-0.001195964512
-0.002867361825
-0.005071452585
-0.007859818049
-0.01075900496
-0.02359344799
-0.02432617133
-0.02503596418
-0.0256297418
-0.02615732645
-0.02663616373
-0.02707959728
-0.0275031264
-0.02792242119
-0.02835242177
-0.02880698205
-0.02929859957
-0.02983823704
-0.03043522862
-0.03109724259
-0.03183027442
-0.03263864966
-0.03352502053
-0.03449034546
-0.03553384537
-0.03665293523
-0.03784313198
-0.03909794378
-0.04040874641
-0.04176465537
-0.04315240219
-0.04455622545
-0.04595778648
-0.04733612138
-0.04866764028
-0.04992618638
-0.05108316648
-0.05210776564
-0.05296726021
-0.05362745188
-0.0540532141
-0.05420904578
-0.05406004926
-0.05357432819
-0.05272148765
-0.05147573634
-0.04981707055
-0.04773316073
-0.04522141755
-0.04229117529
-0.03896593989
-0.03528556151
-0.03130811654
-0.02711120174
-0.02279225931
-0.01846748878
-0.01426889304
-0.01033909324
-0.006823771346
-0.003861980746
-0.001575071447
-5.552296341e-05
0.0006424303389
0.0005082193199
-0.0004229658987
-0.002069367715
-0.004346569615
-0.007309586701
-0.01043196114
-0.025876181
-0.02661228967
-0.02732520268
-0.02791992984
-0.02844541302
-0.02891859193
-0.02935291063
-0.02976449152
-0.03017001098
-0.03058567059
-0.03102672411
-0.03150711022
-0.03203920072
-0.03263365646
-0.03329935852
-0.0340433847
-0.03487100555
-0.0357856802
-0.03678903798
-0.03788083723
-0.03905889826
-0.04031901081
-0.0416548202
-0.04305769824
-0.04451660706
-0.04601796504
-0.04754552501
-0.04908027548
-0.05060037599
-0.05208113844
-0.05349506598
-0.05481196217
-0.05599912227
-0.05702162014
-0.05784271343
-0.05842437797
-0.05872785132
-0.0587142953
-0.05834768648
-0.0575933886
-0.05642038667
-0.0548031669
-0.05272347954
-0.05017254348
-0.04715343283
-0.04368362756
-0.0397976206
-0.03554938599
-0.0310144139
-0.02629090426
-0.02149960121
-0.01678168258
-0.01229414244
-0.008202285659
-0.004669339761
-0.001843780184
0.0001543114561
0.00124567674
0.001400350958
0.0006423251043
-0.0009478110491
-0.003280659317
-0.006415423216
-0.009767853397
-0.0282414909
-0.02898594933
-0.02970576395
-0.03030279154
-0.03082517034
-0.0312893197
-0.03170888581
-0.03210085473
-0.03248323582
-0.03287386009
-0.03328975554
-0.0337466563
-0.03425866027
-0.03483802495
-0.03549506418
-0.03623810891
-0.03707350056
-0.03800559177
-0.03903673635
-0.04016725722
-0.04139538696
-0.04271718071
-0.04412640454
-0.04561440562
-0.04716997233
-0.04877919362
-0.05042532817
-0.05208869429
-0.05374659192
-0.05537326836
-0.05693993982
-0.05841488083
-0.05976359364
-0.06094907015
-0.06193216667
-0.06267211123
-0.06312704714
-0.06325460134
-0.06301433325
-0.06236783229
-0.06127893857
-0.05971668709
-0.05765684428
-0.05508420646
-0.05199513404
-0.04840034189
-0.04432788344
-0.03982616757
-0.03496673799
-0.02984640583
-0.02458817036
-0.01934022491
-0.01427228405
-0.009568566915
-0.005417118956
-0.001995792571
0.0005438976764
0.002092653077
0.002595644333
0.002060675382
0.0005636013528
-0.0018030393
-0.005103815047
-0.008691746289
-0.0306884209
-0.0314480391
-0.03217992936
-0.03278114331
-0.03329921281
-0.03375009204
-0.03414782362
-0.0345106188
-0.03485827575
-0.03521074595
-0.035587314
-0.03600595203
-0.03648286765
-0.03703223102
-0.03766603592
-0.03839404896
-0.03922380727
-0.04016063275
-0.04120763931
-0.04236571858
-0.04363349618
-0.04500725709
-0.04648084276
-0.04804552621
-0.04968987322
-0.05139959961
-0.05315743527
-0.05494300633
-0.0567327469
-0.05849985241
-0.06021428631
-0.06184285231
-0.06334934398
-0.06469478357
-0.06583776721
-0.06673494007
-0.06734154768
-0.06761196138
-0.06750140392
-0.066967921
-0.06597049633
-0.06447288408
-0.06244496133
-0.05986506495
-0.0567226128
-0.0530210597
-0.04878117881
-0.04404455483
-0.03887706352
-0.03337195709
-0.02765197933
-0.02186972429
-0.01620528841
-0.01086024493
-0.006047219435
-0.001974971043
0.00117008648
0.003243469295
0.0041593825
0.003903460902
0.002542168139
0.0001684383597
-0.003289432737
-0.007116698198
-0.03321766636
-0.03400148957
-0.03475226495
-0.03536009641
-0.03587227803
-0.03630446529
-0.03667143011
-0.03699313938
-0.037291808
-0.03759015617
-0.03791034
-0.03827311545
-0.03869725715
-0.03919921058
-0.0397929202
-0.04048977565
-0.04129862531
-0.04222581633
-0.04327523159
-0.04444830435
-0.0457440003
-0.04715876416
-0.04868643293
-0.05031812213
-0.05204209361
-0.05384361524
-0.05570482388
-0.05760460331
-0.05951848904
-0.06141861197
-0.06327369315
-0.06504910143
-0.06670698563
-0.06820649265
-0.06950408566
-0.07055398732
-0.07130873471
-0.07171968375
-0.07173800801
-0.07131822829
-0.07041498358
-0.06898695846
-0.06699837909
-0.06442126806
-0.06123809737
-0.05744483415
-0.05305442515
-0.048100665
-0.04264228533
-0.03676694361
-0.03059456699
-0.02427923201
-0.01800848552
-0.01199883852
-0.006486253245
-0.001710971226
0.002102880669
0.004770620606
0.006168906221
0.006254224178
0.005077755225
0.00272896091
-0.0008735560415
-0.004942217504
-0.03583226971
-0.03665204643
-0.0374304242
-0.0380478125
-0.03855188314
-0.03895833492
-0.03928320719
-0.03954898711
-0.03978116151
-0.04000606636
-0.0402495037
-0.04053567649
-0.0408864613
-0.04132098446
-0.04185542676
-0.0425029818
-0.04327390282
-0.04417558624
-0.04521265448
-0.04638701398
-0.04769787525
-0.04914173085
-0.05071229319
-0.05240039875
-0.05419388799
-0.05607747212
-0.05803259874
-0.0600373289
-0.06206623777
-0.0640903512
-0.06607713093
-0.06799052016
-0.0697910606
-0.07143609226
-0.07288004788
-0.07407486581
-0.07497053143
-0.07551558355
-0.07565769952
-0.07534749103
-0.07453604566
-0.07317718481
-0.07122982891
-0.06865998001
-0.06544336332
-0.06156849256
-0.05704025875
-0.0518840541
-0.04615034218
-0.03991943882
-0.03330603528
-0.02646267208
-0.01958099247
-0.01288925765
-0.006644471615
-0.001117790855
0.003427078874
0.006760692675
0.008715325433
0.009210396052
0.00827455519
0.005988572861
0.002257743153
-0.002052506592
-0.03853852619
-0.03940928768
-0.04022619048
-0.04085646436
-0.04134913706
-0.04172056536
-0.04198889536
-0.04218022149
-0.04232445538
-0.04245264289
-0.04259519394
-0.04278054991
-0.04303429964
-0.04337868811
-0.04383241737
-0.0444106417
-0.04512507328
-0.04598413317
-0.04699310114
-0.04815423473
-0.04946684183
-0.05092730154
-0.05252903564
-0.05426243767
-0.05611477049
-0.0580700443
-0.06010888818
-0.06220842919
-0.06434219109
-0.06648002533
-0.06858808877
-0.07062887918
-0.07256133916
-0.07434103948
-0.07592045286
-0.07724933805
-0.07827525414
-0.07894408637
-0.07920053404
-0.07899104933
-0.07826373018
-0.07696786602
-0.07505746714
-0.07249290501
-0.0692435145
-0.06529061716
-0.0606311216
-0.05528177892
-0.04928408156
-0.04270967408
-0.03566592322
-0.02830094745
-0.02080694718
-0.01342015643
-0.006415333538
-9.273083311e-05
0.005243716722
0.009316031788
0.0119053183
0.01288519989
0.01225310589
0.0100742779
0.006235720975
0.001685597173
-0.04134721204
-0.04228798032
-0.04315684723
-0.0438034717
-0.04427975444
-0.04460374537
-0.04479697446
-0.04489067102
-0.04492070908
-0.0449242403
-0.04493745766
-0.0449939641
-0.04512373472
-0.04535258231
-0.04570198924
-0.04618917713
-0.04682730734
-0.04762573108
-0.04859023258
-0.04972323062
-0.05102391997
-0.05248834778
-0.05410942787
-0.05587690152
-0.0577772575
-0.05979362471
-0.06190565198
-0.06408939147
-0.06631719631
-0.06855764648
-0.07077552033
-0.07293182161
-0.07498387137
-0.07688547647
-0.07858718435
-0.08003664111
-0.08117907722
-0.08195785752
-0.08231494493
-0.08219281797
-0.08153676385
-0.08029192465
-0.07840780234
-0.07583957261
-0.07255063351
-0.06851554154
-0.06372354683
-0.05818286739
-0.05192575874
-0.04501436001
-0.03754710984
-0.02966518104
-0.0215578852
-0.01346533156
-0.00567593079
0.00148403134
0.007671149175
0.01255628323
0.01586298387
0.01740975007
0.01715261054
0.01513255697
0.01121152765
0.006425089718
-0.04427526079
-0.04530991882
-0.04624700427
-0.04691310776
-0.04736533163
-0.04762509711
-0.04771922694
-0.04768620899
-0.04756990765
-0.04741533523
-0.04726587438
-0.04716133482
-0.04713678879
-0.04722204189
-0.04744155225
-0.04781462956
-0.04835577898
-0.04907509083
-0.0499786093
-0.05106864073
-0.05234398199
-0.053800065
-0.05542902291
-0.05721968818
-0.05915753889
-0.06122460785
-0.06339937143
-0.06565663926
-0.06796745027
-0.07029899083
-0.07261456174
-0.07487359761
-0.07703174699
-0.07904102679
-0.08085005876
-0.08240440285
-0.0836470162
-0.08451882124
-0.08495917796
-0.08490686215
-0.08430434719
-0.08309299745
-0.08121814576
-0.07863019601
-0.07528708845
-0.0711571242
-0.06622238548
-0.06048294007
-0.05396193552
-0.0467116757
-0.03882064176
-0.03042108607
-0.02169635674
-0.01288634893
-0.004288501775
0.003749019435
0.01084557664
0.01661966637
0.02073169124
0.0229353736
0.02313367827
0.02133241892
0.01735937493
0.01234188156
-0.04734810726
-0.04850645768
-0.04953106347
-0.05021860882
-0.05063496148
-0.05080756998
-0.05077136209
-0.05057500542
-0.05027299509
-0.04992037077
-0.04956934449
-0.04926706876
-0.04905441156
-0.04896551706
-0.04902789715
-0.04926283628
-0.04968594233
-0.05030772548
-0.05113412977
-0.05216697492
-0.05340428972
-0.05484053674
-0.05646673787
-0.05827051286
-0.06023605442
-0.06234405281
-0.06457159023
-0.0668920436
-0.06927497739
-0.07168604405
-0.07408694736
-0.07643545597
-0.0786854705
-0.08078716545
-0.08268720692
-0.08432905672
-0.08565340426
-0.08659873928
-0.08710185841
-0.08709835744
-0.08652725637
-0.0853268449
-0.08343841199
-0.08080794047
-0.07738832776
-0.07314211147
-0.06804476923
-0.06208876654
-0.05528856168
-0.04768672948
-0.03936134311
-0.03043441314
-0.02108084387
-0.01153657019
-0.002103288251
0.006853902843
0.01492075622
0.02166380209
0.02667584484
0.02963617307
0.03038158515
0.02886924279
0.02488061439
0.01963876741
-0.05060301526
-0.05192204656
-0.05305658477
-0.05376496444
-0.05412728148
-0.05418114683
-0.05397368552
-0.05356771664
-0.05303175078
-0.0524334692
-0.05183575723
-0.05129427136
-0.05085628116
-0.05056045452
-0.05043724416
-0.05050960039
-0.05079380825
-0.05130031391
-0.05203445999
-0.05299708839
-0.05418499512
-0.05559124376
-0.05720535569
-0.05901338539
-0.06099792927
-0.06313806322
-0.0654092234
-0.06778314875
-0.07022777299
-0.07270706673
-0.07518100257
-0.07760557204
-0.07993284295
-0.08211108759
-0.08408494805
-0.08579571192
-0.0871817547
-0.08817913286
-0.08872208869
-0.08874341582
-0.08817814158
-0.08696193544
-0.08503206907
-0.08233031087
-0.07880481671
-0.0744127638
-0.06912353188
-0.06292252968
-0.05581604541
-0.04783732897
-0.03905408894
-0.0295774201
-0.01957202396
-0.00926675006
0.001036978885
0.01096245412
0.02006655119
0.02786582335
0.03388242262
0.03771185435
0.0391102686
0.03796970204
0.03400911659
0.02855075853
-0.05409388911
-0.05561924355
-0.05688893161
-0.05761262702
-0.05789306289
-0.0577843736
-0.05735176593
-0.05667753813
-0.05584847002
-0.05494794201
-0.05405147953
-0.0532243128
-0.05252050213
-0.05198314916
-0.0516452469
-0.05153083062
-0.05165619585
-0.05203103666
-0.05265942628
-0.05354060601
-0.05466957178
-0.056037476
-0.05763189064
-0.05943690191
-0.06143317362
-0.06359791012
-0.06590470804
-0.0683235107
-0.07082040691
-0.07335746262
-0.07589275794
-0.0783803887
-0.08077047565
-0.08300926736
-0.08503932175
-0.08679975655
-0.08822662124
-0.08925341828
-0.08981168671
-0.0898314344
-0.08924372521
-0.0879814079
-0.0859777514
-0.08317033036
-0.07950319727
-0.07492864676
-0.06940979466
-0.0629253375
-0.05547386846
-0.04707976098
-0.0378005902
-0.02773633637
-0.0170404655
-0.005932414554
0.005290621253
0.01624556859
0.02646583629
0.03542136007
0.04256204816
0.04739079355
0.04956725092
0.04889828738
0.04501863965
0.0393524819
-0.05789836445
-0.05968591488
-0.06111773398
-0.06184244722
-0.06199844468
-0.061666076
-0.06093698566
-0.05991997771
-0.05872530713
-0.05745547174
-0.05620056152
-0.05503616761
-0.05402313131
-0.05320846773
-0.05262689902
-0.05230260175
-0.05225091147
-0.05247983742
-0.05299132425
-0.05378224285
-0.05484511063
-0.05616856658
-0.05773776249
-0.05953450013
-0.06153724599
-0.06372101328
-0.06605715719
-0.06851342099
-0.0710538434
-0.07363854429
-0.07622365596
-0.07876129736
-0.08119957591
-0.08348266437
-0.08555095518
-0.0873412985
-0.08878735077
-0.08982005643
-0.090368224
-0.09035899802
-0.08971951415
-0.0883795557
-0.08626837583
-0.08331942504
-0.07947149431
-0.07467148438
-0.06887703084
-0.06206079621
-0.05421471781
-0.04535411941
-0.03552613476
-0.0248195447
-0.01337578541
-0.001403294201
0.01080812649
0.02287374567
0.03430908068
0.04454176839
0.05294916037
0.05893323834
0.06203981214
0.06196608003
0.05823314974
0.05236882365
-0.06212846403
-0.06424573388
-0.06586594632
-0.06656221305
-0.06652887006
-0.06588711856
-0.06476673183
-0.06331208046
-0.06166302761
-0.05994474595
-0.0582634754
-0.05670537641
-0.05533740541
-0.05420933636
-0.05335624839
-0.05280104957
-0.05255677551
-0.05262853355
-0.05301506157
-0.05370993162
-0.05470242693
-0.05597816055
-0.05751945174
-0.05930528284
-0.06131129626
-0.06350990476
-0.06587014137
-0.06835751346
-0.07093385883
-0.07355717851
-0.07618153115
-0.0787569646
-0.08122949379
-0.08354114808
-0.08563009554
-0.08743085487
-0.08887461256
-0.08988966645
-0.09040198905
-0.09033573161
-0.08961413589
-0.08816359035
-0.08590910443
-0.08277980296
-0.07870964054
-0.07364002703
-0.0675225727
-0.06032254015
-0.05202329898
-0.04263151256
-0.03218662177
-0.02076602925
-0.008496803562
0.004425126524
0.0177202866
0.03100620148
0.04378562903
0.0554486253
0.06530052104
0.07263431538
0.07686266433
0.07754279867
0.07404170081
0.06799070168
-0.06694699374
-0.06947369923
-0.07130258793
-0.07191520182
-0.07159363539
-0.07052183174
-0.06888373961
-0.06687060972
-0.06465872235
-0.06239916295
-0.06021507349
-0.05820237237
-0.05643245707
-0.0549558129
-0.05380576552
-0.05300196597
-0.05255337345
-0.05246065347
-0.05271803068
-0.05331482954
-0.05423639818
-0.05546461326
-0.0569781229
-0.05875252597
-0.06076049352
-0.06297166219
-0.06535248321
-0.06786604419
-0.07047187812
-0.07312577792
-0.07577965208
-0.07838142032
-0.08087496046
-0.08320012188
-0.08529281574
-0.08708519249
-0.08850592103
-0.08948058959
-0.08993223919
-0.08978188308
-0.08894899364
-0.0873560307
-0.08492357362
-0.08157599187
-0.07724192472
-0.07185678262
-0.06536551112
-0.05772591007
-0.04891280455
-0.03892318419
-0.02778332546
-0.0155574001
-0.002363198614
0.01161829315
0.0261231729
0.04077565148
0.0550702613
0.06836395657
0.07989072342
0.08882609706
0.09442735477
0.09607343382
0.09292026071
0.08669915983
-0.07259341209
-0.07561942345
-0.07766066538
-0.07809106766
-0.07733059808
-0.07565827126
-0.07333364622
-0.07060829444
-0.06770171297
-0.06479297305
-0.06202125246
-0.05948976167
-0.05727119002
-0.05541347767
-0.05394514595
-0.05287989976
-0.05222034917
-0.05196086716
-0.0520898277
-0.05259125835
-0.05344549299
-0.05462968331
-0.05611834794
-0.05788344118
-0.05989433926
-0.06211768953
-0.06451720568
-0.06705343997
-0.06968354893
-0.07236107045
-0.07503573623
-0.07765332807
-0.08015558784
-0.08248019312
-0.08456080851
-0.08632722306
-0.08770558568
-0.08861875688
-0.08898679323
-0.08872745727
-0.08775658421
-0.08599213745
-0.08335018499
-0.07974981206
-0.07511377319
-0.06937074272
-0.0624579984
-0.05432458216
-0.04493524538
-0.0342754675
-0.02235819331
-0.009232593151
0.005003063505
0.02018468906
0.03605997891
0.05226823265
0.06830327865
0.08349383146
0.09700240887
0.1078770999
0.1151930838
0.1181011523
0.1154642324
0.1091031196
-0.07942588
-0.08304258135
-0.08526219803
-0.08533896429
-0.08390977422
-0.08139557889
-0.07815900518
-0.07452658948
-0.07076636618
-0.06708484035
-0.06363353983
-0.06051796156
-0.05780686196
-0.05554079653
-0.05373926139
-0.05240651893
-0.05153614526
-0.05111417518
-0.05112158784
-0.05153557556
-0.05233029909
-0.05347771145
-0.05494777469
-0.05670846172
-0.05872562517
-0.06096277264
-0.06338079247
-0.06593766035
-0.06858814865
-0.07128355524
-0.07397146924
-0.07659558366
-0.07909556411
-0.08140698297
-0.08346132818
-0.08518609573
-0.08650497618
-0.08733815079
-0.0876027139
-0.08721314508
-0.08608164293
-0.08412148062
-0.08124398189
-0.07736246697
-0.072393198
-0.06625724467
-0.0588829965
-0.05020908413
-0.04018803311
-0.02879099129
-0.01601409925
-0.001887153288
0.013513896
0.030049739
0.04749399565
0.0654972833
0.08356281006
0.1010021574
0.1169072974
0.1301859579
0.1396976516
0.1442983958
0.1424376203
0.1360003723
-0.08799183536
-0.09226763541
-0.09455250343
-0.09398159872
-0.09153284483
-0.08783504223
-0.08338661925
-0.07860234411
-0.07379979529
-0.06920732772
-0.06498053397
-0.06121845079
-0.05797784391
-0.05528505777
-0.05314496511
-0.05154822663
-0.05047627312
-0.04990442803
-0.04980413604
-0.05014436858
-0.05089249303
-0.05201469391
-0.0534760137
-0.05524020862
-0.05726948635
-0.05952417066
-0.06196233327
-0.06453942079
-0.06720789693
-0.06991691463
-0.07261203068
-0.07523497183
-0.07772345937
-0.08001109981
-0.08202734862
-0.08369755468
-0.08494309351
-0.08568160185
-0.08582732803
-0.08529154155
-0.08398281998
-0.08180982644
-0.07867883158
-0.07449709411
-0.06917380218
-0.06262152806
-0.05475844562
-0.04551088221
-0.03481652032
-0.02262860844
-0.008921733274
0.006300006695
0.02299091277
0.04104593318
0.0602745394
0.08036246215
0.1008268675
0.1209714231
0.1398319493
0.1561631552
0.1685652686
0.1755087873
0.1748494466
0.1684802217
-0.09915012668
-0.1040690583
-0.1061451436
-0.1044259205
-0.1004221584
-0.09505846442
-0.08900281277
-0.08276428396
-0.07670155873
-0.07105039112
-0.06595499341
-0.06149386719
-0.05770002469
-0.05457654473
-0.05210687111
-0.05026313242
-0.04901087676
-0.04831168365
-0.04812582103
-0.04841312563
-0.04913349064
-0.05024692895
-0.05171336625
-0.05349228439
-0.05554228155
-0.0578205937
-0.06028261121
-0.06288141301
-0.06556733323
-0.06828757091
-0.07098585104
-0.07360214253
-0.07607243838
-0.0783286024
-0.08029828763
-0.08190493131
-0.08306783248
-0.08370232055
-0.08372002596
-0.0830292081
-0.08153497277
-0.07914156258
-0.07575008254
-0.07126162453
-0.06557786884
-0.0586021275
-0.05024111217
-0.04040692783
-0.02901958043
-0.01601034952
-0.001326563052
0.01506130205
0.03314857936
0.05287903213
0.07411750071
0.09660774252
0.1199132524
0.1433453122
0.1659007081
0.1861900915
0.2025027191
0.2127984782
0.2140689446
0.2080973084
-0.114287756
-0.1196038884
-0.1208746024
-0.117158831
-0.1107859779
-0.1030823255
-0.0949080177
-0.08685351794
-0.07929184852
-0.07243690288
-0.06639551635
-0.06120448729
-0.05685735586
-0.05332232691
-0.05055335805
-0.04849794877
-0.04710152863
-0.04630999536
-0.0460710871
-0.04633474587
-0.04705301636
-0.04817964995
-0.04966954023
-0.05147808267
-0.05356051295
-0.055871258
-0.058363321
-0.06098771359
-0.06369294228
-0.06642455414
-0.06912474424
-0.07173202756
-0.07418097636
-0.07640202543
-0.07832134689
-0.07986079732
-0.08093793934
-0.08146614291
-0.08135477144
-0.08050941496
-0.07883202019
-0.076222745
-0.07257768109
-0.06779190591
-0.06175943329
-0.05437385858
-0.0455295089
-0.03512265125
-0.02305299896
-0.00922581314
0.006444920539
0.02403132615
0.04358280999
0.06511073851
0.08856200375
0.1137746508
0.1404076791
0.1678389633
0.1950479716
0.2205373165
0.2422599967
0.2574966673
0.2619769945
0.257148802
-0.1357258263
-0.1406190249
-0.1398397148
-0.1326988147
-0.1227330994
-0.1117675986
-0.1008376425
-0.09056050783
-0.08126420978
-0.07308838694
-0.0660626296
-0.06015309282
-0.05529282505
-0.05140104095
-0.0483924109
-0.04618445137
-0.04469963481
-0.04386646101
-0.04361945431
-0.04389852838
-0.04464808593
-0.0458160132
-0.04735265847
-0.04920985042
-0.05133998335
-0.05369518122
-0.05622654423
-0.05888347761
-0.06161309993
-0.0643597284
-0.06706443778
-0.06966469112
-0.07209403992
-0.07428189288
-0.07615335197
-0.07762911567
-0.07862544815
-0.07905421502
-0.07882298488
-0.07783516034
-0.07599002813
-0.07318412961
-0.06930906342
-0.06425432357
-0.05790649491
-0.05014948907
-0.04086492243
-0.02993231351
-0.01722926022
-0.002631770427
0.0139849148
0.03274424538
0.05376348916
0.07714312435
0.1029451715
0.131151515
0.1615888977
0.1938030972
0.2268717208
0.2592129079
0.2885120423
0.3112040203
0.3212064092
0.3191871149
-0.1675509412
-0.1697839841
-0.1643940539
-0.1514453119
-0.1360902614
-0.1206542987
-0.10623134
-0.09332946854
-0.0821196591
-0.07258514616
-0.06461839444
-0.05807599519
-0.05280484307
-0.04866057135
-0.04551157169
-0.04324134546
-0.04174789605
-0.04094215289
-0.04074600929
-0.04109028468
-0.04191280471
-0.04315666304
-0.04476868089
-0.04669805752
-0.04889519661
-0.05131068696
-0.0538944202
-0.05659482693
-0.05935821913
-0.06212822551
-0.06484531315
-0.06744638601
-0.06986445752
-0.07202839039
-0.07386270248
-0.07528743272
-0.07621806545
-0.07656550648
-0.07623610592
-0.07513168624
-0.07314956178
-0.07018320653
-0.06612072758
-0.06084670636
-0.05424103044
-0.04617861565
-0.03652890322
-0.0251548849
-0.01191167802
0.003355379028
0.02081303303
0.0406424324
0.06304037855
0.08821705171
0.1163850205
0.1477294162
0.1823412216
0.2200836787
0.2603495446
0.3016999875
0.3416272937
0.3757927653
0.3957238909
0.4003448847
-0.2171219257
-0.2111349633
-0.1959995551
-0.1733538762
-0.1500761024
-0.1286984614
-0.1100465061
-0.09424709889
-0.0811146468
-0.07034916541
-0.06162603938
-0.05464797534
-0.04915543966
-0.04492978345
-0.04178920562
-0.03958334077
-0.03818752486
-0.03749758614
-0.03742538856
-0.03789511472
-0.0388402126
-0.0402008981
-0.04192210838
-0.04395181684
-0.04623963644
-0.04873565377
-0.05138944906
-0.05414926859
-0.05696132359
-0.05976919675
-0.06251334177
-0.06513066554
-0.06755418411
-0.06971274627
-0.07153081828
-0.07292832412
-0.07382053393
-0.07411799272
-0.07372647515
-0.0725469201
-0.07047543892
-0.06740329934
-0.06321627832
-0.05779505101
-0.05101407234
-0.0427407007
-0.03283379754
-0.02114154723
-0.007498309872
0.00827979082
0.02640087201
0.04710512276
0.07067434229
0.097442086
0.1278009449
0.1621982645
0.2011010223
0.2448899324
0.293609362
0.3464937435
0.4012968435
0.4531451286
0.4910879725
0.5110476698
-0.2966041801
-0.2700300759
-0.2354522591
-0.1971442586
-0.1626910507
-0.1338971247
-0.1105860852
-0.09200041986
-0.0772831445
-0.06568763263
-0.0566008206
-0.04953770599
-0.04412125104
-0.04006002239
-0.0371278419
-0.03514767129
-0.03397916626
-0.03350922421
-0.03364487223
-0.03430791171
-0.0354308555
-0.03695381516
-0.0388220817
-0.04098422025
-0.04339054363
-0.04599187477
-0.04873852697
-0.05157945848
-0.05446156259
-0.05732907357
-0.06012306562
-0.062781037
-0.06523656403
-0.06741902218
-0.06925336155
-0.07065993432
-0.07155435976
-0.07184742116
-0.07144496922
-0.07024777729
-0.06815154569
-0.06504650866
-0.06081715792
-0.05534165579
-0.04849076831
-0.04012645502
-0.03009969716
-0.01824725528
-0.004386938548
0.01168921796
0.03022470814
0.05151233888
0.07591339738
0.1038835577
0.1360060399
0.1730292756
0.2158968733
0.2657330193
0.3236953083
0.3905394635
0.4655504998
0.5437076788
0.6114099084
0.6621015908
-0.4309605764
-0.352234933
-0.2789611231
-0.2173325417
-0.1689888609
-0.1324259799
-0.1051604002
-0.08477943414
-0.06944122331
-0.05784714215
-0.04907194491
-0.04245510032
-0.03752589067
-0.03394519091
-0.03146418605
-0.02989672663
-0.02910046445
-0.02896379465
-0.02939678502
-0.03032479397
-0.03168389416
-0.03341752071
-0.03547396435
-0.03780445121
-0.04036164104
-0.04309842549
-0.04596695189
-0.04891781543
-0.05189938715
-0.05485724795
-0.05773371518
-0.06046744431
-0.06299310049
-0.06524108731
-0.06713732986
-0.06860309912
-0.06955487289
-0.06990421533
-0.06955765505
-0.06841647873
-0.06637678582
-0.06332898047
-0.05915728362
-0.05373898339
-0.04694328154
-0.03862952383
-0.02864454707
-0.01681873627
-0.002960207897
0.01315376219
0.03178938586
0.05327509648
0.07802941933
0.106602558
0.1397382735
0.1784645288
0.2242202669
0.2790128213
0.3455612894
0.4272659098
0.5271640121
0.6431419035
0.7611739208
0.8730268243
-0.729188901
-0.4680626378
-0.3081784007
-0.2177598704
-0.1574697504
-0.1164160984
-0.08868981674
-0.06939097029
-0.05555934026
-0.04550308638
-0.03814037469
-0.03275645293
-0.02887964484
-0.02619011918
-0.02446298285
-0.02353508667
-0.02328425293
-0.02361575711
-0.02445347855
-0.0257339797
-0.0274024123
-0.02940959693
-0.03170987506
-0.03425947882
-0.03701525674
-0.03993365093
-0.04296985857
-0.04607713238
-0.04920619107
-0.05230471919
-0.05531694315
-0.05818327328
-0.06084000498
-0.0632190723
-0.06524784819
-0.06684898372
-0.06794027752
-0.06843456087
-0.06823956764
-0.06725784327
-0.06538665506
-0.06251748761
-0.05853555273
-0.0533190789
-0.04673813477
-0.03865281933
-0.02891055967
-0.0173420858
-0.003755444573
0.01207292675
0.03041161557
0.05159465449
0.07605314136
0.1043652203
0.1373368778
0.1761353768
0.222512978
0.2791847552
0.3504688172
0.4432758817
0.5677808984
0.7366265564
0.9720145067
1.299231375
-1.42355662
-0.6440682334
-0.327661841
-0.2080210258
-0.1353848787
-0.09080457559
-0.0648750906
-0.0486869059
-0.03785911238
-0.0304150007
-0.02522168083
-0.02159687962
-0.01913838052
-0.01759678394
-0.0168062237
-0.01665032739
-0.01704310948
-0.01791752664
-0.01921861191
-0.02089919374
-0.02291705785
-0.02523296196
-0.02780917582
-0.03060835521
-0.03359263656
-0.03672288577
-0.03995805998
-0.04325465767
-0.04656624073
-0.04984301921
-0.05303149159
-0.05607413706
-0.05890915544
-0.06147025258
-0.0636864665
-0.06548203004
-0.0667762617
-0.06748347348
-0.06751289546
-0.06676860994
-0.06514937083
-0.06254827787
-0.05885238432
-0.05394205389
-0.04768992346
-0.03995931259
-0.03060183285
-0.01945381491
-0.006330979081
0.008979545268
0.02673130836
0.0472372097
0.07089914602
0.09825682968
0.130071762
0.167478844
0.2122736481
0.2674841879
0.3385781882
0.4360164516
0.5795838683
0.808648099
1.247973585
2.168428413
)
;

boundaryField
{
    movingWall
    {
        type            zeroGradient;
    }
    fixedWalls
    {
        type            zeroGradient;
    }
    frontAndBack
    {
        type            empty;
    }
}


// ************************************************************************* //
