/*--------------------------------*- C++ -*----------------------------------*\
  =========                 |
  \\      /  F ield         | OpenFOAM: The Open Source CFD Toolbox
   \\    /   O peration     | Website:  https://openfoam.org
    \\  /    A nd           | Version:  11
     \\/     M anipulation  |
\*---------------------------------------------------------------------------*/
FoamFile
{
    format      ascii;
    class       volScalarField;
    location    "1300";
    object      p;
}
// * * * * * * * * * * * * * * * * * * * * * * * * * * * * * * * * * * * * * //

dimensions      [0 2 -2 0 0 0 0];

internalField   nonuniform List<scalar> 
4096
(
6.399635615e-10
-3.457613132e-05
-0.0001479921653
-0.0003329184535
-0.0005640887563
-0.0008207350549
-0.001086105794
-0.001346869585
-0.001592793367
-0.001816244759
-0.002011665455
-0.002175102748
-0.002303814307
-0.002395945309
-0.002450272974
-0.002466011839
-0.002442672602
-0.002379967511
-0.002277755535
-0.002136020934
-0.001954879161
-0.001734604415
-0.001475673473
-0.001178820787
-0.0008451001334
-0.0004759483886
-7.324731154e-05
0.0003606205426
0.0008227253681
0.001309556422
0.001817004073
0.002340360209
0.002874339751
0.003413123805
0.003950423834
0.004479570667
0.004993626946
0.005485519698
0.005948191197
0.006374764585
0.006758719775
0.00709407436
0.007375563673
0.007598813759
0.00776050101
0.00785849249
0.007891961666
0.007861475344
0.007769048962
0.007618169114
0.00741378401
0.007162264526
0.006871340214
0.006550015989
0.006208475634
0.005857976872
0.005510736637
0.005179798528
0.004878844879
0.004621826012
0.004422216176
0.004292244539
0.004241243197
0.004252561011
3.422629377e-05
-5.587557681e-07
-9.960185683e-05
-0.0002585683791
-0.0004570339801
-0.0006781142381
-0.0009079328982
-0.001135080018
-0.001350485482
-0.001547148781
-0.001719790642
-0.001864512761
-0.001978493254
-0.002059726714
-0.00210681139
-0.002118782333
-0.002094987295
-0.00203500115
-0.001938574151
-0.001805609167
-0.001636163054
-0.001430467414
-0.001188964164
-0.0009123515395
-0.0006016363485
-0.000258188515
0.0001162058297
0.0005192962518
0.0009483282257
0.001400014714
0.001870521857
0.002355471227
0.002849961639
0.003348610353
0.003845612705
0.004334825284
0.004809870557
0.005264259507
0.005691530956
0.006085404281
0.006439941321
0.0067497126
0.007009962387
0.007216766838
0.007367179369
0.00745935773
0.007492667849
0.007467760475
0.007386617897
0.007252569482
0.007070276367
0.006845687192
0.006585968093
0.006299410931
0.005995323599
0.005683904305
0.005376098121
0.005083425113
0.004817751014
0.004590900436
0.0044140372
0.004297624541
0.004251882862
0.004263636425
0.0001482217385
9.785455149e-05
-2.27457264e-06
-0.0001479442046
-0.0003243812658
-0.0005187503162
-0.0007200750986
-0.0009190301548
-0.001107957752
-0.001280757632
-0.001432684363
-0.001560120344
-0.001660355632
-0.001731389677
-0.00177176265
-0.001780419331
-0.001756605518
-0.001699795141
-0.001609645225
-0.00148597531
-0.001328767602
-0.00113818408
-0.0009145967399
-0.0006586272519
-0.0003711924186
-5.35519271e-05
0.0002926449506
0.000665316916
0.001061915501
0.001479400066
0.001914225485
0.002362344863
0.002819230415
0.003279911921
0.003739031834
0.004190922953
0.004629705801
0.005049402621
0.005444067029
0.0058079262
0.00613553161
0.006421913713
0.006662735361
0.006854438448
0.006994378204
0.007080939776
0.007113632357
0.007093156934
0.007021444912
0.006901666186
0.006738206656
0.006536616507
0.006303531707
0.006046571695
0.005774216035
0.00549566119
0.005220655803
0.004959309634
0.004721859576
0.004518320184
0.00435800715
0.004250015834
0.004205292448
0.004213527724
0.0003363164726
0.0002574647503
0.0001406615829
-7.049070829e-06
-0.0001764166172
-0.0003578875619
-0.0005428681512
-0.0007239503544
-0.0008949325024
-0.001050769139
-0.001187453773
-0.001301866871
-0.001391616979
-0.001454891298
-0.001490324884
-0.001496893101
-0.001473828954
-0.00142056493
-0.001336697746
-0.001221973624
-0.001076291285
-0.000899719622
-0.0006925268937
-0.0004552182851
-0.0001885786918
0.000106282351
0.0004278866014
0.0007743468316
0.001143333154
0.001532048637
0.00193721666
0.00235508229
0.002781430929
0.003211623764
0.00364064817
0.004063190947
0.004473730344
0.004866644162
0.005236333283
0.005577357595
0.005884580453
0.006153317155
0.00637948229
0.006559730473
0.006691584834
0.006773547891
0.006805189912
0.006787210734
0.006721472111
0.006610998965
0.006459949314
0.006273553994
0.006058028412
0.005820459337
0.005568669802
0.00531106452
0.005056456929
0.004813879047
0.004592369826
0.004400693623
0.004247011774
0.004139518334
0.004088612368
0.004086206507
0.000574929417
0.0004589927412
0.000315266856
0.0001555501447
-1.642545783e-05
-0.000194016386
-0.0003707168976
-0.0005409126557
-0.0006998518506
-0.0008436107102
-0.0009690297656
-0.00107361287
-0.001155413003
-0.001212921147
-0.001244967184
-0.001250637834
-0.001229213954
-0.001180127606
-0.001102938036
-0.0009973249265
-0.0008630967368
-0.0007002117041
-0.0005088088776
-0.0002892465091
-4.214507868e-05
0.0002315677616
0.000530613036
0.00085331977
0.001197590442
0.001560875135
0.001940156796
0.002331949913
0.002732315661
0.003136894119
0.003540950147
0.00393944265
0.004327112416
0.004698586147
0.005048496229
0.005371613288
0.005662987699
0.005918095519
0.00613298361
0.006304408335
0.006429962002
0.006508181431
0.006538633495
0.006521973325
0.006459971994
0.006355511836
0.006212549038
0.006036044596
0.005831866068
0.00560666353
0.00536772381
0.005122807049
0.004879969603
0.004647378401
0.004433119408
0.004244973681
0.004090196721
0.003976025826
0.003911121975
0.003890211743
0.0008442462617
0.00068598832
0.0005087660862
0.0003301448633
0.0001485887571
-3.183903719e-05
-0.0002064715164
-0.0003713491515
-0.0005231152949
-0.0006589728373
-0.0007766532483
-0.0008743493111
-0.0009506324395
-0.001004370518
-0.001034654315
-0.001040737151
-0.001021990233
-0.0009778743566
-0.0009079275285
-0.0008117672705
-0.0006891058954
-0.0005397767422
-0.0003637691779
-0.0001612700663
6.729066349e-05
0.0003211927679
0.0005993792217
0.0009004130314
0.001222439852
0.001563158921
0.001919804757
0.002289141958
0.002667475674
0.003050680499
0.003434241992
0.003813322216
0.004182844358
0.00453759407
0.004872337371
0.005181952113
0.005461569208
0.005706718945
0.005913477023
0.006078604405
0.006199674856
0.00627518416
0.006304635497
0.006288596274
0.006228722908
0.006127751484
0.005989453828
0.005818560185
0.005620651267
0.005402023789
0.005169534611
0.004930429262
0.004692161059
0.004462207969
0.004247892696
0.004056199836
0.003893632072
0.00376643652
0.003680932061
0.003635260059
0.001127393899
0.0009240571705
0.0007093301595
0.000507044585
0.0003107887783
0.0001223708126
-5.514792222e-05
-0.0002193126329
-0.0003680779254
-0.0004997397544
-0.0006129224476
-0.0007065322615
-0.0007796958369
-0.0008316991345
-0.0008619336991
-0.0008698542273
-0.0008549495901
-0.0008167279982
-0.0007547159707
-0.0006684700977
-0.0005576001568
-0.0004218018706
-0.0002608974237
-7.488173686e-05
0.0001360275931
0.0003713388703
0.0006302356657
0.0009115293347
0.001213617132
0.001534448426
0.00187150155
0.002221773717
0.002581785723
0.002947607494
0.003314895207
0.003678953168
0.004034815989
0.004377348346
0.004701362471
0.005001750405
0.005273627108
0.00551247964
0.005714316781
0.00587581284
0.005994439136
0.006068576641
0.006097603803
0.006081954366
0.006023141289
0.005923744434
0.005787361442
0.005618523159
0.00542257677
0.005205541514
0.004973943204
0.004734634789
0.004494610911
0.004260824258
0.004040009949
0.003838532014
0.003662300864
0.003516654295
0.003405413137
0.003330587391
0.001409721377
0.001160230685
0.000905830542
0.0006768087536
0.0004622777035
0.0002620746516
7.785744488e-05
-8.928070356e-05
-0.0002385115938
-0.0003691696626
-0.0004807470409
-0.0005728589521
-0.0006451957544
-0.0006974769061
-0.0007294124234
-0.0007406749495
-0.0007308841515
-0.0006996039285
-0.0006463520542
-0.0005706213175
-0.0004719108677
-0.0003497662528
-0.0002038264857
-3.387636054e-05
0.0001600978638
0.0003778514171
0.0006188247412
0.0008820902614
0.001166304614
0.001469668859
0.001789899386
0.002124212011
0.002469319865
0.002821455464
0.00317640334
0.003529558034
0.003876004369
0.004210616329
0.004528175222
0.004823504118
0.005091614583
0.005327860753
0.00552809482
0.005688817311
0.005807315116
0.005881780265
0.005911402836
0.005896432313
0.005838202997
0.005739120804
0.005602610776
0.005433026725
0.005235526651
0.005015919477
0.00478049039
0.0045358133
0.004288559733
0.00404531196
0.003812386495
0.003595702905
0.00340075663
0.003232136681
0.00309126345
0.002984335844
0.001678494222
0.00138285212
0.001087884669
0.0008303258922
0.0005951619739
0.0003804891535
0.0001867268022
1.373311133e-05
-0.00013878843
-0.0002711472464
-0.0003836625804
-0.0004766349417
-0.0005503066636
-0.0006048265998
-0.000640223273
-0.0006563887141
-0.000653074206
-0.0006298981407
-0.0005863654899
-0.0005218979444
-0.0004358735081
-0.0003276741574
-0.0001967400618
-4.2628752e-05
0.0001349224925
0.0003359329061
0.0005601151932
0.0008068154048
0.001074958147
0.001362999711
0.001668892041
0.001990060187
0.002323392286
0.0026652578
0.003011535572
0.003357667376
0.003698736494
0.004029566069
0.004344838573
0.004639233418
0.004907578628
0.005145011453
0.005347141712
0.005510210787
0.005631238742
0.005708151902
0.005739883657
0.005726442149
0.005668939891
0.005569582224
0.005431613711
0.00525922398
0.005057416947
0.004831849682
0.004588649072
0.004334216017
0.004075027554
0.003817444551
0.00356753077
0.003330939816
0.003112941602
0.002917579114
0.002744088015
0.002603064083
0.001922505863
0.001581394777
0.001245830926
0.0009588618117
0.0007016336323
0.0004706780408
0.0002653046341
8.424273088e-05
-7.384454775e-05
-0.0002101771105
-0.0003258532032
-0.0004218235433
-0.0004988573118
-0.0005575148184
-0.0005981299425
-0.0006208037364
-0.0006254099091
-0.0006116121079
-0.0005788923536
-0.0005265896515
-0.0004539476025
-0.0003601697189
-0.0002444810593
-0.0001061947005
5.521856298e-05
0.000240059064
0.0004483276314
0.0006796576945
0.0009332525577
0.00120783052
0.001501581008
0.001812134564
0.002136543891
0.002471297388
0.002812342722
0.003155134875
0.003494712985
0.003825798048
0.004142913955
0.004440528816
0.004713212511
0.004955805165
0.005163590056
0.005332463474
0.005459093396
0.00554105868
0.005576960789
0.005566500949
0.005510517128
0.005410977175
0.005270926885
0.005094394424
0.0048862553
0.004652064662
0.004397865925
0.004129986497
0.003854832076
0.003578686911
0.003307525617
0.003046915161
0.002802094115
0.002576776447
0.002368263643
0.002191684393
0.002131714008
0.001746249263
0.001370648489
0.001054067333
0.0007740400114
0.0005256637156
0.0003072343684
0.0001164378489
-4.902992169e-05
-0.0001912385158
-0.000312015179
-0.0004129200368
-0.0004952159564
-0.000559847652
-0.0006074319713
-0.000638259941
-0.0006523108264
-0.0006492778544
-0.000628604827
-0.0005895326196
-0.0005311544261
-0.0004524785419
-0.0003524974067
-0.0002302615367
-8.495684303e-05
8.401635814e-05
0.0002769645769
0.0004938248335
0.0007340932684
0.0009967614446
0.001280263796
0.001582439327
0.001900502739
0.002231051704
0.002570086321
0.002913050052
0.003254904406
0.003590225497
0.003913326415
0.004218402428
0.00449969494
0.004751668839
0.004969196492
0.005147740479
0.005283526377
0.005373696537
0.005416436068
0.005411063057
0.005358076566
0.005259158047
0.005117124409
0.004935833933
0.004720049286
0.004475264824
0.004207507871
0.003923125736
0.00362857095
0.003330191967
0.003034034867
0.002745757149
0.002470758211
0.002212636039
0.001966997788
0.00175361035
0.002296960203
0.001868542614
0.001453872058
0.001107964109
0.0008049230797
0.0005385049312
0.0003060609048
0.0001043001341
-6.998722465e-05
-0.0002196655764
-0.0003472426546
-0.0004548453759
-0.0005441930837
-0.0006165824884
-0.0006728851037
-0.0007135569897
-0.0007386606282
-0.000747898355
-0.0007406564805
-0.0007160590915
-0.0006730304578
-0.0006103649344
-0.0005268031938
-0.000421113539
-0.0002921768936
-0.0001390738557
3.882807689e-05
0.0002417893191
0.0004696175658
0.0007215945631
0.0009964140246
0.001292134195
0.001606138218
0.00193513253
0.002275163185
0.002621647253
0.002969444655
0.003312952563
0.003646228443
0.003963138816
0.004257529779
0.004523413907
0.004755166641
0.004947723862
0.00509677138
0.005198916533
0.00525183215
0.005254363941
0.005206593793
0.005109853712
0.004966687868
0.004780763475
0.004556734591
0.004300066252
0.00401682917
0.003713477647
0.003396624223
0.003072818223
0.002748333854
0.002429091866
0.002120838527
0.001827255583
0.001542461275
0.001290972281
0.002409767622
0.001940000281
0.001487519448
0.001112925932
0.0007870438206
0.0005023537843
0.0002553103068
4.16969165e-05
-0.000142551317
-0.0003010454598
-0.0004369285268
-0.0005528523039
-0.0006509541873
-0.0007328479897
-0.0007996283757
-0.0008518879936
-0.0008897467371
-0.0009128923723
-0.0009206316095
-0.000911950649
-0.0008855842238
-0.0008400921526
-0.0007739423823
-0.0006855994015
-0.0005736167438
-0.0004367320585
-0.000273962914
-8.470113636e-05
0.0001311968636
0.0003733266874
0.0006406634625
0.0009315043652
0.001243417651
0.001573228154
0.001917032367
0.002270216853
0.002627526262
0.00298315405
0.003330864986
0.003664146684
0.003976386379
0.004261067723
0.004511980624
0.004723435538
0.004890472366
0.005009053362
0.005076229268
0.005090268573
0.005050741121
0.004958549604
0.004815905341
0.004626248276
0.004394114861
0.004124961167
0.003824951855
0.003500728425
0.003159171302
0.002807162979
0.002451358068
0.002098107905
0.001753684235
0.001422035647
0.001095952155
0.0008048482561
0.002462203135
0.001952848221
0.001464037738
0.001061664567
0.0007134021641
0.0004105031565
0.0001485578715
-7.753660699e-05
-0.0002726585951
-0.0004411239652
-0.0005866698441
-0.0007124331306
-0.0008209315531
-0.0009140607613
-0.0009931059605
-0.001058766423
-0.00111119194
-0.00115003029
-0.001174484798
-0.001183381092
-0.00117524221
-0.001148371245
-0.001100940684
-0.001031087469
-0.0009370126747
-0.0008170843808
-0.0006699419989
-0.0004945998912
-0.00029054773
-5.784466149e-05
0.0002027968914
0.00048994273
0.0008013744144
0.001134056036
0.001484151312
0.001847024147
0.002217301705
0.002588959312
0.002955440666
0.003309810771
0.003644938145
0.003953701415
0.004229213361
0.004465053668
0.004655499993
0.004795745941
0.004882094061
0.004912112356
0.004884744056
0.004800362609
0.004660766891
0.004469115342
0.004229801912
0.003948280769
0.00363085056
0.003284412269
0.002916216323
0.002533606247
0.002143765162
0.001753637348
0.001370192063
0.0009978118865
0.000628071937
0.000295490093
0.002446790372
0.001899750222
0.001376269398
0.0009472244045
0.0005772578676
0.0002564300595
-2.051053427e-05
-0.0002595226292
-0.0004662631307
-0.0006457162836
-0.0008021762356
-0.0009392281471
-0.001059734278
-0.001165837978
-0.001258982903
-0.001339945071
-0.001408876439
-0.001465358966
-0.001508468244
-0.00153684593
-0.001548780317
-0.001542294425
-0.001515240982
-0.001465403558
-0.001390602897
-0.001288807206
-0.001158244792
-0.0009975169468
-0.0008057085682
-0.0005824936155
-0.000328231186
-4.404611365e-05
0.0002680974368
0.0006053361064
0.0009639315603
0.001339246372
0.001725801047
0.002117350361
0.002506998818
0.00288735296
0.003250707582
0.003589261451
0.003895355926
0.004161727643
0.004381764512
0.00454975277
0.004661102
0.004712535044
0.004702230734
0.00462990945
0.004496854578
0.004305866917
0.004061153582
0.003768157612
0.003433338837
0.003063920591
0.002667618945
0.002252361989
0.001826006067
0.00139624727
0.0009709202279
0.000554995609
0.0001389011127
-0.0002374629583
0.002356462787
0.001773774734
0.001217437436
0.0007629876465
0.0003721553872
3.383840544e-05
-0.0002580404512
-0.0005102704811
-0.0007292572366
-0.0009206211968
-0.001089180164
-0.001238933876
-0.001373055962
-0.001493905482
-0.001603054185
-0.001701326309
-0.001788849284
-0.001865114169
-0.001929044955
-0.001979076116
-0.002013237981
-0.002029249535
-0.0020246183
-0.00199674679
-0.001943044837
-0.001861046758
-0.001748531909
-0.001603646693
-0.001425025563
-0.001211908211
-0.0009642488849
-0.0006828103499
-0.0003692478808
-2.620460238e-05
0.0003427251395
0.0007329392213
0.001138877395
0.001554085591
0.001971323444
0.002382713194
0.002779927689
0.00315441389
0.003497645826
0.003801398322
0.004058030515
0.004260766137
0.004403956196
0.00448330922
0.004496074821
0.004441168145
0.004319225832
0.004132588185
0.003885207191
0.003582485258
0.003231054624
0.002838512263
0.00241312803
0.001963533865
0.001498401826
0.001026337413
0.0005562077041
9.371678835e-05
-0.0003718300825
-0.0007947854353
0.002184547447
0.001568385871
0.0009811474801
0.0005026901002
9.195421972e-05
-0.0002632965752
-0.0005699516398
-0.0008356084668
-0.00106739432
-0.001271536921
-0.001453347553
-0.001617209987
-0.001766579074
-0.001904000437
-0.00203114616
-0.002148862531
-0.00225722784
-0.002355618949
-0.002442785821
-0.002516933607
-0.002575812064
-0.002616812252
-0.002637070432
-0.002633578975
-0.002603303856
-0.002543307981
-0.00245087913
-0.002323660774
-0.00215978345
-0.001957994021
-0.001717779093
-0.001439474049
-0.001124357927
-0.0007747850751
-0.0003941465742
1.304519631e-05
0.0004411927704
0.0008836617715
0.00133287661
0.001780462313
0.002217431195
0.00263441192
0.003021915747
0.00337063181
0.003671740387
0.003917230546
0.004100206496
0.004215165862
0.004258233104
0.00422733269
0.004122289469
0.003944847867
0.00369860681
0.003388873209
0.003022442762
0.002607322832
0.002152416105
0.001667173281
0.001161223721
0.0006442413344
0.000126295939
-0.0003860335183
-0.0009045772117
-0.0013774805
0.001924772622
0.001277453635
0.0006614041628
0.0001604467072
-0.0002691349537
-0.0006406811685
-0.0009618802345
-0.001241116181
-0.001486212492
-0.001703977248
-0.001900187649
-0.002079583932
-0.002245875212
-0.002401767803
-0.002549009616
-0.002688445957
-0.002820084306
-0.002943166703
-0.003056249014
-0.003157286854
-0.003243728245
-0.003312613269
-0.003360680985
-0.003384483769
-0.003380509002
-0.003345307676
-0.003275628998
-0.003168559542
-0.003021664826
-0.002833130853
-0.002601902195
-0.002327807703
-0.002011670646
-0.00165546797
-0.001262308555
-0.0008365426709
-0.0003837415342
8.932873901e-05
0.000574785802
0.001063761214
0.001546581608
0.00201299995
0.002452473006
0.002854477749
0.003208856007
0.00350617332
0.003738075158
0.003897621609
0.003979580886
0.003980662695
0.003899674949
0.003737591404
0.003497523449
0.00318459582
0.002805733102
0.002369371168
0.00188511309
0.00136333827
0.0008147752468
0.0002503295671
-0.0003185483918
-0.0008842619196
-0.001459822672
-0.001986605607
0.001571293223
0.0008952792175
0.0002526391282
-0.0002692146406
-0.0007165087846
-0.001103653038
-0.001439119593
-0.001732056464
-0.001990958061
-0.00222318717
-0.002434961437
-0.002631352755
-0.002816300801
-0.002992650265
-0.003162204116
-0.003325787395
-0.003483318761
-0.00363388828
-0.003775840824
-0.003906865055
-0.004024088394
-0.004124178586
-0.004203452501
-0.004257992748
-0.004283772405
-0.004276787837
-0.004233199057
-0.004149476534
-0.004022552616
-0.003849975397
-0.003630061998
-0.003362042119
-0.003046185452
-0.002683987066
-0.002278177731
-0.001832847126
-0.001353454879
-0.0008468272894
-0.0003211022882
0.0002143830485
0.0007492627041
0.00127237046
0.001772025124
0.002236366406
0.002653731521
0.003013058513
0.003304298397
0.003518815163
0.003649750745
0.003692331851
0.003644097245
0.003505027923
0.003277568422
0.002966534859
0.002578913494
0.002123562715
0.001610838483
0.001052152486
0.0004594753502
-0.0001548855292
-0.0007779094321
-0.001400832074
-0.002037920406
-0.002623105425
0.001118729681
0.0004166315121
-0.0002502521222
-0.0007913128157
-0.001255125474
-0.001657128563
-0.002006559892
-0.00231330681
-0.002586508622
-0.002834057724
-0.003062588401
-0.003277481967
-0.003482888221
-0.003681771696
-0.003875973732
-0.004066284077
-0.004252518829
-0.004433603094
-0.004607657795
-0.004772090841
-0.004923693366
-0.00505874203
-0.005173108455
-0.005262376785
-0.005321970151
-0.005347286438
-0.005333843286
-0.005277431643
-0.005174276453
-0.005021202627
-0.004815803841
-0.004556605386
-0.004243210811
-0.003876505349
-0.003458730184
-0.002993590084
-0.002486322277
-0.001943715044
-0.001374083689
-0.0007871829102
-0.0001940544723
0.0003931926665
0.0009616701728
0.001498062318
0.001989033658
0.002421678934
0.002783996674
0.003065363561
0.003256983245
0.003352281715
0.003347221977
0.003240513996
0.003033701666
0.002731116572
0.002339697945
0.001868689311
0.001329231876
0.0007338642562
9.594311718e-05
-0.0005706427488
-0.001251096168
-0.0019353229
-0.002638941475
-0.003287648174
0.0005622160514
-0.0001632084252
-0.0008518671948
-0.001410368732
-0.001889456144
-0.002305548641
-0.002668627125
-0.002989290681
-0.003277296087
-0.003541040353
-0.003787551973
-0.004022501889
-0.004250232885
-0.004473814734
-0.004695114851
-0.004914877324
-0.005132806742
-0.005347655045
-0.005557310905
-0.005758892084
-0.005948841792
-0.006123030443
-0.00627686432
-0.006405402631
-0.006503484209
-0.006565864787
-0.00658736528
-0.006563030933
-0.006488300392
-0.00635918327
-0.006172444428
-0.005925787432
-0.005618022204
-0.00524927837
-0.0048211739
-0.004336878507
-0.003801268864
-0.003220967097
-0.0026043562
-0.001961525793
-0.001304146158
-0.0006452654363
9.735194893e-07
0.0006196957173
0.001195729827
0.001714105048
0.002160590552
0.002522252914
0.002788001775
0.002949090569
0.00299953819
0.002936439575
0.00276013865
0.002474245577
0.002085491371
0.001603426486
0.001039982494
0.0004089064172
-0.0002749151976
-0.0009958215817
-0.001737012551
-0.002486883403
-0.003262517409
-0.003980461189
-0.0001025459222
-0.0008483982426
-0.001556250333
-0.002130358425
-0.002623435165
-0.003052824397
-0.003429222645
-0.003763909664
-0.004067230502
-0.004348061625
-0.004613804543
-0.004870402443
-0.005122377316
-0.005372893682
-0.005623837382
-0.005875901497
-0.006128675396
-0.006380734963
-0.00662973361
-0.006872494706
-0.007105106805
-0.007323023458
-0.007521169599
-0.007694056489
-0.007835907005
-0.007940792765
-0.008002784127
-0.008016113476
-0.007975351512
-0.007875595523
-0.007712668709
-0.007483325048
-0.007185440066
-0.006818226105
-0.006382520461
-0.005880782367
-0.005317360849
-0.004698550889
-0.004032657831
-0.003329986224
-0.002602750328
-0.001864898643
-0.001131845106
-0.0004201041173
0.0002531677313
0.0008707133987
0.00141578309
0.001872782361
0.002227927693
0.002469870772
0.002590249516
0.002584124234
0.002450261845
0.002191239794
0.00181335384
0.001326330283
0.0007428593439
7.795840966e-05
-0.0006518151789
-0.001428826423
-0.002234021517
-0.003054081052
-0.00390767757
-0.004701161406
-0.0008792303021
-0.001642483364
-0.002366845148
-0.002954666291
-0.003460411501
-0.003902284577
-0.004291664858
-0.004640477948
-0.004959626042
-0.005258439677
-0.005544673439
-0.005824527866
-0.00610269388
-0.006382424549
-0.006665621392
-0.006952926476
-0.007243815854
-0.007536692262
-0.007828976689
-0.008117199683
-0.008397094105
-0.008663691511
-0.008911424649
-0.009134238569
-0.009325712703
-0.00947919602
-0.009587956906
-0.009645348904
-0.009644992663
-0.009580973703
-0.009448055779
-0.009241906961
-0.00895931711
-0.008598413886
-0.008159052808
-0.007642798436
-0.007053273635
-0.00639624971
-0.005679769565
-0.004914190049
-0.004112140456
-0.003288386742
-0.002459589436
-0.001643947573
-0.0008607270291
-0.0001296793504
0.0005296336585
0.001098584212
0.001560256236
0.001900212148
0.002107198155
0.002173735198
0.002096545479
0.00187677283
0.001519968953
0.001035837006
0.000437744656
-0.0002579870446
-0.001032996987
-0.001867462884
-0.002739799818
-0.003634740437
-0.004572676679
-0.005448576149
-0.001770830826
-0.002548347327
-0.003286449333
-0.003886041007
-0.004403103354
-0.004856626751
-0.005258635001
-0.005621660956
-0.005957130975
-0.006274804199
-0.006582769773
-0.006887473395
-0.007193768366
-0.007504994649
-0.007823071858
-0.00814859666
-0.008480939666
-0.008818339551
-0.009157994036
-0.009496148812
-0.009828186398
-0.01014871756
-0.01045167824
-0.010730435
-0.01097790202
-0.01118667227
-0.01134916526
-0.01145779325
-0.01150514695
-0.01148420112
-0.0113885405
-0.01121260505
-0.01095193614
-0.01060341345
-0.01016568245
-0.009639197352
-0.009026633071
-0.008333006802
-0.007565872335
-0.006735429064
-0.005854541363
-0.004938656757
-0.004005605729
-0.003075269417
-0.002169107703
-0.00130954839
-0.0005192487438
0.0001797470517
0.0007669177879
0.001224193169
0.001536840186
0.001694242266
0.001690505454
0.00152483286
0.001201623076
0.0007302708966
0.0001246744795
-0.0005975493982
-0.001416118731
-0.00230880306
-0.003251180381
-0.004225768219
-0.00525480802
-0.00622054943
-0.002779608452
-0.003568166142
-0.004317174052
-0.004926556707
-0.005453558575
-0.005917874639
-0.006332129257
-0.006709420317
-0.00706166378
-0.007399022169
-0.007729902464
-0.008060986379
-0.008397287121
-0.008742234748
-0.009097774854
-0.009464470238
-0.009841600194
-0.01022725492
-0.01061842471
-0.01101108519
-0.01140028085
-0.0117802099
-0.01214431397
-0.01248537602
-0.01279563025
-0.01306688723
-0.01329067732
-0.0134584151
-0.01356158666
-0.01359196097
-0.01354182647
-0.0134042537
-0.01317336835
-0.01284461331
-0.01241519907
-0.01188425653
-0.01125323354
-0.01052613408
-0.009709756092
-0.008813882454
-0.007851376395
-0.00683816992
-0.00579312346
-0.004737736023
-0.003695690839
-0.002692229969
-0.001753362898
-0.0009049286376
-0.0001715473202
0.0004244856941
0.0008642948119
0.00113342866
0.001222689833
0.001128709997
0.0008542045495
0.0004078666122
-0.0001961082691
-0.0009388735406
-0.001798136618
-0.002749035933
-0.003763978079
-0.004822960254
-0.005950197816
-0.007013728674
-0.003907045238
-0.004703369675
-0.005460410827
-0.006077582121
-0.006613123433
-0.007087344076
-0.007513419647
-0.007904967602
-0.008274357848
-0.008632131859
-0.008987000069
-0.009345874657
-0.009713930813
-0.01009469718
-0.01049015904
-0.01090086308
-0.01132601789
-0.01176358751
-0.0122103776
-0.01266211562
-0.01311352766
-0.01355841521
-0.01398973584
-0.01439969187
-0.01477983114
-0.01512116394
-0.01541429984
-0.01564960793
-0.01581740316
-0.01590816102
-0.0159127624
-0.0158227711
-0.01563073305
-0.01533046568
-0.01491749542
-0.01438941983
-0.01374615488
-0.01299039995
-0.01212789036
-0.01116768334
-0.01012234508
-0.009008026963
-0.007844405552
-0.006654457574
-0.005464046028
-0.004301301412
-0.0031957943
-0.002177511758
-0.001275670015
-0.0005174177757
7.349384511e-05
0.0004779806456
0.0006827288804
0.0006810273533
0.0004732346158
6.681544043e-05
-0.0005240814519
-0.00127952538
-0.002175167124
-0.003183298494
-0.004272794613
-0.005420786118
-0.006653575681
-0.007823326605
-0.005153807744
-0.005954612753
-0.006716808641
-0.007339760372
-0.007882422387
-0.008365620238
-0.00880302629
-0.009208729396
-0.009595517369
-0.009974287769
-0.01035404324
-0.01074192521
-0.01114327817
-0.01156174368
-0.01199936669
-0.01245670205
-0.01293291503
-0.01342587273
-0.01393222599
-0.01444748325
-0.01496607931
-0.01548144253
-0.01598606496
-0.01647157995
-0.01692885182
-0.01734808257
-0.01771893972
-0.01803070986
-0.01827248135
-0.01843335949
-0.0185027166
-0.01847048123
-0.01832746167
-0.01806566593
-0.01767870246
-0.01716238442
-0.01651479786
-0.0157370189
-0.01483337732
-0.01381184785
-0.01268434354
-0.01146689797
-0.01017970767
-0.008846997803
-0.007496676705
-0.006159751631
-0.004869490287
-0.003660329937
-0.002566559051
-0.001620823655
-0.0008525395047
-0.0002863178941
5.946712546e-05
0.0001738342081
5.394462412e-05
-0.0002946535574
-0.0008583434787
-0.001616363002
-0.002542325591
-0.003605482493
-0.004770797455
-0.006012146171
-0.007358016088
-0.008642852813
-0.006519722454
-0.007321758883
-0.008086264061
-0.008713002157
-0.009261351579
-0.009752548776
-0.01020070365
-0.01062032632
-0.01102458703
-0.01142471921
-0.01183001066
-0.01224783622
-0.0126837231
-0.01314144674
-0.01362313855
-0.0141293928
-0.01465936579
-0.01521086384
-0.0157804198
-0.0163633594
-0.01695386062
-0.01754501009
-0.01812886111
-0.01869649864
-0.01923811617
-0.01974311007
-0.02020019631
-0.02059755468
-0.02092300514
-0.02116422031
-0.02130897756
-0.02134545592
-0.02126257924
-0.02105036974
-0.02070032155
-0.02020616587
-0.01956388211
-0.01877258379
-0.01783482553
-0.01675710091
-0.01555025693
-0.01422979962
-0.01281606194
-0.01133418842
-0.009813890614
-0.008288932345
-0.006796314056
-0.00537514349
-0.004065205174
-0.002905273654
-0.001931252393
-0.001174257503
-0.0006587972124
-0.000401217292
-0.0004085831881
-0.0006781439694
-0.001197474833
-0.001945375358
-0.002893534668
-0.004008011125
-0.005249467645
-0.006588095767
-0.008054645342
-0.009463809468
-0.008003766234
-0.008803879176
-0.009567927026
-0.01019649502
-0.01074908868
-0.01124724348
-0.01170544334
-0.01213856852
-0.01256013809
-0.01298170511
-0.01341284116
-0.01386116538
-0.01433240845
-0.01483050821
-0.01535771697
-0.0159147071
-0.01650066744
-0.01711338674
-0.01774932355
-0.018403664
-0.01907037078
-0.01974222743
-0.02041088326
-0.02106690415
-0.02169983522
-0.02229828091
-0.02285000857
-0.02334208101
-0.02376102356
-0.0240930308
-0.0243242171
-0.02444091709
-0.02443004159
-0.02427946051
-0.02397838723
-0.02351817994
-0.02289245552
-0.02209799443
-0.02113519808
-0.02000865076
-0.01872767179
-0.0173067622
-0.01576592022
-0.01413077436
-0.01243247613
-0.01070729586
-0.008995873277
-0.007342090553
-0.005791562061
-0.004389771979
-0.003179936006
-0.002200712935
-0.001483938404
-0.001052588129
-0.0009191915656
-0.001084898301
-0.001539349193
-0.002261479085
-0.003221295158
-0.004381579306
-0.005698310563
-0.007137531224
-0.008732308691
-0.01027534559
-0.009604074051
-0.01039926918
-0.01116022499
-0.01178873131
-0.01234412174
-0.012848113
-0.01331549589
-0.01376147
-0.01419987305
-0.01464256738
-0.01509941449
-0.01557829717
-0.01608517931
-0.01662419858
-0.01719777116
-0.01780669426
-0.01845023832
-0.01912622468
-0.01983108784
-0.02055992378
-0.02130652766
-0.02206342524
-0.02282190361
-0.02357204694
-0.02430278353
-0.02500195033
-0.02565638154
-0.0262520273
-0.026774109
-0.02720731697
-0.02753605603
-0.02774474535
-0.02781818112
-0.02774194173
-0.0275027931
-0.027089454
-0.02649299423
-0.02570745474
-0.02473070676
-0.02356498244
-0.0222175766
-0.02070145028
-0.0190357141
-0.01724593871
-0.01536422274
-0.01342894577
-0.01148413722
-0.009578405234
-0.007763395009
-0.006091785666
-0.004614887482
-0.003379964015
-0.002427468079
-0.001788436162
-0.001482319193
-0.001515522481
-0.001880880351
-0.002558262836
-0.003516410895
-0.004714850689
-0.006104523752
-0.007646831763
-0.009377191955
-0.0110638645
-0.01131796665
-0.01210548602
-0.01286090791
-0.01348755748
-0.0140442994
-0.01455290896
-0.01502841375
-0.01548628379
-0.01594065088
-0.01640368458
-0.01688555239
-0.017394431
-0.01793655819
-0.01851631949
-0.01913634777
-0.01979762075
-0.02049954738
-0.02124003866
-0.02201556143
-0.02282117655
-0.02365056471
-0.02449604455
-0.02534858857
-0.02619784322
-0.02703215948
-0.02783864085
-0.02860321551
-0.02931073947
-0.0299451378
-0.03048959047
-0.03092676931
-0.03123913299
-0.0314092904
-0.03142042417
-0.03125672183
-0.03090402762
-0.03035067066
-0.02958761797
-0.02860983429
-0.02741675542
-0.02601313627
-0.0244098214
-0.02262441215
-0.02068178032
-0.01861434899
-0.01646205177
-0.01427187959
-0.01209693122
-0.009994905625
-0.00802601371
-0.006250345807
-0.004724806669
-0.003499814645
-0.002616043289
-0.002101544495
-0.001969609746
-0.002217689805
-0.002827667341
-0.003767658525
-0.004994103998
-0.006452615323
-0.008099451762
-0.009972392345
-0.01181257909
-0.01314200012
-0.0139194083
-0.01466711675
-0.01529024711
-0.01584690513
-0.01635879767
-0.01684111733
-0.01730955959
-0.01777853421
-0.01826052721
-0.01876604141
-0.01930359147
-0.0198797434
-0.02049919143
-0.02116484943
-0.02187794113
-0.02263807928
-0.02344332849
-0.02429024989
-0.02517392883
-0.02608798866
-0.02702459527
-0.0279744583
-0.02892683518
-0.02986954512
-0.0307889999
-0.03167025883
-0.0324971151
-0.03325222109
-0.03391725998
-0.03447317084
-0.03490043465
-0.03517943254
-0.03529088013
-0.03521628436
-0.0349384827
-0.03444281652
-0.03371694868
-0.03275256963
-0.03154589866
-0.03009863948
-0.02841892422
-0.02652217504
-0.02443184134
-0.02217992733
-0.01980720667
-0.01736301104
-0.01490447869
-0.01249516328
-0.01020293938
-0.008097201868
-0.006245443302
-0.004709399321
-0.003541064845
-0.002778981042
-0.002445244818
-0.002543679167
-0.003059588692
-0.003961392427
-0.005202820916
-0.0067239665
-0.008475457405
-0.01049743304
-0.01250101016
-0.01507203973
-0.01583732122
-0.01657547783
-0.01719360032
-0.01774875742
-0.01826245744
-0.01874998569
-0.01922722504
-0.01970885905
-0.02020771496
-0.02073467746
-0.02129866099
-0.02190663123
-0.02256366737
-0.02327304207
-0.02403630185
-0.02485333745
-0.02572243775
-0.02664032504
-0.02760217219
-0.02860160464
-0.0296306918
-0.03067993388
-0.03173825037
-0.03279297765
-0.03382988262
-0.03483320027
-0.03578570261
-0.03666880688
-0.03746273101
-0.03814670417
-0.0386992403
-0.0390984862
-0.03932265559
-0.03935050291
-0.03916181588
-0.0387386904
-0.03806538959
-0.0371299481
-0.03592500244
-0.03444872542
-0.03270594876
-0.03070922502
-0.02847980095
-0.02604841868
-0.02345583053
-0.02075289387
-0.01800010076
-0.01526640104
-0.01262720401
-0.01016150251
-0.007948156693
-0.006061501211
-0.004566586326
-0.003514506547
-0.002938370524
-0.002850491668
-0.003241391988
-0.00408107462
-0.005321207445
-0.006896331495
-0.008751001976
-0.01092771643
-0.01310442311
-0.01710335984
-0.01785502927
-0.0185822261
-0.01919407218
-0.0197463387
-0.0202602032
-0.02075097306
-0.02123469099
-0.02172632711
-0.02223909535
-0.02278433136
-0.02337143386
-0.02400786077
-0.02469917151
-0.02544909119
-0.02625957863
-0.02713088624
-0.02806160448
-0.02904868772
-0.03008746132
-0.03117161263
-0.0322931703
-0.03344247761
-0.03460816654
-0.03577713977
-0.03693456799
-0.03806391046
-0.03914696657
-0.04016396647
-0.04109370935
-0.04191375738
-0.04260069394
-0.04313045748
-0.04347876573
-0.04362159818
-0.04353568825
-0.04319966375
-0.0425944161
-0.04170397878
-0.04051709833
-0.03902799228
-0.03723764159
-0.03515505156
-0.03279846355
-0.0301964467
-0.02738874894
-0.02442675748
-0.02137339456
-0.018302263
-0.01529586831
-0.01244279292
-0.009833791481
-0.007556918712
-0.005691982686
-0.004304813586
-0.003442002166
-0.003126848357
-0.003357322862
-0.00410671949
-0.00532564051
-0.006943267973
-0.008897733832
-0.01123391093
-0.01359319873
-0.0192307724
-0.01996799955
-0.02068336017
-0.02128793309
-0.02183595508
-0.02234814025
-0.02283975193
-0.02332698088
-0.02382511976
-0.02434784225
-0.02490703345
-0.02551268948
-0.02617287957
-0.02689376147
-0.02767962523
-0.02853294587
-0.02945443136
-0.03044305737
-0.03149608414
-0.03260905471
-0.03377577628
-0.03498828907
-0.03623682791
-0.03750978356
-0.03879367072
-0.04007311037
-0.04133083456
-0.04254772124
-0.04370286786
-0.04477371185
-0.04573620703
-0.04656506437
-0.04723406818
-0.047716484
-0.04798554595
-0.04801495755
-0.04777977082
-0.04725750387
-0.04642801156
-0.04527589655
-0.04379107248
-0.04197018678
-0.03981806828
-0.03734916878
-0.03458894847
-0.03157508605
-0.02835835346
-0.02500295716
-0.02158611837
-0.01819665636
-0.01493236936
-0.0118960916
-0.009190454029
-0.006911589626
-0.005142279495
-0.003945280508
-0.00335774748
-0.003387805661
-0.004014243585
-0.005188031628
-0.006833491052
-0.008882131042
-0.01138126619
-0.01393213407
-0.02144878663
-0.02217153914
-0.02287483327
-0.02347146487
-0.02401393001
-0.02452234884
-0.02501188335
-0.02549888332
-0.02599903176
-0.02652657167
-0.02709407385
-0.0277122813
-0.02839002618
-0.02913421027
-0.02994982301
-0.03083997567
-0.03180593638
-0.03284715534
-0.03396127399
-0.03514411617
-0.03638966226
-0.03769000982
-0.03903532617
-0.04041379917
-0.04181159364
-0.04321282095
-0.04459952965
-0.04595172537
-0.04724742817
-0.04846277598
-0.04957218299
-0.0505485619
-0.05136362016
-0.05198824698
-0.0523929969
-0.05254859484
-0.05242657533
-0.05200098752
-0.05124756106
-0.05014651918
-0.04868323145
-0.04684962741
-0.04464581538
-0.04208173605
-0.03917883021
-0.03597161369
-0.03250899809
-0.0288551437
-0.02508958129
-0.02130630522
-0.01761154309
-0.01411996907
-0.0109492708
-0.008213214522
-0.006013665891
-0.004432362498
-0.003523520239
-0.003308619443
-0.003774711663
-0.00487509964
-0.006530143694
-0.008664756185
-0.0113288513
-0.01407966905
-0.02375180358
-0.02446101132
-0.02515278514
-0.02574119711
-0.02627683538
-0.02677910158
-0.02726301449
-0.02774512653
-0.02824162192
-0.02876747063
-0.02933611391
-0.02995923646
-0.03064662484
-0.03140610347
-0.0322435208
-0.03316276221
-0.0341657714
-0.03525256703
-0.03642124653
-0.03766797301
-0.03898694537
-0.04037035423
-0.04180832869
-0.04328887995
-0.04479784916
-0.04631886691
-0.04783333246
-0.04932042071
-0.05075712516
-0.05211834556
-0.05337702887
-0.05450437276
-0.05547010101
-0.05624282704
-0.05679052088
-0.05708101186
-0.05708251259
-0.0567654035
-0.05610160543
-0.0550667404
-0.05364151132
-0.05181286635
-0.04957576624
-0.04693502497
-0.04390723275
-0.04052268217
-0.03682714462
-0.03288327961
-0.02877138901
-0.02458916439
-0.02045004226
-0.01647980699
-0.01281120059
-0.009576536219
-0.006898674562
-0.004881160017
-0.003598742931
-0.003089946553
-0.00335347181
-0.004347544831
-0.005989975842
-0.008199424022
-0.01102870951
-0.01398703395
-0.02613435101
-0.02683209742
-0.02751382229
-0.02809419037
-0.02862176475
-0.02911511631
-0.02958910403
-0.0300605728
-0.03054637719
-0.03106243453
-0.03162330298
-0.03224186004
-0.03292908623
-0.03369394555
-0.03454333356
-0.03548206642
-0.03651288893
-0.03763648501
-0.03885147947
-0.04015442497
-0.04153977249
-0.04299982711
-0.04452469319
-0.04610221494
-0.04771791945
-0.04935496959
-0.05099413489
-0.05261378833
-0.05418993742
-0.05569629782
-0.05710441835
-0.05838386635
-0.05950248248
-0.06042671932
-0.06112208268
-0.06155363106
-0.06168647477
-0.06148721488
-0.06092430221
-0.05996869013
-0.05859639046
-0.05678923451
-0.05453674883
-0.05183814771
-0.04870447048
-0.04516082487
-0.04124860368
-0.0370274667
-0.03257679128
-0.02799620017
-0.02340469812
-0.01893792428
-0.01474309968
-0.01097146662
-0.00776840577
-0.005261950861
-0.003551014451
-0.002695293612
-0.002709174615
-0.003559117129
-0.005162423856
-0.007432273202
-0.01042492142
-0.01359731117
-0.02859136661
-0.02928111411
-0.02995535671
-0.03052837512
-0.03104665528
-0.0315278479
-0.03198667548
-0.03244043046
-0.03290688523
-0.03340320648
-0.03394539354
-0.03454783674
-0.03522300711
-0.03598126905
-0.03683078422
-0.03777747509
-0.03882502154
-0.03997486913
-0.04122623416
-0.04257609647
-0.04401917628
-0.04554789543
-0.04715232649
-0.04882013516
-0.05053652294
-0.05228417755
-0.05404323893
-0.05579128922
-0.05750337457
-0.05915206734
-0.06070757705
-0.06213791899
-0.06340914939
-0.06448567923
-0.0653306865
-0.06590661228
-0.06617564915
-0.06610070142
-0.06564699273
-0.06478092717
-0.06347387906
-0.06170256216
-0.05945093644
-0.05671231265
-0.05349165296
-0.04980807942
-0.0456974892
-0.04121509245
-0.03643758649
-0.03146455666
-0.02641857085
-0.02144334755
-0.01669938102
-0.01235657087
-0.008583786145
-0.005535902582
-0.003339619234
-0.002080291121
-0.001792674275
-0.002455571379
-0.003988580315
-0.006300730486
-0.00945256539
-0.01284440195
-0.03111854185
-0.03180540063
-0.03247601794
-0.03304295917
-0.03355066763
-0.03401582397
-0.03445309942
-0.03488048072
-0.03531701031
-0.03578151172
-0.0362918468
-0.03686432193
-0.03751326136
-0.03825073943
-0.03908643477
-0.04002756891
-0.04107889553
-0.04224271304
-0.04351888053
-0.04490482433
-0.04639552888
-0.04798351074
-0.04965877796
-0.0514087803
-0.05321835657
-0.05506968698
-0.05694225838
-0.05881285072
-0.06065555278
-0.06244181552
-0.06414055133
-0.06571828785
-0.06713938497
-0.06836632532
-0.06936009743
-0.07008067974
-0.07048751845
-0.0705401105
-0.07020039763
-0.06943076466
-0.06819793362
-0.06647364112
-0.06423630787
-0.06147321882
-0.05818293597
-0.0543780062
-0.05008790989
-0.04536210404
-0.04027290421
-0.03491780414
-0.02942066428
-0.02393104351
-0.01862086312
-0.01367766487
-0.009294055126
-0.005653567978
-0.002914108702
-0.001191385689
-0.0005458127853
-0.0009735025451
-0.002400041618
-0.004732351786
-0.008036559025
-0.01165188359
-0.03371274533
-0.03440379746
-0.03507616003
-0.03563892176
-0.03613463673
-0.03657903176
-0.03698690632
-0.03737731634
-0.03777106631
-0.03818917903
-0.03865192016
-0.03917801378
-0.03978407504
-0.04048424928
-0.04129001366
-0.04221009434
-0.04325045605
-0.04441432886
-0.04570224566
-0.04711207294
-0.04863902556
-0.05027566211
-0.05201186253
-0.05383479244
-0.05572886099
-0.05767567994
-0.05965403217
-0.06163985808
-0.06360626837
-0.06552359121
-0.06735946211
-0.06907896514
-0.07064483356
-0.07201771934
-0.07315654826
-0.07401897852
-0.07456187348
-0.07474175684
-0.07451700916
-0.07384673721
-0.07269304376
-0.07102292537
-0.06880942823
-0.06603386462
-0.06268828657
-0.0587783195
-0.05432636088
-0.0493750471
-0.04399078263
-0.03826696777
-0.03232635776
-0.02632176001
-0.02043408659
-0.01486672626
-0.009835419661
-0.005553430289
-0.002212848981
3.555211219e-05
0.001099907908
0.0009609469759
-0.0003176166119
-0.002643517335
-0.006090357371
-0.009931734765
-0.03637255389
-0.03707724796
-0.03775849416
-0.03831962003
-0.03880161159
-0.03921936604
-0.03958813245
-0.03992858922
-0.04026397999
-0.04061824068
-0.04101472762
-0.04147519844
-0.04201907842
-0.04266299644
-0.04342053533
-0.04430213603
-0.04531510031
-0.04646364607
-0.04774898078
-0.04916937012
-0.05072018865
-0.05239394714
-0.05418029702
-0.05606601637
-0.05803498418
-0.06006815105
-0.06214351485
-0.06423611059
-0.06631802285
-0.0683584292
-0.07032368293
-0.07217744351
-0.07388086294
-0.07539283663
-0.07667033255
-0.07766881924
-0.07834273908
-0.07864593807
-0.0785332579
-0.07796097563
-0.07688680138
-0.07527328354
-0.07308836427
-0.07030758929
-0.06691659336
-0.06291398524
-0.05831470346
-0.0531538022
-0.04749052632
-0.04141237732
-0.03503864629
-0.02852260488
-0.02205124698
-0.01584126656
-0.01013000561
-0.005160595941
-0.001161598877
0.001676670927
0.003224756979
0.003433517687
0.002350127338
6.205190065e-05
-0.003514471499
-0.007582894205
-0.03909893452
-0.03982956962
-0.04052889165
-0.04109154437
-0.04155750964
-0.04194115226
-0.04225870336
-0.04253326399
-0.04279143747
-0.04306100166
-0.04336926429
-0.04374176063
-0.04420132971
-0.04476754264
-0.04545640988
-0.04628028855
-0.04724791779
-0.04836452279
-0.04963194346
-0.05104875791
-0.05261038369
-0.05430914914
-0.05613433459
-0.05807218763
-0.06010591993
-0.06221569436
-0.06437861125
-0.0665687045
-0.0687569561
-0.07091133749
-0.07299688671
-0.07497582981
-0.07680775449
-0.07844984432
-0.07985718476
-0.08098316157
-0.08177993538
-0.08219886484
-0.08219142134
-0.08171136041
-0.08071229125
-0.07915262152
-0.07699553787
-0.0742111433
-0.07077891856
-0.06669059316
-0.06195356517
-0.05659488915
-0.05066576532
-0.04424631896
-0.03745023184
-0.03042846055
-0.02337088024
-0.01650431644
-0.01008525014
-0.004385752935
0.0003277996612
0.003821587407
0.005922295847
0.006543413983
0.005708514537
0.003495005462
-0.000194752108
-0.004489598798
-0.04189614116
-0.04266846302
-0.04339742135
-0.04396527359
-0.04441192019
-0.04475176368
-0.04500286058
-0.04519187431
-0.04535000571
-0.04551006914
-0.04570438676
-0.04596315374
-0.04631330704
-0.04677785148
-0.04737554369
-0.04812082915
-0.04902393888
-0.05009106983
-0.05132459331
-0.05272325428
-0.05428234028
-0.05599381026
-0.05784638315
-0.05982559001
-0.06191379949
-0.06409022545
-0.06633092647
-0.06860881027
-0.07089365183
-0.07315213356
-0.07534791772
-0.07744175958
-0.07939166941
-0.08115313146
-0.08267938952
-0.08392181844
-0.08483039007
-0.08535409983
-0.08544142486
-0.08504334753
-0.08411015417
-0.08259620779
-0.08046033134
-0.07766758425
-0.07419167753
-0.07001778696
-0.06514595398
-0.05959515937
-0.05340807908
-0.04665641103
-0.03944645603
-0.03192429266
-0.0242794164
-0.01674517492
-0.009593893487
-0.003124534864
0.002358514809
0.006574780096
0.009300970768
0.01040505394
0.009878656312
0.007782374314
0.003999645046
-0.0005194182915
-0.04477292295
-0.04560685884
-0.04637971327
-0.04695670167
-0.0473791045
-0.04766235742
-0.04782763917
-0.04790677854
-0.0479372203
-0.047958332
-0.04800874116
-0.04812432487
-0.04833686768
-0.04867330798
-0.04915543476
-0.04979989578
-0.0506183958
-0.05161798966
-0.05280140107
-0.05416732261
-0.05571067152
-0.05742279059
-0.05929159468
-0.06130166702
-0.06343431823
-0.06566761803
-0.06797640891
-0.0703323199
-0.07270378896
-0.07505610163
-0.07735145833
-0.07954907946
-0.0816053556
-0.08347405186
-0.08510657509
-0.08645232047
-0.08745911513
-0.08807365823
-0.08824187608
-0.08791147355
-0.08703024973
-0.08554858459
-0.08342130378
-0.08060883359
-0.07707955747
-0.07281254587
-0.067800873
-0.06205567116
-0.0556110086
-0.04852957665
-0.04090901451
-0.03288837047
-0.0246536924
-0.01644106912
-0.00853474286
-0.001257456524
0.005049470202
0.01005684702
0.01348575002
0.01515001254
0.01499966161
0.01306998823
0.009218737597
0.004479140352
-0.04774418841
-0.04866475003
-0.04949878011
-0.05008863511
-0.05047925524
-0.05068876044
-0.05074340396
-0.05068240863
-0.05055162777
-0.05039887923
-0.05027063124
-0.05020959139
-0.05025317558
-0.05043272359
-0.0507732686
-0.05129367651
-0.05200700053
-0.05292093285
-0.0540382707
-0.05535734521
-0.05687238512
-0.05857380369
-0.06044841385
-0.06247957342
-0.06464728171
-0.06692823761
-0.06929586404
-0.07172033346
-0.07416859748
-0.07660441819
-0.07898842749
-0.08127822418
-0.08342851176
-0.0853912876
-0.08711609248
-0.0885503343
-0.08963970564
-0.09032863738
-0.09056065645
-0.09028017784
-0.08943275231
-0.08796496275
-0.08582792026
-0.08297778328
-0.07937804686
-0.07500217003
-0.06983676757
-0.0638855652
-0.0571742764
-0.04975646122
-0.04172035698
-0.03319638044
-0.02436449228
-0.01545986885
-0.006774400807
0.001349377691
0.008535571153
0.01440551383
0.01861976387
0.02092918961
0.02123126263
0.01952545637
0.01563482779
0.01067965338
-0.05083334409
-0.05187172634
-0.05278748553
-0.0533928977
-0.05374009737
-0.05385254222
-0.05376444999
-0.05352550089
-0.05319276533
-0.05282484145
-0.0524778159
-0.05220246486
-0.05204259812
-0.05203433145
-0.05220602055
-0.05257861564
-0.05316624319
-0.05397687255
-0.05501297161
-0.05627209518
-0.0577473775
-0.05942791756
-0.06129907121
-0.06334264363
-0.06553703318
-0.06785731788
-0.07027526737
-0.07275939708
-0.07527501736
-0.0777842331
-0.08024598779
-0.08261615665
-0.08484767042
-0.08689068806
-0.08869282802
-0.09019947001
-0.09135414756
-0.09209901046
-0.09237520648
-0.09212391865
-0.09128849952
-0.08981184571
-0.08764152428
-0.08472970733
-0.08103537588
-0.0765268151
-0.07118467225
-0.06500581124
-0.05800808656
-0.05023617361
-0.04176867954
-0.03272640001
-0.02328116889
-0.01366400442
-0.004170180009
0.004842540259
0.01296718079
0.0197762278
0.02486587687
0.02791523699
0.0287569939
0.02734194126
0.0234465318
0.01828172439
-0.05407564071
-0.05527053393
-0.05629192983
-0.05691312894
-0.05719893309
-0.05718231122
-0.05690966253
-0.05644528357
-0.055861048
-0.05522912962
-0.05461721808
-0.05408541227
-0.05368456842
-0.05345577137
-0.05343056542
-0.05363163621
-0.05407370799
-0.05476449078
-0.05570557176
-0.05689319349
-0.05831889306
-0.05996999066
-0.06182997405
-0.06387871085
-0.06609268212
-0.06844510853
-0.0709059117
-0.07344178557
-0.07601618929
-0.07858937543
-0.08111845698
-0.0835574677
-0.08585746175
-0.08796666612
-0.08983069101
-0.09139280881
-0.09259432146
-0.09337502125
-0.09367359992
-0.09342812396
-0.09257939222
-0.09106709946
-0.0888355067
-0.0858328199
-0.08201357799
-0.07734117014
-0.07179065518
-0.06535253084
-0.05803732377
-0.04988124798
-0.04095346117
-0.03136473535
-0.02127742152
-0.01091575741
-0.0005744709579
0.009378194908
0.01850852325
0.02634208728
0.03240806625
0.03630527117
0.03778811167
0.03674306131
0.03288415862
0.02751631583
-0.05752304265
-0.0589221437
-0.06007614161
-0.06070852512
-0.06090525112
-0.06071526155
-0.06020320738
-0.0594535675
-0.05855750609
-0.05760402191
-0.05667450794
-0.05583952836
-0.05515739484
-0.05467405083
-0.05442378134
-0.05443036473
-0.05470839008
-0.05526455705
-0.05609884808
-0.05720551946
-0.058573904
-0.06018898853
-0.06203196747
-0.06408047159
-0.06630874655
-0.06868777653
-0.07118530085
-0.07376593553
-0.07639116839
-0.07901932168
-0.08160557276
-0.08410201054
-0.08645771895
-0.08861890708
-0.09052909614
-0.09212937381
-0.09335873481
-0.09415452417
-0.09445287214
-0.0941889909
-0.09330041409
-0.09172375742
-0.08939931252
-0.08627157766
-0.08229085288
-0.0774161024
-0.07161762123
-0.06487959125
-0.05720515088
-0.04862241271
-0.03919135216
-0.02901262059
-0.0182383609
-0.007084161244
0.004159094399
0.01511722537
0.02533455374
0.03429271557
0.0414523754
0.04632386154
0.04856849404
0.04798940733
0.04421709584
0.03865319616
-0.06125143509
-0.06291306146
-0.06422863221
-0.06485884732
-0.06492402404
-0.06449895689
-0.06367516454
-0.06256462647
-0.06128326185
-0.05994050312
-0.05863348294
-0.0574440578
-0.05643796771
-0.05566543842
-0.05516260756
-0.05495331824
-0.05505097273
-0.0554602573
-0.05617862795
-0.057197524
-0.05850341383
-0.06007843735
-0.06190095191
-0.06394579682
-0.06618457366
-0.06858584098
-0.0711150441
-0.07373456885
-0.07640372871
-0.07907874058
-0.08171272243
-0.08425571571
-0.0866547414
-0.08885390256
-0.09079454361
-0.092415477
-0.09365329409
-0.09444278081
-0.0947173667
-0.0944094342
-0.09345282207
-0.09178140502
-0.08933140902
-0.08604333599
-0.08186311348
-0.07674449277
-0.07065188959
-0.06356359334
-0.0554770391
-0.04641312162
-0.03642193011
-0.02559339958
-0.0140688496
-0.002053806638
0.01016720506
0.02221797859
0.03362563241
0.04383146444
0.05222702019
0.05822618844
0.06138080816
0.061387369
0.05776421109
0.05201166756
-0.06537148732
-0.06736600612
-0.06887160628
-0.06947109544
-0.06933977909
-0.06859324083
-0.06736190033
-0.06579463792
-0.06403853011
-0.06222717096
-0.06047509098
-0.05887563963
-0.05750125515
-0.05640519456
-0.05562396885
-0.05517997168
-0.05508398661
-0.05533739632
-0.05593399381
-0.05686150963
-0.05810274928
-0.05963627713
-0.06143704365
-0.0634768057
-0.06572427484
-0.06814524882
-0.07070261991
-0.07335636587
-0.07606350594
-0.07877805235
-0.08145097561
-0.08403019339
-0.08646059446
-0.08868410907
-0.09063983606
-0.0922642375
-0.09349141615
-0.09425349713
-0.09448107343
-0.09410354297
-0.09305095142
-0.09125405773
-0.08864478177
-0.08515933624
-0.08073893015
-0.07533213705
-0.06889761032
-0.06140726601
-0.05285042223
-0.04323902172
-0.0326152789
-0.02106026197
-0.008702700371
0.004264457859
0.01756563847
0.03082577942
0.04355902376
0.05516998019
0.06498089213
0.072301053
0.07655424073
0.07730126161
0.07390883856
0.06797648121
-0.07004536793
-0.07245570881
-0.0741739442
-0.07468828941
-0.07426139127
-0.07307194401
-0.07130573673
-0.06916023466
-0.06682073662
-0.06444836275
-0.06217580709
-0.06010703234
-0.05831938279
-0.05686696154
-0.05578440932
-0.055090564
-0.05479171755
-0.05488434489
-0.05535726274
-0.05619343428
-0.05737111179
-0.05886461953
-0.06064507125
-0.06268067479
-0.06493691176
-0.06737661305
-0.06995994314
-0.0726443436
-0.07538444916
-0.07813199998
-0.08083576727
-0.08344150407
-0.08589193209
-0.0881267753
-0.09008285022
-0.09169422374
-0.09289245232
-0.09360692348
-0.09376528191
-0.09329378538
-0.09211860043
-0.09016698073
-0.08736625721
-0.08364794086
-0.07894799188
-0.07320913499
-0.06638349282
-0.05843569653
-0.04934686023
-0.03911964491
-0.02778490043
-0.01541042392
-0.002114539592
0.01192112293
0.02643516488
0.04105831323
0.05529580544
0.06851860637
0.07997913478
0.08887298689
0.09447397616
0.09617010373
0.09312078397
0.08702211747
-0.07551308468
-0.07843259796
-0.08036947923
-0.08070071694
-0.07982719304
-0.07802360548
-0.07555302807
-0.07267532127
-0.06962101559
-0.06658088514
-0.06370485685
-0.06110490349
-0.05885995378
-0.05702152648
-0.05561919427
-0.05466543653
-0.05415969835
-0.05409159393
-0.05444356116
-0.05519261319
-0.0563114946
-0.05776967734
-0.059533908
-0.06156849431
-0.0638354336
-0.06629442238
-0.06890278294
-0.07161534871
-0.07438432872
-0.07715917166
-0.07988644564
-0.08250974542
-0.08496963748
-0.08720365245
-0.08914633447
-0.09072935745
-0.09188172078
-0.09253004362
-0.09259895567
-0.09201145332
-0.09068977846
-0.08855729911
-0.08553647294
-0.08155363473
-0.07653886843
-0.07042821181
-0.063166185
-0.05470876052
-0.04502714974
-0.03411267236
-0.02198321721
-0.008691987681
0.005660287178
0.0209095292
0.03680394742
0.05298649781
0.06896157619
0.08407029671
0.09749350758
0.1083018422
0.1155921467
0.1185306919
0.1159890514
0.1097507832
-0.08213515983
-0.08565878642
-0.08778252153
-0.08775959104
-0.08620918241
-0.08354952563
-0.08014893103
-0.07634462078
-0.07241780276
-0.06858831082
-0.0650194652
-0.06182603834
-0.05908310085
-0.05683454946
-0.05510053819
-0.05388359758
-0.05317341573
-0.05295075401
-0.05319000047
-0.05386084527
-0.05492972866
-0.056360631
-0.05811551129
-0.0601545055
-0.06243595657
-0.06491633216
-0.06755007174
-0.07028939935
-0.07308412435
-0.07588144879
-0.07862579532
-0.08125866652
-0.08371854447
-0.08594083906
-0.08785789305
-0.08939905281
-0.09049081547
-0.09105706924
-0.09101943267
-0.09029758695
-0.08880987278
-0.08647543985
-0.08321164397
-0.07893917375
-0.07358156935
-0.06706723997
-0.05933181319
-0.05032086833
-0.03999343296
-0.02832655007
-0.01532144395
-0.001012077365
0.01452268084
0.03114207557
0.0486191159
0.06660893867
0.08461979267
0.1019749769
0.1177836608
0.1309765911
0.1404389146
0.1450489184
0.1432712826
0.1369536899
-0.09046399072
-0.09466346672
-0.09686279981
-0.0961918448
-0.09361337883
-0.08975576085
-0.08512570997
-0.0801512982
-0.0751654242
-0.07041124444
-0.06605694573
-0.06221110092
-0.05893662368
-0.05626274586
-0.05419455213
-0.05272016595
-0.05181651105
-0.0514530285
-0.05159409146
-0.05220101301
-0.05323314125
-0.05464845166
-0.05640381645
-0.05845504365
-0.06075676473
-0.06326223012
-0.06592305396
-0.06868893931
-0.07150740475
-0.07432352789
-0.07707971702
-0.07971551973
-0.08216747509
-0.08436901617
-0.08625042898
-0.08773887511
-0.08875848631
-0.08923054486
-0.08907375694
-0.08820453519
-0.08653743173
-0.08398715241
-0.0804658473
-0.07588817021
-0.07017050047
-0.06323267404
-0.05500003644
-0.04540580014
-0.03439408816
-0.02192398742
-0.007975151461
0.007444156812
0.02428517004
0.04244099425
0.06172042765
0.08181107168
0.1022341044
0.1223011175
0.1410633312
0.1572972307
0.1696304414
0.176561903
0.1759704646
0.1697140355
-0.1013668505
-0.1062289058
-0.108231214
-0.1064117597
-0.1022698766
-0.09673258461
-0.09047906071
-0.08403438402
-0.07777457704
-0.07195141257
-0.06672218922
-0.06217497056
-0.05834850602
-0.05524808389
-0.05285669174
-0.05114324272
-0.05006808993
-0.04958658354
-0.04965164478
-0.05021519469
-0.05122888002
-0.05264436234
-0.05441331601
-0.05648723786
-0.05881714672
-0.0613532259
-0.06404444456
-0.06683818258
-0.06967987506
-0.07251268762
-0.07527722986
-0.07791131257
-0.08034975287
-0.08252423129
-0.08436320476
-0.08579188031
-0.08673225518
-0.08710323285
-0.08682081983
-0.08579833466
-0.08394675947
-0.08117629807
-0.07739398047
-0.07250820126
-0.06642772346
-0.05906301127
-0.05032783348
-0.04014105733
-0.02842899463
-0.01512861507
-0.0001921629748
0.01640587324
0.03465784953
0.05450567174
0.07581346335
0.0983258941
0.1216090925
0.144979363
0.1674442207
0.1876341733
0.2038652067
0.2141295706
0.2154504474
0.2095811828
-0.1162434353
-0.1215237556
-0.1227333761
-0.1189176832
-0.1123991376
-0.1045096056
-0.09612346777
-0.08784980922
-0.0800807834
-0.07304720356
-0.06686911212
-0.06159278832
-0.0572166604
-0.05371043913
-0.05102697752
-0.04910987542
-0.04789910594
-0.0473339091
-0.04735446159
-0.0479026141
-0.04892205938
-0.05035815547
-0.05215754635
-0.05426767497
-0.05663625162
-0.05921071725
-0.06193772583
-0.06476266089
-0.06762919467
-0.07047889465
-0.07325088038
-0.07588153175
-0.07830424991
-0.08044927191
-0.08224354025
-0.08361062932
-0.08447073135
-0.08474070687
-0.08433419919
-0.08316175201
-0.08113111543
-0.07814815626
-0.0741151051
-0.06893411961
-0.062506172
-0.05473187499
-0.04551246375
-0.03475080648
-0.02235274456
-0.008229028544
0.00770166498
0.02550770387
0.04523578113
0.06689564795
0.09043366425
0.1156885285
0.1423211231
0.1697129006
0.1968494216
0.2222472295
0.2438849479
0.2590753666
0.2635876369
0.2588481754
-0.1374322272
-0.1423108513
-0.1414836984
-0.1342443523
-0.1241271212
-0.1129657776
-0.1018128974
-0.09130685089
-0.08179630604
-0.0734384189
-0.06627578671
-0.06028338786
-0.05539861934
-0.05154146139
-0.04862486483
-0.04656207634
-0.04526979717
-0.04466962541
-0.04468839818
-0.04525788472
-0.04631414019
-0.04779670333
-0.04964774534
-0.05181123088
-0.05423212506
-0.05685566276
-0.05962668691
-0.06248905712
-0.06538512702
-0.06825528749
-0.07103757269
-0.07366732572
-0.0760769215
-0.07819554463
-0.07994902083
-0.08125970061
-0.08204639451
-0.08222436014
-0.08170533467
-0.08039755212
-0.07820599972
-0.07503263887
-0.07077546798
-0.06533074934
-0.05859188676
-0.05044965905
-0.04079241961
-0.02950610753
-0.01647425445
-0.001578142937
0.01530253741
0.03428776209
0.05549241376
0.07901573123
0.1049196095
0.1331868355
0.1636459078
0.1958452628
0.2288665955
0.2611355225
0.290356773
0.3129947617
0.3230115328
0.321064777
-0.1690413975
-0.1712797249
-0.1658556119
-0.1528117888
-0.1373016663
-0.1216623717
-0.1070080308
-0.09387015765
-0.08244161859
-0.07272317085
-0.06462005974
-0.05799717245
-0.05270510916
-0.04859971106
-0.04554704143
-0.04342614476
-0.04212909141
-0.04155983224
-0.04163258175
-0.04227007618
-0.04340188723
-0.04496287394
-0.046891801
-0.04913012435
-0.051620933
-0.05430803103
-0.05713514334
-0.06004522963
-0.06297989328
-0.06587887399
-0.0686796146
-0.07131689489
-0.07372252596
-0.07582510024
-0.07754979285
-0.07881820993
-0.07954828001
-0.07965418408
-0.07904631203
-0.07763118023
-0.07531162144
-0.0719864111
-0.06755009612
-0.06189375541
-0.05490393979
-0.04646226834
-0.03644473947
-0.02472058271
-0.01115066139
0.004414607644
0.02213773454
0.04219663319
0.06478600756
0.09011516108
0.1183970027
0.1498180959
0.1844716364
0.2222234666
0.2624693438
0.303776071
0.343641722
0.3777552428
0.3976869205
0.4023629522
-0.2184531555
-0.2124886817
-0.1973329236
-0.1745973591
-0.1511624983
-0.1295754985
-0.110685061
-0.09464348925
-0.08128801639
-0.07033640989
-0.06147646413
-0.05441831786
-0.04890558862
-0.0447195295
-0.04167574571
-0.03961933791
-0.03841971697
-0.03796580801
-0.03816191907
-0.03892429316
-0.04017827337
-0.04185598571
-0.04389444494
-0.0462340002
-0.04881705189
-0.05158698519
-0.05448727786
-0.05746074956
-0.06044892745
-0.06339150927
-0.06622590883
-0.06888687286
-0.07130616002
-0.07341227469
-0.0751302488
-0.07638146522
-0.07708351532
-0.07715008283
-0.07649083609
-0.07501125247
-0.07261274115
-0.06919189434
-0.06464072277
-0.05884621628
-0.05168932967
-0.0430439529
-0.03277533106
-0.02073771824
-0.006771060091
0.00930359426
0.02769027241
0.04862607883
0.07239088625
0.0993176005
0.1297994912
0.1642858423
0.2032465467
0.2470656681
0.2957907711
0.3486595515
0.4034273177
0.455235868
0.4931716479
0.5131694345
-0.2978524289
-0.2713145171
-0.2367290416
-0.1983361915
-0.1637228816
-0.1347123042
-0.1111547574
-0.09231992054
-0.07737436473
-0.06558867555
-0.05636154256
-0.04921487878
-0.04377455729
-0.03974894411
-0.03690927298
-0.03507408948
-0.03409729364
-0.03385906946
-0.03425907933
-0.03521136156
-0.03664047905
-0.03847858296
-0.04066314595
-0.04313518741
-0.04583786277
-0.04871532606
-0.0517118004
-0.05477080962
-0.05783453733
-0.06084328898
-0.06373503879
-0.06644504802
-0.068905544
-0.0710454511
-0.07279016563
-0.07406136643
-0.0747768519
-0.07485039253
-0.07419157453
-0.07270554427
-0.07029306325
-0.06684976896
-0.06226608598
-0.05642634206
-0.04920765352
-0.04047835339
-0.03009565785
-0.01790226298
-0.003721448862
0.01264991549
0.0314512984
0.05297246039
0.07757278278
0.1057073187
0.1379600538
0.1750815898
0.2180189513
0.2679005325
0.3258880995
0.3927405919
0.4677441905
0.5458823436
0.6135770597
0.6642920598
-0.4322073075
-0.3535269701
-0.2802531296
-0.2185393921
-0.1700289876
-0.1332400303
-0.1057189921
-0.08508074759
-0.06950655689
-0.05771465783
-0.04879119658
-0.04208242144
-0.03712060754
-0.03356663182
-0.03116935207
-0.02973848793
-0.02912620079
-0.02921440018
-0.02990597248
-0.03111865171
-0.03278065608
-0.0348275188
-0.0371997374
-0.03984099044
-0.04269675424
-0.04571320666
-0.048836342
-0.05201124463
-0.05518148543
-0.05828861555
-0.06127173972
-0.06406715542
-0.06660804792
-0.06882423234
-0.07064193466
-0.07198360284
-0.07276773818
-0.07290873281
-0.0723166797
-0.07089714556
-0.06855107704
-0.0651742105
-0.06065651131
-0.0548813179
-0.04772405778
-0.03905033216
-0.02871311206
-0.01654864107
-0.002370456468
0.01403934678
0.03294292973
0.05466560712
0.0796238791
0.1083671681
0.1416398273
0.1804718633
0.2263056823
0.281153246
0.3477387997
0.4294671057
0.5293777881
0.6453581733
0.7633896889
0.8752552114
-0.7304910198
-0.4694141129
-0.3095327318
-0.219023954
-0.158559271
-0.1172701364
-0.0892773626
-0.06970920938
-0.05562842406
-0.04536014722
-0.03783431271
-0.03234347494
-0.0284195114
-0.02574310159
-0.02408744153
-0.02328556729
-0.02321002604
-0.023759733
-0.02485143728
-0.02641406793
-0.02838486659
-0.0307066602
-0.03332587882
-0.03619106877
-0.03925174297
-0.04245746702
-0.04575711563
-0.049098256
-0.05242662944
-0.05568571137
-0.05881633629
-0.06175637742
-0.0644404735
-0.06679979571
-0.06876184813
-0.07025029401
-0.07118479809
-0.07148086985
-0.07104966427
-0.06979790908
-0.06762760021
-0.06443543452
-0.06011229017
-0.0545423848
-0.04760196044
-0.03915733949
-0.02906207828
-0.01715279
-0.003243001755
0.01288593086
0.03149839868
0.05292511752
0.07759490294
0.1060847987
0.139201006
0.1781124196
0.2245743837
0.2813064037
0.3526320049
0.445467519
0.5699923255
0.7388512135
0.9742476854
1.301473398
-1.424914572
-0.6454750437
-0.3290751079
-0.209343382
-0.1365292278
-0.09170728805
-0.06550074191
-0.04902861956
-0.03793399418
-0.03025843236
-0.02488213566
-0.02113128624
-0.01860810775
-0.01706433093
-0.0163325664
-0.01629282973
-0.01685392083
-0.01794239149
-0.01949602529
-0.02145984615
-0.02378352397
-0.02641959486
-0.02932217617
-0.03244599001
-0.03574558715
-0.03917470767
-0.04268574023
-0.04622925644
-0.04975360578
-0.05320456144
-0.05652501094
-0.05965468687
-0.06252993402
-0.0650835091
-0.06724440886
-0.06893772084
-0.07008448873
-0.07060157925
-0.07040157014
-0.06939260603
-0.06747809304
-0.06455633047
-0.06052002585
-0.0552555349
-0.04864169822
-0.04054811821
-0.03083262583
-0.01933755768
-0.005884272565
0.009734985311
0.02776933106
0.04852806314
0.07241046167
0.09995475128
0.1319222076
0.1694488784
0.2143329156
0.2696063079
0.3407419345
0.4382064452
0.5817904669
0.8108664233
1.250202099
2.170666436
)
;

boundaryField
{
    movingWall
    {
        type            zeroGradient;
    }
    fixedWalls
    {
        type            zeroGradient;
    }
    frontAndBack
    {
        type            empty;
    }
}


// ************************************************************************* //
