/*--------------------------------*- C++ -*----------------------------------*\
  =========                 |
  \\      /  F ield         | OpenFOAM: The Open Source CFD Toolbox
   \\    /   O peration     | Website:  https://openfoam.org
    \\  /    A nd           | Version:  11
     \\/     M anipulation  |
\*---------------------------------------------------------------------------*/
FoamFile
{
    format      ascii;
    class       volScalarField;
    location    "800";
    object      p;
}
// * * * * * * * * * * * * * * * * * * * * * * * * * * * * * * * * * * * * * //

dimensions      [0 2 -2 0 0 0 0];

internalField   nonuniform List<scalar> 
4096
(
9.37639414e-09
-3.447425928e-05
-0.0001471350034
-0.000330592119
-0.0005597466972
-0.0008139832831
-0.001076681237
-0.001334617559
-0.001577643902
-0.001798191439
-0.001990748295
-0.002151395222
-0.002277414171
-0.00236696865
-0.002418850835
-0.002432288753
-0.002406806405
-0.002342129867
-0.002238132685
-0.002094814258
-0.001912305237
-0.001690894338
-0.00143107128
-0.001133580909
-0.0007994838508
-0.0004302193506
-2.766619841e-05
0.0004058020597
0.0008672711989
0.00135325294
0.001859667072
0.002381841668
0.002914534114
0.003451973452
0.003987923458
0.004515770306
0.00502863359
0.00551949727
0.005981358806
0.006407392969
0.006791125943
0.007126614489
0.007408624398
0.007632802077
0.007795833059
0.007895581533
0.007931205666
0.007903244494
0.00781367359
0.007665928317
0.007464895362
0.007216875126
0.006929519283
0.006611749161
0.006273661013
0.005926422932
0.005582162175
0.005253834922
0.00495504162
0.004699661753
0.004501119394
0.004371626341
0.004320551863
0.004331500068
3.416303908e-05
-5.324142302e-07
-9.890343472e-05
-0.0002565673841
-0.0004532492357
-0.0006721883992
-0.0008996138338
-0.001124205272
-0.001336965044
-0.001530948903
-0.001700920288
-0.00184301304
-0.001954429722
-0.002033184225
-0.002077891032
-0.002087599953
-0.002061673115
-0.001999699997
-0.001901445904
-0.001766829056
-0.001595921543
-0.001388969446
-0.001146427641
-0.0008690049358
-0.0005577154544
-0.0002139323341
0.0001605599482
0.0005635181283
0.0009922008503
0.001443340546
0.001913129202
0.002397220455
0.002890750984
0.003388381018
0.003884352935
0.004372573218
0.004846715797
0.005300343196
0.005727044252
0.00612058517
0.006475069754
0.006785104016
0.007045959759
0.007253731423
0.00740548043
0.007499361535
0.007534726296
0.007512199712
0.007433727307
0.007302591391
0.007123396797
0.006902027926
0.006645580262
0.006362270292
0.006061327593
0.005752871031
0.005447767343
0.005157461661
0.004893751166
0.004668402902
0.004492541418
0.0043766111
0.004330825728
0.004342207764
0.0001473967839
9.721910035e-05
-2.222647454e-06
-0.0001466731432
-0.0003214836873
-0.0005139152339
-0.000713073035
-0.0009097025971
-0.001096204996
-0.001266526949
-0.001415959848
-0.001540914838
-0.001638704766
-0.001707347848
-0.001745400637
-0.001751823166
-0.00172587623
-0.00166704899
-0.00157501409
-0.001449606932
-0.001290825444
-0.001098846617
-0.0008740560506
-0.0006170868414
-0.000328864237
-1.065261625e-05
0.0003358985235
0.0007087127319
0.001105251933
0.001522491724
0.001956909163
0.002404485358
0.002860726077
0.003320699583
0.003779090679
0.004230277269
0.004668426628
0.005087608012
0.005481920808
0.005845635157
0.006173341122
0.006460101837
0.00670160553
0.006894310946
0.007035580664
0.00712379701
0.007158455838
0.007140234301
0.007071029855
0.00695396906
0.006793386137
0.006594772574
0.006364700138
0.006110720271
0.005841242531
0.005565393264
0.005292852877
0.005033666896
0.004798014342
0.004595861573
0.004436490608
0.004328970939
0.00428419677
0.004292021647
0.0003339784832
0.0002555196851
0.0001395332029
-6.932778856e-06
-0.0001747195411
-0.0003543489939
-0.0005372910707
-0.0007161927169
-0.0008848979744
-0.001038398258
-0.001172716422
-0.001284756391
-0.001372145939
-0.001433088812
-0.001466235211
-0.001470575236
-0.001445356875
-0.001390028197
-0.001304202147
-0.001187641627
-0.001040262081
-0.0008621485949
-0.0006535844136
-0.0004150877435
-0.0001474537639
0.0001482012031
0.0004703963276
0.0008172466025
0.001186429655
0.001575161693
0.001980184992
0.002397769194
0.002823729902
0.003253463541
0.003681996525
0.004104057471
0.004514168317
0.004906751078
0.005276249929
0.005617265601
0.005924698314
0.006193894748
0.006420794015
0.006602067185
0.006735244821
0.006818827187
0.006852372281
0.00683655769
0.006773213341
0.006665323508
0.006516997824
0.006333412343
0.006120722871
0.00588595346
0.005636863114
0.005381793025
0.005129495443
0.004888945274
0.004669130039
0.00447877047
0.004325994969
0.004218964058
0.004167998526
0.004165160652
0.0005704771916
0.0004552276741
0.0003125404627
0.0001541729428
-1.619302248e-05
-0.0001919687924
-0.0003666962473
-0.000534800823
-0.0006915633196
-0.0008330861512
-0.000956230765
-0.001058518046
-0.001138015512
-0.001193227435
-0.001222996767
-0.001226423832
-0.001202804089
-0.001151585391
-0.001072343902
-0.0009647770596
-0.0008287114513
-0.0006641232002
-0.0004711682907
-0.0002502201871
-1.912066502e-06
0.0002728190146
0.0005726886937
0.000896025268
0.00124073567
0.001604279996
0.001983656944
0.002375402444
0.002775605106
0.003179937813
0.003583702003
0.003981896048
0.00436930241
0.004740590331
0.00509043417
0.00541364444
0.005705307785
0.005960931393
0.006176586729
0.006349047
0.006475912627
0.006555719131
0.00658802235
0.00657345668
0.006513763188
0.006411785723
0.006271434628
0.006097619113
0.00589615061
0.005673620489
0.005437256086
0.005194759025
0.00495412977
0.004723483392
0.004510859068
0.004323997367
0.004170121302
0.004056431042
0.003991501548
0.003970196556
0.0008372258068
0.0006800165456
0.0005041240304
0.0003270167831
0.0001471561062
-3.142914516e-05
-0.0002041043007
-0.0003669347869
-0.0005165835035
-0.0006502685753
-0.000765733459
-0.0008611809206
-0.0009351915599
-0.0009866426943
-0.00101463559
-0.001018435685
-0.0009974282111
-0.0009510899408
-0.0008789766087
-0.0007807248263
-0.0006560668023
-0.0005048558974
-0.0003271008556
-0.0001230064504
0.0001069817872
0.0003621311447
0.0006413760357
0.000943275507
0.001265976438
0.001607184919
0.001964148159
0.002333649287
0.002712018617
0.003095161795
0.003478599194
0.003857530749
0.004226920146
0.004581594822
0.004916362398
0.005226140624
0.005506097024
0.005751793663
0.00595933174
0.006125490158
0.006247852052
0.006324913291
0.006356167504
0.00634216295
0.006284527746
0.006185961347
0.006050191796
0.005881899873
0.005686612819
0.005470571672
0.00524057722
0.005003820251
0.004767702202
0.00453965319
0.004326952783
0.00413654782
0.003974909577
0.003848248334
0.003762801725
0.003716831489
0.001117494235
0.0009156124513
0.0007025540996
0.0005019918446
0.0003075608969
0.0001210553489
-5.448101575e-05
-0.0002166038782
-0.0003632744749
-0.0004927930146
-0.000603786707
-0.0006951644739
-0.0007660564893
-0.0008157540044
-0.0008436562614
-0.0008492284496
-0.0008319728582
-0.0007914139301
-0.000727096904
-0.0006385990679
-0.0005255522163
-0.0003876746359
-0.00022481077
-3.697659371e-05
0.0001755913593
0.0004123854696
0.0006725772441
0.000954970599
0.001257960633
0.001579500357
0.001917077809
0.002267705979
0.00262792897
0.002993846619
0.003361148753
0.003725176568
0.004081004719
0.004423539681
0.004747635741
0.005048225683
0.005320462263
0.005559865779
0.005762472169
0.005924975479
0.006044858255
0.006120503425
0.006151281727
0.006137609552
0.00608097331
0.005983917968
0.005849999155
0.005683700113
0.005490316582
0.00527581437
0.005046665728
0.004809671627
0.004571777784
0.004339892056
0.004120709335
0.003920558387
0.00374531977
0.003600296972
0.003489242059
0.00341426351
0.001396770843
0.001149167451
0.0008968050072
0.0006697461548
0.0004572005932
0.0002590116485
7.683389706e-05
-8.823571836e-05
-0.0002353629154
-0.0003638755306
-0.000473259528
-0.0005631254827
-0.0006331616122
-0.0006830885058
-0.0007126210872
-0.0007214409242
-0.0007091806076
-0.000675420706
-0.0006196989489
-0.0005415307335
-0.0004404396988
-0.0003159968845
-0.000167866847
4.141017107e-06
0.0002000177917
0.0004194989784
0.0006620091539
0.0009266095925
0.001211951237
0.001516235519
0.001837185551
0.002172030277
0.002517504583
0.002869870267
0.00322494484
0.003578159234
0.003924638429
0.00425929886
0.004576965028
0.004872502315
0.005140962014
0.005377733705
0.005578699137
0.005740381067
0.005860080119
0.005935992715
0.005967303538
0.005954246868
0.005898132424
0.00580133304
0.005667233418
0.005500141374
0.005305165061
0.005088061637
0.004855064507
0.004612697536
0.004367585389
0.004126267684
0.00389502294
0.003679737572
0.003485878774
0.003318004939
0.003177483867
0.003070586393
0.001662453814
0.001369143236
0.001076598053
0.0008212598454
0.0005882624519
0.0003757279152
0.0001840864171
1.321385049e-05
-0.0001371677367
-0.0002673505487
-0.0003776388311
-0.0004683213382
-0.0005396327855
-0.0005917191929
-0.0006246114047
-0.0006382090291
-0.0006322760247
-0.000606448167
-0.0005602519262
-0.0004931338492
-0.0004044992611
-0.0002937589331
-0.0001603822432
-3.955245659e-06
0.0001757580469
0.0003787530123
0.0006047224057
0.0008529971837
0.001122492552
0.001411661794
0.001718460565
0.002040324399
0.002374161828
0.002716371365
0.003062864576
0.003409119468
0.003750260035
0.00408115303
0.00439652583
0.004691102349
0.004959752941
0.005197653216
0.005400445667
0.005564397126
0.0056865446
0.005764821906
0.005798159948
0.00578655432
0.005731095317
0.005633957252
0.005498346131
0.00532840712
0.005129095648
0.004906018266
0.004665251289
0.004413146798
0.004156136258
0.003900539256
0.003652383066
0.003417289716
0.003200502095
0.003006036185
0.002833092981
0.002692309791
0.00190346311
0.001565127878
0.001232374652
0.0009478916356
0.0006930224153
0.0004643439478
0.0002611905769
8.232309574e-05
-7.356460086e-05
-0.0002076648862
-0.0003210525162
-0.0004146596966
-0.0004892428708
-0.0005453559057
-0.0005833327699
-0.0006032810989
-0.0006050873837
-0.0005884337263
-0.0005528255529
-0.0004976293409
-0.0004221192161
-0.0003255311608
-0.0002071234738
-6.624203247e-05
9.761122323e-05
0.0002847083289
0.0004950258012
0.0007281777902
0.0009833542941
0.001259267076
0.001554106161
0.001865509871
0.002190549967
0.002525743967
0.002867072347
0.003210026382
0.003549686781
0.003880819709
0.004197996133
0.004495731411
0.004768640965
0.00501160687
0.005219948927
0.005389592856
0.005517227561
0.005600443263
0.005637842573
0.005629117482
0.005575086666
0.005477689437
0.00533993509
0.005165808972
0.004960139379
0.00472843192
0.004476680195
0.004211163412
0.00393824225
0.003664160251
0.003394856247
0.003135866417
0.002892402786
0.002668155506
0.00246040917
0.0022843008
0.002109876755
0.001727623101
0.001355215367
0.001041385313
0.0007639133154
0.0005179611582
0.0003018633718
0.0001133508977
-4.983763653e-05
-0.0001897343135
-0.0003081348126
-0.0004065744454
-0.0004862986916
-0.000548242686
-0.0005930215971
-0.0006209324924
-0.0006319679613
-0.0006258411784
-0.0006020216659
-0.0005597807828
-0.0004982458367
-0.0004164616405
-0.0003134582657
-0.0001883236519
-4.027959687e-05
0.0001312405362
0.0003265142951
0.0005454549742
0.0007875412681
0.001051754475
0.001336526343
0.00163970081
0.001958510148
0.002289581393
0.002628947835
0.002972089368
0.003314010125
0.003649333224
0.003972421387
0.004277520334
0.004558920795
0.004811133855
0.005029072994
0.005208235016
0.005344871264
0.005436140197
0.005480232573
0.005476461373
0.00542531002
0.005328434534
0.005188617833
0.005009677294
0.004796329718
0.004554020755
0.004288728326
0.004006751614
0.003714497985
0.00341827494
0.003124092578
0.002837577492
0.002564102049
0.002307242451
0.002062606342
0.001849933588
0.00227265141
0.001847862718
0.001436753592
0.001093854306
0.0007935627693
0.0005297186348
0.0002997255733
0.0001003511782
-7.156006751e-05
-0.0002188255273
-0.0003439137682
-0.0004489211146
-0.0005355454192
-0.0006050712266
-0.000658367143
-0.0006958952443
-0.0007177323717
-0.0007236027674
-0.0007129212157
-0.000684845713
-0.0006383386242
-0.0005722352424
-0.0004853186206
-0.0003763994485
-0.0002443996051
-8.843779938e-05
9.208455632e-05
0.0002973994155
0.0005272926103
0.0007810316312
0.00105730399
0.001354169786
0.001669027887
0.001998614405
0.002339009216
0.002685665913
0.003033488159
0.003376922145
0.003710077799
0.004026875701
0.004321215573
0.004587161079
0.004819134122
0.005012110454
0.005161807438
0.00526485425
0.005318934876
0.005322895023
0.005276805497
0.005181976764
0.005040922144
0.004857270297
0.004635630979
0.004381421337
0.004100662833
0.003799761242
0.003485283113
0.003163735728
0.002841356162
0.002524033072
0.002217484075
0.001925370176
0.001641826145
0.001391304892
0.00238341931
0.001917674465
0.001469102402
0.001097761831
0.0007748161443
0.0004928485443
0.0002483797111
3.726480045e-05
-0.0001444955234
-0.0003004561801
-0.0004337139386
-0.0005468847845
-0.0006420811159
-0.0007209025913
-0.0007844403223
-0.0008332935063
-0.0008675979564
-0.0008870657936
-0.0008910354104
-0.000878530766
-0.0008483290638
-0.0007990358533
-0.0007291665622
-0.0006372333684
-0.0005218361582
-0.0003817560795
-0.0002160498881
-2.414292832e-05
0.0001940817873
0.0004382012904
0.0007071806881
0.00099931562
0.001312187642
0.001642651497
0.00198683836
0.002340171225
0.002697439544
0.003052887866
0.003400336439
0.003733330858
0.004045316754
0.004329834377
0.004580726213
0.004792349144
0.004959781429
0.005079013991
0.005147115379
0.005162360325
0.005124313233
0.005033860117
0.004893185401
0.004705693435
0.0044758783
0.004209149107
0.003911621262
0.003589886919
0.003250779041
0.002901136131
0.002547573514
0.002196408151
0.001853880333
0.001523917494
0.001199341355
0.0009094646678
0.002434350656
0.001929380952
0.00144479949
0.001045905424
0.000700755032
0.0004007219657
0.0001414764106
-8.200004712e-05
-0.0002745092711
-0.0004403023742
-0.0005830637165
-0.0007058897906
-0.0008112704415
-0.0009010857965
-0.0009766174657
-0.001038572376
-0.001087118332
-0.001121930412
-0.001142247287
-0.001146936612
-0.001134568659
-0.001103497411
-0.001051948278
-0.0009781115321
-0.0008802403277
-0.0007567519643
-0.0006063306547
-0.0004280296881
-0.0002213704465
1.356465747e-05
0.0002760489952
0.0005646430588
0.0008771384552
0.001210529209
0.001561014775
0.001923995082
0.002294142966
0.002665486865
0.003031529049
0.003385396654
0.003720021768
0.004028345703
0.0043035407
0.004539240363
0.004729768592
0.004870355706
0.004957329989
0.004988273237
0.004962130145
0.004879263516
0.004741450291
0.00455181707
0.004314717901
0.004035561175
0.003720596229
0.003376673546
0.003010994002
0.002630854354
0.002243395255
0.001855523161
0.001474171818
0.001103701194
0.0007357318097
0.0004046409022
0.002418065042
0.001875736468
0.001356772377
0.000931410359
0.0005647166877
0.0002468906332
-2.722600282e-05
-0.0002634949438
-0.000467486267
-0.000644111389
-0.0007976057627
-0.0009315101603
-0.001048656706
-0.001151172483
-0.001240498111
-0.001317418935
-0.001382107546
-0.001434176629
-0.001472741229
-0.001496489705
-0.001503762721
-0.001492639689
-0.001461032046
-0.001406782655
-0.001327770398
-0.001222018764
-0.001087806832
-0.0009237806089
-0.0007290622202
-0.0005033540255
-0.0002470339343
3.876369348e-05
0.0003520804245
0.000690082491
0.001049068483
0.00142443617
0.001810752279
0.002201826528
0.002590825038
0.002970420762
0.003332977542
0.00367076345
0.003976186917
0.004242046936
0.004461786686
0.004629738455
0.004741346896
0.00479335766
0.004783959404
0.004712869266
0.004581354876
0.004392189948
0.004149544896
0.003858818573
0.003526421537
0.003159525219
0.002765793506
0.002353104126
0.00192926675
0.001501935059
0.001078902901
0.0006651154039
0.0002510586398
-0.0001235476874
0.002327584374
0.001749892268
0.001198322147
0.0007477334428
0.0003603174157
2.512809869e-05
-0.000263805207
-0.0005131628142
-0.0007292536392
-0.0009176178647
-0.001083009297
-0.001229379941
-0.00135987167
-0.001476827151
-0.001581816236
-0.001675674706
-0.00175855375
-0.001829979037
-0.001888918531
-0.00193385846
-0.001962887013
-0.001973785399
-0.001964125947
-0.001931376743
-0.001873012141
-0.001786628139
-0.001670061205
-0.001521508648
-0.001339648105
-0.001123753283
-0.0008738023158
-0.0005905722034
-0.000275718094
6.814570438e-05
0.0004374628646
0.0008276651724
0.001233238687
0.001647785786
0.002064130581
0.002474465992
0.002870539592
0.00324387469
0.003586020676
0.003888824089
0.004144709513
0.004346957425
0.004489964762
0.004569473487
0.00458275304
0.004528724313
0.004408015822
0.004222946768
0.003977436585
0.003676845705
0.003327757375
0.002937715154
0.002514933617
0.002067989984
0.001605504448
0.001136034336
0.0006683994151
0.0002082743454
-0.0002549655953
-0.000675894436
0.002156314542
0.001545386831
0.0009631244813
0.0004886775116
8.14814642e-05
-0.0002705274238
-0.0005741193866
-0.0008367715626
-0.001065505434
-0.00126646162
-0.001444882766
-0.001605102214
-0.001750542063
-0.001883732009
-0.002006343932
-0.00211923839
-0.002222521021
-0.002315607597
-0.002397296959
-0.002465851403
-0.002519084349
-0.002554455216
-0.002569171456
-0.002560297587
-0.002524870796
-0.002460022405
-0.002363104012
-0.002231816594
-0.002064340284
-0.001859462092
-0.001616698098
-0.001336403171
-0.001019863157
-0.0006694048024
-0.0002883807992
0.0001187288507
0.0005463724553
0.0009879731086
0.00143602222
0.001882219594
0.002317658002
0.00273304979
0.003118990438
0.003466250996
0.003766088498
0.004010560835
0.004192830596
0.004307441218
0.004350548811
0.004320094387
0.004215903993
0.004039708432
0.003795079423
0.003487284961
0.003123072497
0.002710394508
0.002258094964
0.001775564809
0.001272375385
0.0007581455623
0.00024289012
-0.0002668467371
-0.0007828140001
-0.001253420669
0.001898052704
0.001256154352
0.0006452445403
0.0001484155568
-0.0002775242829
-0.0006457274355
-0.0009637510316
-0.001239848137
-0.001481728068
-0.001696105724
-0.001888685716
-0.002064155808
-0.002226191982
-0.00237748565
-0.002519786733
-0.002653958002
-0.002780038286
-0.002897313212
-0.003004392755
-0.003099295372
-0.003179538825
-0.003242237944
-0.003284209628
-0.003302085234
-0.003292430331
-0.003251871374
-0.003177228447
-0.003065652632
-0.00291476592
-0.002722801113
-0.002488738468
-0.002212432112
-0.001894719388
-0.001537553064
-0.001144004083
-0.0007183913718
-0.0002662418403
0.0002057361925
0.0006897293808
0.001176947808
0.00165780415
0.002122142512
0.00255951314
0.002959485858
0.003311991596
0.003607678152
0.003838263454
0.003996867622
0.004078304327
0.004079312633
0.00399871293
0.003837474606
0.003598688686
0.003287445183
0.002910621884
0.00247659857
0.001994915983
0.001475888159
0.0009301785859
0.0003686297765
-0.0001973718945
-0.0007602706784
-0.001332987049
-0.001857202942
0.001547010425
0.0008765492754
0.0002391639431
-0.0002784766994
-0.000722050178
-0.00110576447
-0.001437949343
-0.001727612138
-0.001983125576
-0.002211753968
-0.00241963914
-0.002611799126
-0.002792140681
-0.002963495154
-0.003127670209
-0.003285511959
-0.003436974783
-0.003581197332
-0.003716584095
-0.003840892522
-0.00395132608
-0.004044633869
-0.004117217458
-0.004165245503
-0.004184776489
-0.004171889572
-0.004122823026
-0.004034119204
-0.003902774241
-0.003726390207
-0.003503326805
-0.003232845448
-0.002915236396
-0.002551977176
-0.002145763057
-0.001700651802
-0.001222061344
-0.0007167607884
-0.0001928177876
0.0003405122874
0.0008729546857
0.001393441668
0.001890394979
0.00235205863
0.002766872182
0.003123870619
0.003413093089
0.003625979725
0.003755733827
0.003797626497
0.003749222468
0.003610509704
0.003383921053
0.003074243562
0.002688419161
0.002235249469
0.00172502454
0.001169084668
0.000579327598
-3.201132619e-05
-0.0006519855322
-0.001271879332
-0.001905858877
-0.002488206984
0.001097852367
0.0004013811151
-0.000260183801
-0.000796981797
-0.001257019322
-0.001655520791
-0.002001571281
-0.002304908781
-0.002574544342
-0.002818267441
-0.00304263406
-0.003252970925
-0.003453395696
-0.003646861622
-0.003835217846
-0.004019279165
-0.004198902077
-0.004373065529
-0.004539955802
-0.004697055729
-0.004841238972
-0.004968870324
-0.005075913131
-0.005158044827
-0.005210781368
-0.005229610991
-0.005210137255
-0.005148230694
-0.005040187733
-0.004882894886
-0.004673995849
-0.004412054625
-0.00409670235
-0.003728815182
-0.003310602649
-0.002845736855
-0.002339416933
-0.001798375557
-0.001230857365
-0.0006465329492
-5.634820384e-05
0.0005276933481
0.001092815668
0.00162581904
0.002113484251
0.002543018726
0.00290252628
0.003181477701
0.00337115608
0.003465049211
0.003459162023
0.003352225186
0.003145781765
0.002844141775
0.002454203977
0.001985155311
0.001448067809
0.000855402452
0.0002204345488
-0.0004430291964
-0.001120277115
-0.00180127211
-0.002501523437
-0.003147125489
0.0005457421708
-0.000174041662
-0.0008573710918
-0.001411596845
-0.001886880061
-0.002299415409
-0.002659021845
-0.002976141575
-0.003260397598
-0.003520080459
-0.003762138637
-0.00399218841
-0.004214541753
-0.004432259672
-0.004647220877
-0.004860198788
-0.005070943328
-0.005278265743
-0.00548012597
-0.005673722978
-0.005855589108
-0.006021689797
-0.006167530195
-0.006288270164
-0.006378848926
-0.006434120299
-0.006448998977
-0.006418617751
-0.006338494746
-0.006204709174
-0.00601408381
-0.005764368326
-0.005454407547
-0.005084333178
-0.004655735863
-0.004171752152
-0.003637225283
-0.003058724454
-0.002444562658
-0.001804744015
-0.00115083922
-0.0004957847272
0.0001463978248
0.0007609610658
0.001332864086
0.001847265281
0.002290057502
0.00264842111
0.002911365398
0.003070225485
0.003119080805
0.003055063439
0.002878529921
0.002593078614
0.002205405742
0.001725006626
0.001163741057
0.0005352722404
-0.000145603593
-0.0008633186509
-0.001601170747
-0.002347622325
-0.003119639363
-0.003834214563
-0.0001136033494
-0.0008538639478
-0.001556430913
-0.002126287592
-0.002615557303
-0.003041350815
-0.003414194737
-0.00374520568
-0.004044590518
-0.004321116642
-0.004582104622
-0.004833443549
-0.005079626462
-0.00532381205
-0.005567901269
-0.005812621081
-0.00605761132
-0.006301512795
-0.006542056205
-0.006776152498
-0.006999986035
-0.007209112339
-0.007398562416
-0.007562955612
-0.007696622835
-0.007793741619
-0.007848484089
-0.007855178296
-0.007808482617
-0.007703572202
-0.007536336392
-0.007303582937
-0.00700322988
-0.006634504838
-0.006198222837
-0.005696810141
-0.005134587842
-0.004517801818
-0.003854689263
-0.003155469036
-0.002432253261
-0.001698873544
-0.0009706145349
-0.0002638519361
0.0004044021312
0.001017036674
0.001557444854
0.002010167135
0.002361541847
0.002600324692
0.002718235541
0.002710391257
0.002575587761
0.002316403194
0.001939106524
0.001453372116
0.0008718168959
0.000209368662
-0.0005175147349
-0.001291302927
-0.002093053728
-0.002909525835
-0.003759267787
-0.004549125494
-0.0008838595945
-0.001641633272
-0.002360810032
-0.002944442324
-0.003446404604
-0.003884661198
-0.004270414919
-0.004615423331
-0.004930447234
-0.005224706462
-0.00550587452
-0.005780099054
-0.006052044387
-0.006324961072
-0.006600769855
-0.006880151435
-0.007162637618
-0.007446701783
-0.007729848297
-0.0080087017
-0.008279097359
-0.008536175767
-0.008774482952
-0.00898807949
-0.009170660495
-0.0093156887
-0.009416542284
-0.009466678623
-0.009459814325
-0.009390121149
-0.009252437393
-0.009042492735
-0.00875712736
-0.008394499066
-0.00795444546
-0.007438501262
-0.006850266859
-0.006195469372
-0.005482086668
-0.004720391073
-0.003922908616
-0.003104284556
-0.002281043332
-0.001471235253
-0.0006939683563
3.116850146e-05
0.0006847761132
0.001248383734
0.001705221005
0.002040978981
0.002244510045
0.002308414269
0.002229462541
0.002008815091
0.001652007674
0.00116869703
0.0005721776269
-0.0001213239896
-0.0008935552686
-0.001724810702
-0.002593631588
-0.00348484112
-0.004418701252
-0.005290726255
-0.001768037437
-0.002540251145
-0.003273324426
-0.003868828333
-0.004382159346
-0.004832064201
-0.005230385018
-0.005589483141
-0.005920641545
-0.006233508027
-0.006536091305
-0.006834785995
-0.007134421622
-0.00743833929
-0.007748482191
-0.008065490546
-0.008388796107
-0.008716713973
-0.009046531358
-0.009374594358
-0.009696394681
-0.01000665896
-0.01029944359
-0.01056823805
-0.0108060798
-0.01100568335
-0.01115958597
-0.01126031184
-0.01130055585
-0.01127338734
-0.01117247395
-0.01099232524
-0.01072854034
-0.01037804307
-0.009939469201
-0.009413247228
-0.008802033723
-0.008110808129
-0.007347063672
-0.006520917859
-0.005645132298
-0.004735031743
-0.003808305504
-0.002884677557
-0.001985437896
-0.001132835884
-0.0003493468583
0.0003431645534
0.0009243478864
0.001376288046
0.001684385079
0.00183812734
0.001831692814
0.001664320339
0.001340406837
0.0008693091273
0.0002648545039
-0.0004554382801
-0.001271404289
-0.002160942239
-0.0030997718
-0.004070514428
-0.005095277234
-0.006056908895
-0.002768432152
-0.003551927117
-0.004296118636
-0.00490155325
-0.005424903374
-0.005885618521
-0.006296137743
-0.006669385439
-0.007017133442
-0.007349433287
-0.007674612953
-0.007999305475
-0.008328503524
-0.008665642262
-0.009012695412
-0.009370274373
-0.009737725029
-0.01011321981
-0.01049384461
-0.01087568184
-0.0112538918
-0.01162279548
-0.011975962
-0.01230630456
-0.0126061881
-0.01286755239
-0.01308205332
-0.01324122531
-0.01333666663
-0.01336024891
-0.0133043517
-0.01316212331
-0.01292775463
-0.01259674102
-0.01216629761
-0.01163553882
-0.01100589275
-0.0102813336
-0.00946860473
-0.008577411275
-0.007620515968
-0.00661372795
-0.005575763534
-0.004527958276
-0.003493815479
-0.002498384686
-0.001567475276
-0.0007267246198
-5.566574351e-07
0.0005889163731
0.001022981096
0.001287319952
0.001372834424
0.001276215241
0.001000194379
0.0005534390388
-4.992082605e-05
-0.0007911381342
-0.001648044781
-0.002595920551
-0.003607329723
-0.004662388179
-0.005785173722
-0.006844376779
-0.003886576076
-0.00467814059
-0.005430632801
-0.006044034163
-0.006576031718
-0.007046689844
-0.007468996783
-0.007856396027
-0.008221113865
-0.008573582118
-0.00892243439
-0.00927453713
-0.009635048623
-0.01000750683
-0.01039392987
-0.01079491816
-0.01120975236
-0.01163648455
-0.01207202205
-0.01251220546
-0.01295188323
-0.01338498639
-0.01380460703
-0.01420308484
-0.01457210572
-0.01490281657
-0.01518596004
-0.01541203262
-0.01557146906
-0.01565485514
-0.01565317059
-0.01555806462
-0.01536215543
-0.01505932057
-0.01464510515
-0.01411710023
-0.01347520205
-0.01272208802
-0.01186344569
-0.01090826
-0.009869000638
-0.008761698146
-0.007605884461
-0.006424369237
-0.005242828205
-0.004089187805
-0.002992802438
-0.001983436895
-0.001090086327
-0.0003396878953
0.0002442002883
0.0006426594313
0.0008425052346
0.0008371131313
0.0006268809596
0.0002192639074
-0.0003716459021
-0.001126015861
-0.002019626834
-0.003024923454
-0.004110954777
-0.005254985598
-0.00648317982
-0.007648407309
-0.005123202755
-0.005919611012
-0.006677579142
-0.007296976968
-0.007836231976
-0.0083159277
-0.008749548707
-0.009151010918
-0.009532960265
-0.009906186938
-0.01027961962
-0.01066035747
-0.01105373202
-0.01146339858
-0.01189143974
-0.01233846927
-0.01280373
-0.01328518283
-0.01377958628
-0.01428256821
-0.01478869228
-0.01529152308
-0.01578369405
-0.01625698288
-0.0167023991
-0.01711028845
-0.01747045872
-0.01777233105
-0.01800512068
-0.0181580502
-0.01822059772
-0.01818278412
-0.01803549596
-0.01777080763
-0.01738236316
-0.01686597283
-0.01621970832
-0.01544463056
-0.0145450287
-0.01352881161
-0.01240780133
-0.01119791471
-0.009919205776
-0.008595732078
-0.007255210662
-0.005928436578
-0.004648448465
-0.00344944331
-0.002365465387
-0.001428921423
-0.0006690027355
-0.0001101216192
0.0002295111235
0.0003390325635
0.0002156707776
-0.0001350144974
-0.0006994494738
-0.001456964962
-0.002381307489
-0.003441891141
-0.004603869507
-0.005841268844
-0.007182438163
-0.008462583758
-0.006478220502
-0.007276281386
-0.008036931602
-0.008660368921
-0.009205477128
-0.009693255911
-0.01013762852
-0.01055293464
-0.01095220559
-0.01134657056
-0.01174524692
-0.01215557112
-0.01258306164
-0.01303151223
-0.01350309685
-0.01399847385
-0.01451688253
-0.01505622876
-0.01561315904
-0.01618312472
-0.01676043909
-0.0173383316
-0.01790900371
-0.01846369158
-0.01899274077
-0.01948569828
-0.01993142709
-0.0203182482
-0.02063411488
-0.02086682324
-0.02100426244
-0.02103470966
-0.02094717194
-0.02073174178
-0.02037996533
-0.01988557452
-0.01924454049
-0.01845596633
-0.01752237367
-0.01645019726
-0.01525019971
-0.01393777634
-0.01253312235
-0.01106121733
-0.009551581417
-0.008037762232
-0.00655652248
-0.005146715536
-0.003847861817
-0.002698470901
-0.001734191075
-0.0009859049593
-0.0004779212304
-0.0002264315519
-0.0002384021225
-0.0005110436732
-0.001031955619
-0.001780020686
-0.002727060439
-0.003839303822
-0.005077618544
-0.006412363194
-0.007874151788
-0.009278491438
-0.007950702905
-0.008747315678
-0.009507930409
-0.01013348684
-0.01068303436
-0.01117787922
-0.01163232139
-0.01206107467
-0.01247752321
-0.01289311983
-0.01331736974
-0.01375785788
-0.01422031066
-0.01470868885
-0.01522529221
-0.01577086231
-0.01634467642
-0.01694462848
-0.01756729664
-0.01820799881
-0.01886083935
-0.01951875121
-0.0201735385
-0.02081592506
-0.02143561473
-0.02202136916
-0.02256110907
-0.0230420445
-0.02345083983
-0.02377381839
-0.02399721126
-0.02410745585
-0.02409155021
-0.02393743734
-0.02363438914
-0.02317377281
-0.02254921004
-0.02175746672
-0.02079891911
-0.01967809998
-0.01840425165
-0.01699177187
-0.01546052815
-0.01383599004
-0.01214912153
-0.01043597758
-0.008736956682
-0.007095677724
-0.005557475793
-0.004167548224
-0.002968827175
-0.001999704066
-0.001291777374
-0.0008678298593
-0.0007402545959
-0.0009101304802
-0.001367097726
-0.002090158886
-0.003049448297
-0.00420792284
-0.005521779396
-0.006957243738
-0.008547251808
-0.01008537187
-0.009538894087
-0.01033111479
-0.01108910513
-0.01171492383
-0.01226749259
-0.01276830866
-0.0132319831
-0.01367355432
-0.01410673017
-0.01454327745
-0.01499299578
-0.01546373822
-0.01596146887
-0.01649035298
-0.01705285897
-0.01764985834
-0.01828071526
-0.01894336184
-0.01963435807
-0.02034893786
-0.02108104441
-0.02182335942
-0.02256733143
-0.0233032092
-0.02402008627
-0.02470596311
-0.0253478332
-0.02593179941
-0.02644322707
-0.02686693957
-0.02718746206
-0.02738931958
-0.02745739807
-0.02737735052
-0.02713600377
-0.02672209206
-0.02612670066
-0.0253438542
-0.0243714038
-0.02321153645
-0.02187147713
-0.02036409172
-0.01870836897
-0.01692972936
-0.01506009201
-0.013137627
-0.0112061249
-0.009313928007
-0.007512393341
-0.00585389692
-0.004389441475
-0.003165991866
-0.002223726522
-0.001593448218
-0.001294430381
-0.00133296968
-0.001701868465
-0.002381042511
-0.00333934885
-0.004536488556
-0.005923631162
-0.007462377046
-0.009188018552
-0.01086973011
-0.01124023579
-0.01202535166
-0.01277831794
-0.01340263697
-0.01395681115
-0.01446240807
-0.01493428131
-0.01538774617
-0.01583681056
-0.01629355374
-0.01676808615
-0.01726855927
-0.01780121558
-0.01837047268
-0.01897902037
-0.01962791549
-0.02031666595
-0.02104329903
-0.02180441289
-0.02259521246
-0.02340953291
-0.02423985538
-0.0250773205
-0.0259117459
-0.02673165427
-0.02752431868
-0.02827583216
-0.02897120841
-0.02959452055
-0.03012908488
-0.0305576959
-0.03086291961
-0.0310274553
-0.03103455947
-0.0308684795
-0.03051508341
-0.02996271401
-0.02920232762
-0.02822887005
-0.02704173627
-0.02564561741
-0.02405127079
-0.02227618556
-0.02034509441
-0.01829025239
-0.01615139449
-0.01397528144
-0.01181475079
-0.009727212058
-0.007772564278
-0.006010572756
-0.004497817086
-0.003284406583
-0.002410740279
-0.001904648725
-0.001779271821
-0.00203199045
-0.002644703835
-0.003585626249
-0.004811367375
-0.006267772712
-0.00791131361
-0.009779652348
-0.01161488938
-0.01305141403
-0.01382702981
-0.01457283047
-0.01519401863
-0.01574839216
-0.01625746398
-0.01673625969
-0.0172003277
-0.01766396057
-0.01813955969
-0.0186375757
-0.01916650257
-0.01973291526
-0.02034154429
-0.02099536483
-0.02169568444
-0.02244221982
-0.02323315724
-0.02406519499
-0.02493356867
-0.02583206256
-0.02675301181
-0.02768730091
-0.02862436521
-0.02955220203
-0.03045739867
-0.03132518462
-0.0321395152
-0.03288319429
-0.03353804369
-0.03408512619
-0.03450502995
-0.03477822528
-0.03488549852
-0.03480841141
-0.03452983326
-0.03403510881
-0.03331190072
-0.03235187522
-0.03115121334
-0.02971155916
-0.02804096421
-0.02615474792
-0.02407623272
-0.02183726902
-0.01947844708
-0.0170488831
-0.01460546634
-0.01221146842
-0.009934452339
-0.00784347921
-0.006005697373
-0.004482504022
-0.00332558113
-0.00257320393
-0.002247271043
-0.002351491526
-0.002871149784
-0.003774737124
-0.005016140197
-0.006535685618
-0.008284223785
-0.01030178702
-0.01230048849
-0.01496843186
-0.01573256606
-0.01646939618
-0.01708599392
-0.01763917881
-0.01815028078
-0.01863442649
-0.01910736033
-0.01958365591
-0.02007606169
-0.02059541502
-0.02115061384
-0.0217486366
-0.02239460264
-0.02309184986
-0.02384201295
-0.02464509133
-0.02549950084
-0.02640210672
-0.02734823832
-0.02833168867
-0.0293447033
-0.03037796427
-0.03142057585
-0.03246005904
-0.03348236227
-0.03447189586
-0.03541159805
-0.03628304046
-0.03706658105
-0.03774157266
-0.03828663476
-0.03868000027
-0.03889994883
-0.03892528254
-0.03873581959
-0.03831364649
-0.03764304241
-0.03671200411
-0.03551312928
-0.03404453253
-0.03231096922
-0.03032489719
-0.02810744808
-0.02568922582
-0.02311081785
-0.02042288606
-0.01768569308
-0.01496792322
-0.01234468483
-0.00989463888
-0.007696292275
-0.005823620002
-0.004341326352
-0.003300197219
-0.002733094518
-0.002652168643
-0.003047877262
-0.003890261466
-0.005131123993
-0.006705233331
-0.008557372494
-0.01072994228
-0.01290191702
-0.01698670619
-0.01773790154
-0.01846438166
-0.01907514705
-0.01962578212
-0.02013730331
-0.02062486884
-0.02110439235
-0.02159074165
-0.02209705765
-0.02263463318
-0.02321285407
-0.02383919425
-0.02451925642
-0.02525683437
-0.02605397891
-0.02691105559
-0.02782678695
-0.02879827603
-0.02982101104
-0.03088885378
-0.03199401616
-0.03312703061
-0.03427672103
-0.03543018151
-0.03657277039
-0.03768812742
-0.03875822216
-0.03976344161
-0.04068272578
-0.04149375941
-0.04217322846
-0.04269715266
-0.04304130901
-0.04318171624
-0.04309512974
-0.04276015554
-0.0421577052
-0.04127176711
-0.0400910424
-0.0386096875
-0.03682860773
-0.03475671869
-0.03241215677
-0.02982336819
-0.0270299561
-0.02408313616
-0.02104562706
-0.01799079137
-0.01500085508
-0.01216408275
-0.009570879081
-0.007308929144
-0.005457670841
-0.004082588343
-0.003229978321
-0.002922925557
-0.003159285788
-0.003912347831
-0.005132818277
-0.006750091202
-0.008702525803
-0.01103490859
-0.01338968421
-0.019101195
-0.01983864263
-0.02055391958
-0.02115787971
-0.02170463865
-0.02221476834
-0.02270339352
-0.02318658592
-0.02367954363
-0.02419587278
-0.02474741945
-0.02534416968
-0.02599421098
-0.02670374667
-0.02747713809
-0.0283169555
-0.02922402405
-0.03019745637
-0.03123466711
-0.03233136864
-0.03348154974
-0.03467744139
-0.03590947529
-0.0371662417
-0.03843445389
-0.03969892692
-0.04094257865
-0.0421464612
-0.0432898311
-0.04435026697
-0.04530384341
-0.04612536993
-0.04678870588
-0.04726716764
-0.04753401799
-0.04756297
-0.04732904257
-0.04680976084
-0.04598493623
-0.04483911279
-0.04336213547
-0.04155057222
-0.03940916311
-0.03695226163
-0.03420521814
-0.03120558628
-0.02800399221
-0.02466446931
-0.02126403133
-0.01789124979
-0.01464363182
-0.011623679
-0.008933656725
-0.006669315991
-0.00491306367
-0.003727319993
-0.003148972392
-0.003185975868
-0.003817062981
-0.004993268079
-0.006639098986
-0.008686283908
-0.01118206045
-0.01372871723
-0.02130655406
-0.02203023655
-0.02273409771
-0.02333060513
-0.02387220209
-0.02437888705
-0.02486569503
-0.02534886727
-0.02584399978
-0.02636527277
-0.02692522084
-0.02753457845
-0.0282021971
-0.02893502523
-0.02973812519
-0.03061470596
-0.03156615637
-0.03259206821
-0.03369024302
-0.03485668068
-0.03608555056
-0.03736914901
-0.03869784842
-0.04006004428
-0.04144210772
-0.04282835102
-0.04420101429
-0.04554028149
-0.0468243341
-0.04802945141
-0.04913016618
-0.05009948492
-0.05090918283
-0.05153019025
-0.0519330776
-0.05208856329
-0.05196814203
-0.05154583349
-0.05079734178
-0.04970280619
-0.04824751626
-0.04642331348
-0.04423021309
-0.04167805934
-0.03878819219
-0.03559501943
-0.03214733201
-0.02850914966
-0.02475983381
-0.0209931717
-0.01731513874
-0.01384010862
-0.01068542368
-0.007964472101
-0.005778730469
-0.004209566338
-0.003310879816
-0.003103923967
-0.003575636896
-0.004679335298
-0.006335529601
-0.008469333608
-0.01113059165
-0.01387758466
-0.02359733035
-0.02430818551
-0.02500118897
-0.02558998256
-0.0261251724
-0.02662606046
-0.02710755115
-0.02758609906
-0.02807780847
-0.02859759028
-0.02915885088
-0.02977326636
-0.03045064201
-0.03119884852
-0.03202380762
-0.03292950393
-0.03391800472
-0.03498947457
-0.03614217672
-0.03737245721
-0.03867471182
-0.0400413385
-0.04146268028
-0.04292696486
-0.04442024802
-0.04592636881
-0.04742692431
-0.04890127234
-0.05032657045
-0.05167786004
-0.05292820435
-0.05404888981
-0.05500970009
-0.05577927908
-0.05632559864
-0.05661646416
-0.05662004128
-0.05630663242
-0.0556481514
-0.05462011025
-0.05320311497
-0.05138401146
-0.04915765735
-0.0465287659
-0.04351382979
-0.04014304561
-0.03646208587
-0.03253350111
-0.02843746421
-0.02427150646
-0.02014886142
-0.01619505948
-0.01254253476
-0.009323244761
-0.006659663565
-0.004654946159
-0.003383487365
-0.002883528485
-0.003153595742
-0.004151870651
-0.005796265629
-0.008005613019
-0.01083266676
-0.01378764024
-0.02596819457
-0.02666830716
-0.02735193008
-0.02793319885
-0.02846076735
-0.02895313051
-0.02942504641
-0.02989327283
-0.0303745906
-0.03088486015
-0.03143860415
-0.03204868934
-0.03272611227
-0.03347988096
-0.03431696312
-0.03524227455
-0.03625868578
-0.03736703066
-0.0385661055
-0.03985265308
-0.04122132968
-0.04266465693
-0.04417296276
-0.04573431752
-0.04733447213
-0.04895680623
-0.05058229413
-0.05218949699
-0.05375458948
-0.05525142958
-0.05665168039
-0.05792499304
-0.05903926005
-0.05996095346
-0.06065556661
-0.06108811732
-0.06122365111
-0.06102865718
-0.06047157044
-0.05952322153
-0.05815950203
-0.05636212115
-0.05412048617
-0.05143369973
-0.04831269983
-0.04478250335
-0.04088441995
-0.03667802777
-0.0322426142
-0.02767769095
-0.02310211635
-0.01865133419
-0.01447231181
-0.010715978
-0.007527350079
-0.005034071766
-0.003334674507
-0.002488526264
-0.002509777597
-0.003364778708
-0.004970875581
-0.007241379858
-0.01023248031
-0.01340208019
-0.02841422366
-0.02910705038
-0.02978385894
-0.030358306
-0.03087704308
-0.03135767042
-0.031814824
-0.03226571955
-0.03272806058
-0.033218957
-0.03375436953
-0.03434867287
-0.03501434887
-0.0357618015
-0.03659926164
-0.0375327505
-0.0385660751
-0.03970083457
-0.0409364225
-0.04227001643
-0.04369655089
-0.04520867431
-0.04679669339
-0.04844851054
-0.05014956127
-0.05188275925
-0.05362845707
-0.05536443106
-0.05706589842
-0.05870557513
-0.06025378351
-0.06167861811
-0.0629461794
-0.06402088684
-0.06486589193
-0.06544357821
-0.06571605361
-0.06564607999
-0.06519884019
-0.06434061159
-0.06304261953
-0.06128143142
-0.05904086619
-0.0563141053
-0.05310599805
-0.04943557251
-0.04533865014
-0.04087037939
-0.03610740132
-0.03114923764
-0.02611836911
-0.02115838602
-0.01642959751
-0.01210165144
-0.008343099447
-0.005308449662
-0.003124014259
-0.001874785592
-0.00159522857
-0.002263968998
-0.003800579694
-0.006114171332
-0.009265212723
-0.01265490519
-0.03093124331
-0.03162188184
-0.03229572583
-0.03286462763
-0.03337327297
-0.03383831946
-0.03427436697
-0.03469933533
-0.03513220115
-0.03559172854
-0.03609573446
-0.03666050152
-0.03730035661
-0.03802740653
-0.0388513942
-0.03977963761
-0.04081701815
-0.04196599117
-0.04322659899
-0.04459647373
-0.04607082396
-0.04764240376
-0.04930146694
-0.05103571162
-0.05283022182
-0.05466741396
-0.05652699639
-0.05838595022
-0.06021853998
-0.06199636244
-0.0636884421
-0.06526138213
-0.06667957969
-0.06790551571
-0.06890013879
-0.0696233527
-0.07003449792
-0.07009291558
-0.06976043866
-0.0689993563
-0.06777619768
-0.06606252651
-0.06383659651
-0.06108553948
-0.05780778539
-0.05401577507
-0.04973891081
-0.0450265979
-0.03995112032
-0.03460994911
-0.0291269145
-0.02365151768
-0.01835557358
-0.01342645114
-0.009056508148
-0.005428959327
-0.002701342348
-0.0009889895688
-0.0003519804481
-0.0007861858791
-0.002217092676
-0.004551640685
-0.007855866853
-0.01146977209
-0.03351625142
-0.03421176406
-0.03488799974
-0.03545325247
-0.0359503978
-0.03639516914
-0.03680231053
-0.03719081971
-0.03758143587
-0.03799511636
-0.03845207169
-0.03897099021
-0.03956847791
-0.04025870264
-0.04105319871
-0.04196078494
-0.04298755358
-0.04413689486
-0.04540953111
-0.04680354346
-0.04831438158
-0.04993485371
-0.05165509826
-0.05346254208
-0.05534185194
-0.05727488718
-0.05924066203
-0.06121532608
-0.06317217151
-0.06508167542
-0.06691158575
-0.06862705937
-0.07019086089
-0.07156363149
-0.07270424459
-0.07357026687
-0.07411843562
-0.07430511729
-0.07408850024
-0.07342762073
-0.07228435562
-0.07062549843
-0.06842389829
-0.06566068533
-0.06232775355
-0.05843060152
-0.05399153583
-0.04905313952
-0.04368179826
-0.0379709197
-0.03204327796
-0.02605169048
-0.02017704606
-0.01462265204
-0.009604089905
-0.005334378679
-0.0020052899
0.000232767101
0.001288285351
0.001142290484
-0.0001413269852
-0.00247024687
-0.00591796079
-0.009758713881
-0.03616794908
-0.03687775725
-0.03756350101
-0.03812764076
-0.03861156553
-0.03903021127
-0.03939878811
-0.03973792337
-0.04007079261
-0.04042125592
-0.04081259959
-0.04126652896
-0.04180244437
-0.04243698404
-0.04318377845
-0.04405335605
-0.04505314526
-0.04618752736
-0.04745790608
-0.04886277141
-0.05039774466
-0.05205559953
-0.05382626004
-0.05569677966
-0.05765130859
-0.05967105755
-0.06173426681
-0.06381618959
-0.06588909868
-0.06792232482
-0.06988233509
-0.07173286023
-0.073435079
-0.07494786827
-0.07622813276
-0.07723123508
-0.07791147449
-0.0782225223
-0.07811898606
-0.07755705221
-0.076494193
-0.07489272167
-0.07272035088
-0.06995241176
-0.06657434962
-0.06258461799
-0.05799804177
-0.05284960805
-0.04719854196
-0.04113236819
-0.03477043292
-0.0282660764
-0.02180634943
-0.01560796177
-0.009908201273
-0.004950054978
-0.000961844103
0.001866434327
0.003405678464
0.003607081884
0.002518067392
0.0002262342205
-0.003352041171
-0.007420692522
-0.03888742364
-0.03962379099
-0.0403282046
-0.04089437978
-0.04136278597
-0.04174786158
-0.04206581553
-0.04233970251
-0.04259605076
-0.0428625466
-0.04316640721
-0.04353309383
-0.04398540039
-0.04454289077
-0.0452216113
-0.04603400017
-0.04698892193
-0.04809176871
-0.0493445843
-0.05074618205
-0.0522922395
-0.05397536272
-0.05578512018
-0.05770805037
-0.0597276511
-0.06182435904
-0.06397552906
-0.06615542331
-0.06833521975
-0.07048304823
-0.07256406312
-0.07454056141
-0.07637215435
-0.07801600082
-0.07942711391
-0.08055876133
-0.081362946
-0.08179083431
-0.08179362915
-0.08132496693
-0.08033821309
-0.07879150804
-0.07664777674
-0.07387687365
-0.07045805516
-0.0663828614
-0.06165854563
-0.05631207024
-0.0503946007
-0.04398628522
-0.03720088012
-0.03018945403
-0.0231420088
-0.01628548042
-0.009876408936
-0.004186840627
0.0005169800574
0.004001469964
0.006093631595
0.006707301121
0.005866359341
0.003648427034
-4.396113152e-05
-0.004339931869
-0.04167904656
-0.04245767417
-0.04319227821
-0.04376413988
-0.04421373523
-0.04455557807
-0.04480771912
-0.04499677677
-0.0451538643
-0.04531168236
-0.04550243564
-0.0457562177
-0.04609989555
-0.04655644683
-0.04714465019
-0.04787902477
-0.0487699258
-0.04982372144
-0.05104299578
-0.05242674141
-0.05397052076
-0.05566658698
-0.05750396416
-0.05946849133
-0.0615428394
-0.06370651083
-0.06593583188
-0.06820394958
-0.07048084347
-0.07273336064
-0.07492528319
-0.07701743827
-0.07896785782
-0.08073199686
-0.08226301962
-0.083512173
-0.0844292577
-0.08496306041
-0.08506178692
-0.08467621027
-0.08375642169
-0.08225646949
-0.080134885
-0.07735644593
-0.07389460277
-0.06973430423
-0.06487540959
-0.05933677307
-0.05316100801
-0.04641981865
-0.03921958095
-0.03170650942
-0.02407027854
-0.01654442978
-0.009401459223
-0.002940435458
0.002534252164
0.006742249058
0.009460504676
0.01055731049
0.01002463889
0.007923372333
0.004137158964
-0.0003839472128
-0.04455168342
-0.04539244312
-0.04617144677
-0.04675290215
-0.04717875705
-0.04746459866
-0.04763161513
-0.04771158679
-0.0477418514
-0.04776163302
-0.04780940736
-0.04792091609
-0.0481278442
-0.04845707976
-0.0489304183
-0.04956457341
-0.05037137345
-0.05135805001
-0.05252755013
-0.0538788283
-0.05540709352
-0.0571040009
-0.05895778922
-0.06095336815
-0.0630723679
-0.06529316248
-0.06759087617
-0.06993738924
-0.07230135347
-0.0746482262
-0.0769403321
-0.0791369653
-0.08119453752
-0.08306678167
-0.08470501963
-0.08605851082
-0.08707489954
-0.0877006617
-0.08788146458
-0.08756470516
-0.08669802898
-0.08523146826
-0.08311952844
-0.08032232231
-0.07680793714
-0.07255517788
-0.06755689571
-0.06182405532
-0.05539062435
-0.04831926923
-0.04070768608
-0.0326950611
-0.02446765065
-0.01626180097
-0.008362024945
-0.001091303359
0.005208889801
0.01020933675
0.0136312339
0.01528867352
0.01513203381
0.01319695006
0.009341414694
0.004598854191
-0.04752035968
-0.04844819477
-0.04928881487
-0.04988355693
-0.05027812382
-0.05049082921
-0.05054794831
-0.05048864545
-0.05035863891
-0.05020556425
-0.05007569542
-0.05001156429
-0.05005045303
-0.05022362536
-0.05055610452
-0.05106681482
-0.05176893372
-0.05267033761
-0.0537740598
-0.05507870987
-0.05657882727
-0.05826515761
-0.060124858
-0.06214163273
-0.06429581911
-0.06656443667
-0.06892120595
-0.07133656263
-0.07377768039
-0.0762085019
-0.07858978832
-0.08087921489
-0.08303150674
-0.08499862743
-0.08673002908
-0.08817297808
-0.089272976
-0.08997422002
-0.09021996874
-0.08995429783
-0.08912258274
-0.08767105223
-0.08555047259
-0.08271666302
-0.07913278758
-0.07477200231
-0.06962065713
-0.06368226584
-0.05698239677
-0.04957454238
-0.04154696206
-0.0330301909
-0.02420440205
-0.01530506667
-0.006624423858
0.001494633802
0.008675900505
0.01454051068
0.01874898301
0.02105233131
0.02134834143
0.0196368636
0.01574123167
0.01078219666
-0.05060860033
-0.05165462183
-0.05257733546
-0.05318800946
-0.05353963896
-0.0536559181
-0.0535710944
-0.05333477067
-0.05300384365
-0.05263668007
-0.0522891212
-0.05201172082
-0.05184811686
-0.0518343216
-0.05199866438
-0.05236214776
-0.05293902533
-0.05373746064
-0.0547601731
-0.05600501509
-0.05746545286
-0.05913093954
-0.06098719703
-0.06301639932
-0.06519730143
-0.06750531798
-0.06991253779
-0.07238774787
-0.07489648339
-0.07740104338
-0.07986050609
-0.08223082637
-0.08446495792
-0.08651302532
-0.08832255606
-0.08983878435
-0.09100504701
-0.0917632527
-0.0920542716
-0.09181892472
-0.09100036357
-0.08954112663
-0.08738841807
-0.08449405654
-0.08081665915
-0.0763241694
-0.07099693082
-0.06483155512
-0.05784570272
-0.05008393034
-0.0416248196
-0.03258924621
-0.02314923501
-0.01353610724
-0.004045532202
0.004964270965
0.01308586984
0.01989136723
0.02497672576
0.02802103674
0.0288572119
0.0274364172
0.02353539722
0.01836588124
-0.05385177595
-0.0550545716
-0.05608319504
-0.05670997847
-0.0570006828
-0.05698855417
-0.05672002177
-0.05625927408
-0.05567795983
-0.05504796091
-0.05443666169
-0.05390388622
-0.05350027797
-0.05326679045
-0.05323492662
-0.053427421
-0.05385913099
-0.05453797403
-0.05546580743
-0.05663919336
-0.05805002536
-0.05968600034
-0.06153099468
-0.06356527383
-0.06576569003
-0.06810580727
-0.07055587861
-0.07308288823
-0.07565055183
-0.07821931408
-0.08074642288
-0.08318599446
-0.08548910782
-0.08760395604
-0.08947605749
-0.09104853684
-0.09226249572
-0.09305747914
-0.09337189254
-0.09314345556
-0.09231266546
-0.0908189732
-0.08860620239
-0.085622124
-0.08182094268
-0.07716567349
-0.07163103905
-0.06520725382
-0.05790460045
-0.04975911972
-0.04083989141
-0.03125771357
-0.02117508316
-0.0108165202
-0.0004771606411
0.009474235174
0.01860337156
0.02643526018
0.0324986326
0.03639207312
0.03787007135
0.03681941927
0.03295443886
0.02758111682
-0.05730196939
-0.05870911172
-0.05987050316
-0.06050873609
-0.06071082138
-0.06052601315
-0.06001898103
-0.05927405023
-0.05838209401
-0.05743174671
-0.05650402781
-0.05566916979
-0.05498522959
-0.05449799292
-0.05424169162
-0.05424015343
-0.05450811075
-0.05505248772
-0.05587355903
-0.05696592628
-0.05831930905
-0.05991908859
-0.06174686333
-0.06378068923
-0.06599520936
-0.06836178555
-0.07084850736
-0.07342027163
-0.07603881323
-0.07866266274
-0.08124714298
-0.08374443027
-0.0861036364
-0.08827093831
-0.09018976594
-0.09180105886
-0.09304360994
-0.09385451324
-0.09416960684
-0.09392377717
-0.09305417131
-0.09149716715
-0.08919263117
-0.08608465949
-0.08212313788
-0.07726669851
-0.07148522627
-0.06476251411
-0.05710148102
-0.04853001823
-0.0391079714
-0.02893596063
-0.01816621186
-0.007014548181
0.004227764524
0.01518600704
0.02540383857
0.03436217989
0.04152103006
0.04639024612
0.04863102273
0.04804669869
0.04426800853
0.03869796404
-0.0610351767
-0.06270483419
-0.06402784184
-0.06466411204
-0.06473510078
-0.06431593844
-0.06349813473
-0.06239345146
-0.06111743458
-0.05977906764
-0.05847503469
-0.05728680135
-0.05627981224
-0.05550411274
-0.05499578045
-0.05477871368
-0.05486647337
-0.055263991
-0.05596904048
-0.05697343482
-0.05826405053
-0.05982345044
-0.06163044295
-0.06366031973
-0.06588507765
-0.06827365227
-0.07079184844
-0.07340235792
-0.07606475495
-0.07873546563
-0.08136775853
-0.08391176656
-0.08631454145
-0.08852015612
-0.09046986498
-0.09210233286
-0.09335394915
-0.09415924771
-0.09445136307
-0.09416235058
-0.09322565272
-0.09157489682
-0.08914587228
-0.08587866817
-0.0817187895
-0.0766195746
-0.07054505612
-0.06347315056
-0.05540104666
-0.04634932094
-0.03636782464
-0.02554647502
-0.01402660512
-0.002013919746
0.01020673831
0.02225864858
0.03366823082
0.04387595748
0.05227250997
0.05827104372
0.06142301273
0.06142492776
0.05779527901
0.0520360577
-0.06516215808
-0.06716452297
-0.06867746727
-0.06928315999
-0.06915811033
-0.06841824286
-0.06719391909
-0.06563371611
-0.06388423785
-0.0620785343
-0.06033060784
-0.05873335874
-0.05735889349
-0.05626027245
-0.05547394662
-0.05502237745
-0.05491652871
-0.05515805047
-0.05574108475
-0.05665377285
-0.05787935817
-0.05939686439
-0.06118170596
-0.06320608953
-0.06543915137
-0.06784708728
-0.07039315306
-0.07303764356
-0.07573784635
-0.07844798726
-0.08111919194
-0.08369947298
-0.08613375259
-0.08836393297
-0.09032902459
-0.0919653431
-0.09320679014
-0.09398523912
-0.09423098772
-0.09387310604
-0.09284123511
-0.09106587459
-0.08847850791
-0.08501492802
-0.08061591648
-0.07522962311
-0.06881429539
-0.06134146049
-0.05280008977
-0.04320182097
-0.03258871461
-0.0210416345
-0.008689216261
0.004275402314
0.01757640911
0.03083829522
0.04357452213
0.0551888264
0.06500243229
0.07232364532
0.0765755586
0.07731874381
0.0739199237
0.06798051345
-0.06984513361
-0.07226293588
-0.07398827743
-0.07450892497
-0.07408876114
-0.07290679921
-0.07114869388
-0.0690114979
-0.06667992181
-0.06431443866
-0.06204713426
-0.05998146843
-0.05819442524
-0.05673990381
-0.05565249354
-0.0549511205
-0.05464228742
-0.05472275208
-0.05518173048
-0.05600263704
-0.05716418011
-0.05864116727
-0.06040518977
-0.06242492054
-0.06466628323
-0.0670925196
-0.06966416566
-0.07233898746
-0.07507189319
-0.07781484076
-0.08051675999
-0.08312350154
-0.08557782286
-0.08781942184
-0.08978502845
-0.09140856489
-0.09262138806
-0.09335263513
-0.09352965657
-0.09307838318
-0.09192457274
-0.08999520703
-0.08721718394
-0.08352159132
-0.0788439566
-0.07312657399
-0.0663211479
-0.05839191116
-0.04931961451
-0.03910659503
-0.0277834432
-0.01541774239
-0.002127804037
0.01190476931
0.02641842976
0.04104350447
0.05528458921
0.06851181505
0.07997649741
0.08887302868
0.09447422149
0.09616751822
0.0931121111
0.08700619683
-0.07532409341
-0.0782504647
-0.08019406702
-0.08053166868
-0.07966537098
-0.07787013286
-0.0754087865
-0.07254064667
-0.06949552652
-0.06646344669
-0.06359365031
-0.06099756269
-0.05875373518
-0.0569134863
-0.0555063551
-0.05454493596
-0.05402891698
-0.05394824232
-0.05428578586
-0.05501904138
-0.05612122216
-0.05756230375
-0.0593095289
-0.06132768562
-0.06357922513
-0.06602426349
-0.06862050096
-0.07132310065
-0.07408454859
-0.07685451383
-0.07957972521
-0.08220387692
-0.08466757283
-0.08690831926
-0.08886057566
-0.09045587327
-0.09162301402
-0.0922883689
-0.09237627537
-0.09180940455
-0.09050959079
-0.08839991827
-0.08540241477
-0.08144299131
-0.07645129677
-0.07036293471
-0.06312200184
-0.05468406666
-0.04501996775
-0.03412068995
-0.02200384052
-0.008722395816
0.005623044329
0.02086839793
0.03676183089
0.05294607404
0.06892488363
0.08403864115
0.09746710122
0.1082795542
0.1155715488
0.118508421
0.1159612192
0.1097157061
-0.08195943261
-0.08548908749
-0.08761901953
-0.08760249307
-0.08605983353
-0.08340943074
-0.08001921371
-0.07622570464
-0.07230925687
-0.06848884741
-0.06492704739
-0.06173805084
-0.05899654782
-0.05674625047
-0.05500730721
-0.05378240678
-0.05306151207
-0.05282576606
-0.05305001974
-0.05370444983
-0.05475600133
-0.05616917241
-0.05790643203
-0.05992840715
-0.06219390275
-0.06465981169
-0.0672809551
-0.07000988928
-0.07279670215
-0.0755888171
-0.07833081834
-0.08096430876
-0.08342780895
-0.08565670595
-0.08758325968
-0.08913667608
-0.09024325737
-0.09082664642
-0.09080817225
-0.0901071931
-0.08864164766
-0.08633039108
-0.08309035184
-0.07884179644
-0.07350783084
-0.06701643005
-0.05930279773
-0.05031210814
-0.04000301281
-0.02835221623
-0.01536065354
-0.001062054011
0.01446487052
0.03107943624
0.04855468332
0.06654546012
0.08455970952
0.1019200409
0.117734596
0.1309327574
0.1403981482
0.1450077258
0.1432252592
0.1369006341
-0.09030326033
-0.09450771998
-0.09671260611
-0.09604808693
-0.09347791916
-0.08963047501
-0.08501192324
-0.08004946681
-0.07507501227
-0.07033076612
-0.06598411682
-0.06214304439
-0.05887009357
-0.05619434091
-0.05412091417
-0.05263812576
-0.05172322088
-0.0513460665
-0.05147150708
-0.05206136309
-0.05307550912
-0.0544724513
-0.05620958138
-0.05824320488
-0.0605284195
-0.06301890315
-0.06566665245
-0.06842170282
-0.07123185099
-0.07404239539
-0.07679590563
-0.07943202969
-0.08188734583
-0.08409526553
-0.08598599386
-0.08748655445
-0.0885208872
-0.08901003244
-0.08887241024
-0.08802411322
-0.08637930034
-0.0838523737
-0.08035505828
-0.07580158934
-0.07010791545
-0.06319344141
-0.05498309194
-0.0454096778
-0.03441694893
-0.02196365692
-0.008029167493
0.007378489298
0.02421071203
0.04236069988
0.06163727745
0.081727912
0.1021535482
0.122225296
0.1409934614
0.1572332438
0.1695706482
0.1765029285
0.1759075657
0.1696445291
-0.1012223421
-0.1060881585
-0.1080952845
-0.1062822919
-0.1021492584
-0.096623031
-0.09038204621
-0.08395033964
-0.07770281237
-0.07189021116
-0.0666690076
-0.06212667324
-0.05830161735
-0.05519902894
-0.05280196945
-0.05107958685
-0.04999260375
-0.04949680844
-0.04954561367
-0.05009146615
-0.05108655205
-0.05248307129
-0.05423322229
-0.05628900142
-0.05860189393
-0.06112250957
-0.06380019821
-0.06658267
-0.06941563622
-0.07224248167
-0.07500397614
-0.07763803051
-0.08007950152
-0.08226004942
-0.08410805235
-0.08554858226
-0.08650344809
-0.08689131546
-0.086627909
-0.08562623088
-0.08379688128
-0.08104975261
-0.07729145251
-0.0724299621
-0.06637361922
-0.05903246234
-0.05031984532
-0.0401542403
-0.02846159336
-0.01517854727
-0.0002570673367
0.01632858152
0.03457091556
0.0544119337
0.07571578523
0.09822706639
0.1215117389
0.1448858003
0.1673561282
0.18755206
0.2037880072
0.2140543115
0.2153722963
0.2094970542
-0.116115591
-0.1213983381
-0.1226119812
-0.1188027516
-0.1122935626
-0.1044158978
-0.09604319791
-0.08778333454
-0.08002722601
-0.0730046046
-0.0668346818
-0.06156315323
-0.057188169
-0.05367938489
-0.05098976333
-0.04906319073
-0.04784002533
-0.04725996471
-0.04726369374
-0.04779359904
-0.04879391837
-0.05021054998
-0.05199066137
-0.05408219273
-0.05643331753
-0.05899189936
-0.06170496909
-0.06451823696
-0.06737564837
-0.07021898775
-0.07298753351
-0.07561776524
-0.07804312441
-0.08019382946
-0.08199674674
-0.0833753191
-0.08424955474
-0.0845360813
-0.08414826536
-0.08299633888
-0.08098768259
-0.07802784576
-0.07401864099
-0.0688618188
-0.06245793351
-0.05470717944
-0.0455103847
-0.0347700312
-0.02239160447
-0.008285539447
0.007629753293
0.02542285016
0.04514058892
0.06679279902
0.09032585386
0.1155783941
0.1422111749
0.1696054241
0.196746336
0.222149633
0.2437924363
0.2589856482
0.2634961088
0.258751484
-0.1373203978
-0.1422000937
-0.1413761311
-0.1341431833
-0.1240357125
-0.1128868962
-0.101748172
-0.09125653695
-0.08175932852
-0.0734125875
-0.06625809863
-0.06027030379
-0.05538635784
-0.05152623422
-0.04860303289
-0.04653031057
-0.04522517223
-0.04460968765
-0.04461120944
-0.04516204489
-0.046198793
-0.04766152921
-0.04949294328
-0.0516374915
-0.05404059642
-0.0566479101
-0.05940464744
-0.06225499068
-0.06514156347
-0.06800497159
-0.07078340712
-0.07341231313
-0.07582410621
-0.0779479549
-0.07970961228
-0.08103130176
-0.08183165511
-0.08202570306
-0.08152491232
-0.08023721111
-0.07806723021
-0.07491660887
-0.07068293456
-0.06526206988
-0.05854700931
-0.05042812194
-0.04079336336
-0.02952829628
-0.01651610731
-0.001637775528
0.01522726174
0.03419917236
0.05539296477
0.078907934
0.1048059641
0.1330697694
0.1635277266
0.1957280994
0.2287523311
0.2610255948
0.2902514892
0.3128927025
0.3229086859
0.3209577245
-0.1689435582
-0.171181681
-0.1657598992
-0.1527222945
-0.1372221954
-0.1215959308
-0.106956293
-0.09383327417
-0.08241833352
-0.07271111891
-0.06461608243
-0.05799761289
-0.05270611238
-0.04859744885
-0.04553787368
-0.04340675317
-0.04209657063
-0.04151175199
-0.04156702546
-0.04218566035
-0.04329776556
-0.0448387292
-0.04674782679
-0.04896699852
-0.05143978417
-0.05411039929
-0.05692293613
-0.05982067357
-0.06274548287
-0.06563731761
-0.06843377893
-0.07106974807
-0.07347708052
-0.07558435639
-0.07731668297
-0.07859554498
-0.07933869865
-0.07946010516
-0.07886989159
-0.07747427589
-0.07517574688
-0.07187275447
-0.06745944539
-0.06182650705
-0.05486009016
-0.04644141368
-0.03644608801
-0.02474297637
-0.01119260749
0.004354894371
0.02206227976
0.04210764144
0.06468579288
0.09000607296
0.1182813525
0.1496980915
0.1843493362
0.2221007581
0.2623479244
0.3036573018
0.3435266225
0.3776432257
0.3975749134
0.4022477671
-0.2183657653
-0.2123999723
-0.1972456734
-0.1745160305
-0.1510913546
-0.1295177886
-0.1106425078
-0.0946161684
-0.08127454274
-0.07033427923
-0.06148240747
-0.05442862517
-0.0489163873
-0.04472699303
-0.04167625197
-0.03960959056
-0.03839683073
-0.03792736641
-0.03810601043
-0.03884952897
-0.04008379244
-0.04174144662
-0.04376000884
-0.04608030556
-0.04864518234
-0.05139843166
-0.05428389588
-0.05724471245
-0.06022267628
-0.06315770021
-0.06598735868
-0.06864650337
-0.07106694184
-0.07317717162
-0.07490216314
-0.07616318492
-0.07687766375
-0.07695907187
-0.07631682341
-0.07485610621
-0.07247799801
-0.06907876141
-0.06455002237
-0.05877838766
-0.05164442099
-0.04302162198
-0.03277485718
-0.02075802358
-0.006810741023
0.009246225626
0.02761713641
0.04853926663
0.07229258926
0.09921003306
0.1296848105
0.1641660728
0.2031235225
0.2469410078
0.2956658904
0.3485356656
0.4033055475
0.4551164464
0.4930526665
0.5130482634
-0.2977706476
-0.2712305196
-0.2366456993
-0.1982584767
-0.1636555667
-0.1346588973
-0.1111170146
-0.09229784198
-0.07736644949
-0.06559234134
-0.05637348606
-0.04923138992
-0.04379177822
-0.03976306857
-0.03691669749
-0.03507152755
-0.03408185777
-0.03382832781
-0.03421109206
-0.03514470048
-0.03655423347
-0.03837235412
-0.04053703178
-0.04298975906
-0.04567413423
-0.04853471789
-0.05151609837
-0.05456211924
-0.05761523491
-0.0606159701
-0.06350246466
-0.06621009075
-0.06867113125
-0.07081451105
-0.07256557286
-0.07384588962
-0.07457310394
-0.07466078392
-0.07401827089
-0.07255043125
-0.07015770921
-0.06673540437
-0.06217357697
-0.05635617937
-0.04915994472
-0.04045282443
-0.0300916642
-0.01791881021
-0.00375722281
0.0125965086
0.03138208175
0.05288942655
0.07747802423
0.1056029501
0.1378481286
0.174964016
0.217897418
0.2677764634
0.3257626579
0.3926147411
0.4676188206
0.5457581033
0.6134532709
0.6641669355
-0.4321258828
-0.3534427206
-0.2801690488
-0.2184609759
-0.1699614081
-0.1331869646
-0.1056821591
-0.08506008981
-0.06950054693
-0.05772071107
-0.04880602987
-0.04210235275
-0.03714180047
-0.03358528718
-0.03118185559
-0.0297415232
-0.02911683284
-0.0291901349
-0.02986479615
-0.03105905383
-0.03270163826
-0.03472859179
-0.03708090808
-0.03970274034
-0.04254001069
-0.04553930779
-0.04864699652
-0.05180848719
-0.05496762844
-0.0580661982
-0.06104347488
-0.06383587529
-0.06637664905
-0.06859562079
-0.07041897212
-0.0717690544
-0.07256422257
-0.07271867587
-0.07214227269
-0.07074030298
-0.06841340915
-0.0650569946
-0.06056067016
-0.05480740485
-0.04767224968
-0.03902043055
-0.02870455327
-0.01656051534
-0.002401536512
0.01399056766
0.03287818985
0.05458681918
0.07953306353
0.1082663777
0.141531065
0.1803569949
0.2261863527
0.2810308112
0.347614298
0.4293412987
0.5292512964
0.6452315584
0.7632631106
0.8751279104
-0.7304061858
-0.4693261706
-0.3094447774
-0.2189420114
-0.1584886856
-0.1172146825
-0.08923886242
-0.06968766929
-0.05562238867
-0.04536709486
-0.03785099728
-0.03236621623
-0.02844443787
-0.02576634582
-0.02410529431
-0.02329459744
-0.02320717075
-0.02374236329
-0.02481740249
-0.02636172258
-0.02831308235
-0.03061482525
-0.03321388656
-0.03605929755
-0.03910102806
-0.04228906615
-0.04557266904
-0.04889974194
-0.05221631595
-0.05546610522
-0.05859012965
-0.06152639322
-0.0642096101
-0.06657097165
-0.06853794779
-0.07003411483
-0.07097900017
-0.07128792879
-0.07087182867
-0.06963715691
-0.0674856104
-0.06431355942
-0.06001153164
-0.05446337818
-0.04754496681
-0.03912224568
-0.02904840539
-0.01715971087
-0.003269367516
0.01284155503
0.03143768847
0.05284993525
0.07750723441
0.1059866815
0.1390944505
0.1779993239
0.2244564477
0.2811850503
0.3525083236
0.4453422583
0.5698659676
0.7387241167
0.9741201064
1.301345312
-1.424826175
-0.6453835658
-0.3289834025
-0.2092577563
-0.1364552078
-0.09164882577
-0.06545994524
-0.04900575321
-0.03792779163
-0.03026647483
-0.02490119327
-0.02115762075
-0.01863773301
-0.01709322599
-0.016356845
-0.01630887225
-0.01685847393
-0.0179326404
-0.01946964315
-0.02141502419
-0.02371898558
-0.02633459633
-0.02921649605
-0.03231990905
-0.03559986024
-0.03901052905
-0.04250470306
-0.04603330778
-0.04954499766
-0.05298579899
-0.05629879835
-0.05942387183
-0.06229745147
-0.06485232506
-0.06701746497
-0.06871788055
-0.06987448578
-0.0704039693
-0.07021868523
-0.0692265141
-0.06733056583
-0.0644288133
-0.06041361335
-0.05517095412
-0.04857929921
-0.04050787246
-0.03081413307
-0.01934006142
-0.005906684652
0.009694051124
0.02771151646
0.04845521364
0.07232456636
0.0998578742
0.1318164116
0.1693361426
0.2142150505
0.269484873
0.3406181708
0.4380812375
0.5816643562
0.8107396709
1.250074776
2.170538571
)
;

boundaryField
{
    movingWall
    {
        type            zeroGradient;
    }
    fixedWalls
    {
        type            zeroGradient;
    }
    frontAndBack
    {
        type            empty;
    }
}


// ************************************************************************* //
