/*--------------------------------*- C++ -*----------------------------------*\
  =========                 |
  \\      /  F ield         | OpenFOAM: The Open Source CFD Toolbox
   \\    /   O peration     | Website:  https://openfoam.org
    \\  /    A nd           | Version:  11
     \\/     M anipulation  |
\*---------------------------------------------------------------------------*/
FoamFile
{
    format      ascii;
    class       volScalarField;
    location    "1200";
    object      p;
}
// * * * * * * * * * * * * * * * * * * * * * * * * * * * * * * * * * * * * * //

dimensions      [0 2 -2 0 0 0 0];

internalField   nonuniform List<scalar> 
4096
(
5.895092984e-10
-3.457347408e-05
-0.0001479650504
-0.0003328436784
-0.0005639485786
-0.0008205166804
-0.001085800677
-0.001346472698
-0.001592302429
-0.00181565955
-0.002010987262
-0.00217433394
-0.002302958043
-0.002395005341
-0.002449253542
-0.002464917621
-0.002441508711
-0.00237873951
-0.002276469466
-0.002134683332
-0.00195349706
-0.001733185322
-0.001474225319
-0.001177351844
-0.0008436188987
-0.0004744634383
-7.176712724e-05
0.0003620877703
0.0008241719537
0.001310975409
0.00181838946
0.00234170717
0.002875644841
0.003414385134
0.003951641214
0.004480745706
0.004994763104
0.005486622285
0.005949267314
0.006375823013
0.006759770797
0.007095129534
0.007376635544
0.007599915535
0.007761646199
0.007859694505
0.007893233425
0.007862828865
0.00777049497
0.007619716671
0.007415440185
0.007164034102
0.006873225445
0.006552016421
0.006210587975
0.005860194922
0.005513051289
0.005182197839
0.004881314253
0.004624348554
0.00442477336
0.004294817274
0.00424381359
0.004255119436
3.422360147e-05
-5.585875442e-07
-9.957989163e-05
-0.0002585041509
-0.0004569118709
-0.0006779226451
-0.0009076636322
-0.001134727798
-0.001350047379
-0.001546623689
-0.001719178839
-0.001863815568
-0.001977712785
-0.002058865709
-0.002105873118
-0.002117770543
-0.002093906203
-0.002033855451
-0.00193736903
-0.001804350311
-0.001634856649
-0.001429120118
-0.00118758306
-0.000910944057
-0.0006002101558
-0.0002567513878
0.0001176461677
0.0005207323083
0.0009497529352
0.001401421643
0.00187190541
0.002356826851
0.002851286011
0.003349901545
0.00384687032
0.004336050544
0.004811066357
0.005265430417
0.005692683173
0.00608654552
0.006441080664
0.006750860281
0.007011129536
0.007217965181
0.007368420891
0.00746065432
0.007494030931
0.007469200639
0.007388144539
0.007254190473
0.007071997751
0.006847512931
0.006587899855
0.006301447941
0.005997462543
0.005686139294
0.005378420728
0.005085824479
0.004820214058
0.004593412209
0.004416581476
0.004300184484
0.004254441413
0.004266182942
0.0001481942827
9.783323453e-05
-2.273587325e-06
-0.0001479036601
-0.0003242879391
-0.0005185941098
-0.0007198485591
-0.0009187281302
-0.001107576998
-0.001280296426
-0.001432142178
-0.001559497584
-0.00165965344
-0.001730609806
-0.001770907386
-0.001779491454
-0.0017556083
-0.001698732348
-0.001608521136
-0.001484794719
-0.001327535819
-0.001136906904
-0.0009132804141
-0.000657278395
-0.0003698179254
-5.215884706e-05
0.0002940495589
0.0006667261501
0.001063322795
0.00148079938
0.0019156115
0.002363713169
0.002820577693
0.003281236101
0.003740332224
0.004192200326
0.00463096245
0.005050642365
0.005445295178
0.005809149458
0.006136757937
0.00642315213
0.006663995715
0.006855731135
0.006995713859
0.007082328945
0.007115085153
0.007094682696
0.00702305188
0.006903361194
0.006739994861
0.006538501164
0.006305513985
0.006048650561
0.005776388185
0.005497921045
0.005222995571
0.004961719442
0.00472432767
0.004520833251
0.00436055078
0.00425257478
0.004207849771
0.004216071758
0.0003362399018
0.0002574009274
0.0001406242606
-7.046002603e-06
-0.0001763622481
-0.0003577734269
-0.0005426878507
-0.0007236992713
-0.0008946075015
-0.001050368281
-0.001186976067
-0.00130131209
-0.001390985517
-0.001454184088
-0.001489543351
-0.001496039148
-0.001472904974
-0.001419573825
-0.001335642946
-0.001220859104
-0.001075121566
-0.0008984997543
-0.0006912624167
-0.0004539151642
-0.0001872432286
0.0001076436319
0.0004292670899
0.0007757399878
0.001144732681
0.001533448664
0.00193861193
0.002356468345
0.00278280429
0.003212982099
0.003641990417
0.004064517401
0.00447504272
0.004867945613
0.005237628371
0.005578652208
0.005885881678
0.006154633099
0.00638082186
0.006561103109
0.006693000221
0.00677501564
0.006806719239
0.006788810132
0.00672314904
0.006612759568
0.006461798166
0.006275493889
0.006060060213
0.005822581873
0.005570879825
0.00531335672
0.005058824014
0.004816311873
0.004594857579
0.004403224075
0.004249571629
0.004142093208
0.004091185338
0.004088765494
0.0005747842219
0.0004588698465
0.0003151776683
0.0001555047413
-1.641862238e-05
-0.0001939506383
-0.0003705871081
-0.0005407149838
-0.0006995835118
-0.0008432697686
-0.0009686149624
-0.001073123498
-0.001154848828
-0.001212282364
-0.001244254414
-0.001249852142
-0.001228356881
-0.001179201206
-0.001101944917
-0.0009962682754
-0.0008619803325
-0.000699039909
-0.0005075866074
-0.0002879791763
-4.083851056e-05
0.00023290743
0.0005319794925
0.0008547066776
0.001198991607
0.001562284689
0.00194156938
0.002333360867
0.002733721214
0.003138291569
0.003542337981
0.003940820635
0.004328481678
0.004699949192
0.005049856929
0.005372976812
0.005664360396
0.005919484749
0.006134397536
0.006305855666
0.006431451714
0.006509722457
0.006540234412
0.006523642038
0.006461715434
0.006357335687
0.006214457494
0.006038040174
0.005833949462
0.005608833531
0.005369977279
0.005125138948
0.004882373083
0.00464984493
0.004435638938
0.004247534851
0.004092787116
0.003978631827
0.003913727177
0.003892804176
0.0008440177074
0.0006857938035
0.0005086147237
0.0003300426336
0.0001485415507
-3.182644277e-05
-0.000206395391
-0.0003712065726
-0.0005229039723
-0.0006586909733
-0.0007762994326
-0.0008739224566
-0.0009501317566
-0.001003795523
-0.001034004867
-0.001040013504
-0.001021193098
-0.000977004965
-0.0009069876914
-0.0008107594217
-0.0006880331179
-0.0005386427724
-0.0003625783847
-0.000160027403
6.857973393e-05
0.0003225223754
0.000600743216
0.0009018051322
0.001223853818
0.001564588732
0.001921244804
0.002290587236
0.002668921996
0.003052124687
0.003435682
0.003814757231
0.00418427488
0.004539021962
0.004873765847
0.005183385686
0.00546301358
0.005708180852
0.005914964032
0.006080124668
0.006201236827
0.0062767963
0.006306305958
0.006290332586
0.006230531684
0.006129638148
0.005991422384
0.005820613031
0.005622789068
0.005404245402
0.005171837076
0.004932807841
0.004694609334
0.004464717969
0.004250455052
0.004058803955
0.003896266342
0.003769088137
0.00368358559
0.003637903956
0.001127071896
0.0009237823913
0.0007091095359
0.0005068798881
0.0003106833045
0.0001223274064
-5.512698529e-05
-0.0002192254147
-0.0003679227003
-0.0004995149329
-0.0006126265319
-0.0007061638392
-0.00077925361
-0.0008311819769
-0.0008613407358
-0.0008691849256
-0.0008542038553
-0.0008159062654
-0.0007538192858
-0.0006675001823
-0.0005565594508
-0.0004206935501
-0.000259725391
-7.365058123e-05
0.0001373126646
0.0003726721311
0.000631610995
0.0009129403688
0.001215057436
0.001535911682
0.001872981756
0.002223265383
0.002583284118
0.00294910886
0.00331639688
0.003680453685
0.004036315187
0.004378847422
0.004702863991
0.00500325826
0.005275146419
0.005514016608
0.005715878492
0.005877407023
0.005996073883
0.006070260113
0.00609934391
0.006083758455
0.006025015846
0.005925694813
0.005789391634
0.00562063561
0.005424772258
0.005207819082
0.004976300158
0.004737066748
0.00449711191
0.004263386876
0.004042625461
0.003841190554
0.003664991596
0.003519365275
0.003408130195
0.003333299536
0.001409300353
0.001159870921
0.0009055369118
0.0006765788255
0.0004621122099
0.0002619745242
7.78235123e-05
-8.924748868e-05
-0.0002384100786
-0.0003689984773
-0.0004805046139
-0.0005725435598
-0.0006448056034
-0.0006970102402
-0.0007288676469
-0.0007400507586
-0.0007301796645
-0.000698818808
-0.0006454866145
-0.0005696766104
-0.0004708887443
-0.0003486693957
-0.0002026584104
-3.264138525e-05
0.0001613946822
0.0003792043782
0.0006202276273
0.0008835364909
0.001167787419
0.001471181484
0.001791435291
0.002125765087
0.002470884708
0.002823027625
0.003177979441
0.003531135883
0.003877583078
0.004212196392
0.004529758538
0.004825093962
0.005093215522
0.005329478509
0.005529736076
0.005690489472
0.005809026038
0.005883537945
0.0059132151
0.005898306491
0.005840145622
0.005741137339
0.005604705371
0.00543520204
0.005237783726
0.005018257676
0.004782907393
0.004538305168
0.004291121004
0.004047935789
0.003815064808
0.003598426552
0.003403515546
0.003234919811
0.003094058037
0.002987131453
0.001677972918
0.001382406494
0.00108751766
0.0008300309442
0.0005949373334
0.0003803339073
0.0001866403914
1.371555536e-05
-0.0001387365061
-0.0002710246558
-0.0003834676478
-0.000476365609
-0.0005499606252
-0.000604401459
-0.00063971671
-0.0006557986574
-0.0006523989986
-0.0006291366938
-0.0005855174165
-0.0005209636689
-0.0004348543459
-0.0003265723636
-0.0001955588436
-4.137224676e-05
0.0001362492759
0.0003373241813
0.0005615645235
0.0008083158614
0.001076502495
0.001364580617
0.001670502291
0.001991692909
0.002325041275
0.002666917794
0.003013202376
0.00335933797
0.003700409186
0.004031240583
0.004346516097
0.004640916585
0.004909271449
0.005146719189
0.005348870684
0.005511968148
0.005633032195
0.005709989393
0.005741773056
0.005728390917
0.00567095477
0.005571668948
0.005433776765
0.005261466402
0.005059740205
0.004834253604
0.004591131845
0.004336774244
0.00407765636
0.003820137724
0.003570280913
0.003333738511
0.003115779554
0.002920446156
0.002746972861
0.00260595678
0.001921887127
0.001580866143
0.001245393511
0.0009585050735
0.0007013534439
0.0004704717501
0.0002651703968
8.417972874e-05
-7.383613061e-05
-0.0002100961933
-0.0003256979405
-0.0004215914879
-0.0004985456031
-0.0005571203878
-0.0005976497261
-0.000620234887
-0.000624749998
-0.0006108593095
-0.0005780456069
-0.0005256487922
-0.000452913462
-0.0003590441875
-0.0002432671114
-0.0001048963796
5.659619839e-05
0.0002415100333
0.000449845162
0.0006812343858
0.0009348805757
0.001209501818
0.001503287558
0.001813868593
0.002138298247
0.002473065869
0.002814120192
0.00315691738
0.003496497921
0.003827584283
0.004144701887
0.004442320382
0.004715011129
0.004957615618
0.005165418317
0.005334316471
0.005460978739
0.005542984351
0.005578934807
0.005568531036
0.00551261038
0.005413139761
0.005273163789
0.005096709243
0.004888650097
0.004654539892
0.004400420429
0.00413261755
0.003857535494
0.003581457189
0.003310356091
0.00304979817
0.002805021137
0.00257973819
0.002371250274
0.002194686336
0.0021310046
0.001745644082
0.001370146938
0.001053655055
0.0007737106521
0.0005254130227
0.000307059348
0.0001163369748
-4.905678539e-05
-0.000191190285
-0.0003118897431
-0.0004127144788
-0.0004949267951
-0.000559471097
-0.00060696418
-0.0006376972705
-0.0006516500704
-0.0006485164587
-0.000627741078
-0.0005885657984
-0.0005300849269
-0.0004513079498
-0.0003512285336
-0.0002288984142
-8.350467208e-05
8.55513001e-05
0.0002785750692
0.000495502883
0.0007358303143
0.0009985485921
0.001282092063
0.001584299892
0.001902387358
0.002232953089
0.002571998262
0.002914967525
0.003256823775
0.003592144654
0.003915244868
0.004220321327
0.004501617039
0.004753598395
0.0049711391
0.005149702849
0.005285516056
0.005375721597
0.005418504766
0.005413183486
0.005360256312
0.005261403871
0.005119441968
0.004938227558
0.004722521818
0.004477817524
0.004210140398
0.003925836186
0.003631355955
0.003333046831
0.003036953726
0.002748733139
0.002473783592
0.002215702369
0.001970096642
0.001756732416
0.002296170621
0.00186787082
0.001453315845
0.001107505523
0.00080455371
0.0005382190894
0.0003058546109
0.0001041713115
-7.003888472e-05
-0.0002196388525
-0.000347135052
-0.0004546534065
-0.0005439125622
-0.0006162088367
-0.0006724136525
-0.0007129832691
-0.0007379806392
-0.0007471088152
-0.0007397550378
-0.0007150445007
-0.0006719027167
-0.0006091253756
-0.0005254545314
-0.0004196598684
-0.0002906236446
-0.0001374276991
4.055936611e-05
0.0002435970396
0.0004714923051
0.0007235264455
0.0009983929728
0.001294150193
0.001608181766
0.001937195098
0.002277237341
0.002623726752
0.002971524677
0.003315029885
0.003648301546
0.003965207942
0.004259596914
0.0045254827
0.004757242251
0.004949812746
0.005098881024
0.00520105513
0.005254008261
0.005256586125
0.005208870253
0.00511219195
0.004969094386
0.004783243525
0.004559291986
0.00430270325
0.004019546432
0.00371627426
0.00339949778
0.003075764956
0.002751348789
0.00243216899
0.002123970898
0.001830435587
0.001545681842
0.00129422426
0.002408911912
0.001939275127
0.001486921144
0.001112433177
0.0007866463431
0.0005020446492
0.0002550847347
4.155245953e-05
-0.0001426149728
-0.0003010268025
-0.0004368245415
-0.0005526588135
-0.0006506662045
-0.0007324600702
-0.0007991349639
-0.0008512837511
-0.0008890268481
-0.0009120528179
-0.000919669406
-0.0009108640452
-0.000884372854
-0.0008387571425
-0.0007724864051
-0.0006840266844
-0.0005719330236
-0.0004349444884
-0.0002720799229
-8.273224359e-05
0.0001332412738
0.0003754356273
0.0006428256192
0.0009337083762
0.001245652595
0.001575484085
0.001919300465
0.002272489484
0.002629797251
0.002985418885
0.003333120959
0.003666392975
0.003978624067
0.004263299729
0.004514211579
0.004725671583
0.004892720892
0.005011322691
0.005078528304
0.005092606421
0.005053126714
0.004960991332
0.004818410723
0.004628823676
0.004396765268
0.004127690043
0.003827761069
0.003503618239
0.003162140442
0.002810208743
0.002454476479
0.002101293872
0.001756931647
0.001425337712
0.001099303108
0.0008082390244
0.002461298695
0.001952086104
0.001463412856
0.001061152567
0.0007129911349
0.000410185125
0.0001483274648
-7.768201155e-05
-0.0002727191335
-0.0004410976681
-0.0005865530276
-0.0007122207996
-0.0008206178092
-0.0009136392055
-0.0009925700819
-0.001058109965
-0.001110409236
-0.001149116569
-0.001173436443
-0.001182195857
-0.00117391939
-0.001146911797
-0.001099347286
-0.001029364539
-0.0009351663262
-0.0008151223295
-0.0006678734184
-0.0004924352214
-0.0002882984416
-5.55229806e-05
0.0002051782774
0.0004923709618
0.0008038369695
0.001136541369
0.001486649037
0.001849525052
0.002219798064
0.002591445129
0.00295791185
0.003312265253
0.003647375924
0.003956124529
0.004231625784
0.004467461126
0.004657909716
0.004798166354
0.004884534428
0.00491458239
0.004887253518
0.004802920917
0.00466338275
0.004471796425
0.004232554596
0.003951109947
0.003633759524
0.003287402672
0.002919288209
0.002536758144
0.00214699422
0.001756939491
0.001373562062
0.00100124378
0.0006315612422
0.0002990277556
0.002445857723
0.001898970476
0.001375636216
0.0009467107118
0.0005768503605
0.0002561199562
-2.072897733e-05
-0.0002596519998
-0.0004663031925
-0.0006456644332
-0.0008020279629
-0.0009389775023
-0.001059374336
-0.001165361288
-0.001258381923
-0.001339212569
-0.001408005859
-0.001464344756
-0.001507306144
-0.001535533205
-0.001547315938
-0.001540679202
-0.001513477639
-0.001463496751
-0.001388559174
-0.001286634915
-0.001155953933
-0.000995118973
-0.0008032161435
-0.0005799203255
-0.0003255912269
-4.135399047e-05
0.0002708274174
0.0006080906049
0.0009666984338
0.001342014625
0.001728561189
0.002120094691
0.002509721637
0.002890050734
0.003253379022
0.00359190752
0.003897979771
0.004164334438
0.00438436123
0.00455234788
0.004663705114
0.004715156514
0.004704881236
0.004632599554
0.004499594343
0.004308665523
0.004064019021
0.003771096439
0.003436356009
0.00306701938
0.00267080093
0.002255627115
0.001829352764
0.001399672592
0.0009744199061
0.000558564549
0.0001425361125
-0.0002337709639
0.002355525316
0.001772999385
0.001216816766
0.0007624922363
0.0003717708096
3.355531715e-05
-0.0002582279281
-0.0005103646787
-0.0007292573447
-0.0009205237956
-0.001088979756
-0.001238623415
-0.001372627375
-0.001493350169
-0.001602363491
-0.00170049196
-0.001787863788
-0.001863971166
-0.00192773952
-0.001977605017
-0.00201159987
-0.002027445094
-0.002022650322
-0.001994620206
-0.001940766677
-0.001858626059
-0.001745979566
-0.001600975257
-0.001422248987
-0.001209041552
-0.0009613079745
-0.0006798114826
-0.0003662073322
-2.313770701e-05
0.0003458042811
0.0007360176136
0.001141943551
0.001557129861
0.001974338276
0.002385693338
0.002782870322
0.003157318676
0.003500514878
0.003804236085
0.004060843563
0.004263562889
0.004406746565
0.004486104207
0.004498886072
0.004444007495
0.004322104852
0.004135517761
0.003888197156
0.003585544081
0.003234189182
0.002841727703
0.002416427703
0.001966919345
0.001501873005
0.001029892619
0.0005598437319
9.74294758e-05
-0.0003680426226
-0.0007909322794
0.002183631107
0.001567639355
0.000980562407
0.000502235123
9.161408086e-05
-0.000263531517
-0.0005700871486
-0.0008356463913
-0.001067333069
-0.001271372076
-0.001453072464
-0.001616816371
-0.001766057588
-0.001903341229
-0.002030339378
-0.002147898794
-0.002256098666
-0.002354317128
-0.002441305741
-0.002515271522
-0.002573966302
-0.002614783372
-0.002634861313
-0.002631194843
-0.002600752257
-0.002540598686
-0.002448023986
-0.002320673498
-0.002156679367
-0.001954789762
-0.001714492244
-0.001436122827
-0.001120960757
-0.0007713594767
-0.0003907088213
1.647988398e-05
0.0004446106651
0.0008870510165
0.001336227529
0.001783767662
0.002220686348
0.002637614973
0.003025067534
0.003373735827
0.003674802628
0.003920259242
0.004103211775
0.004218159344
0.004261227435
0.004230341059
0.004125325103
0.00394792355
0.003701734447
0.003392063441
0.003025704662
0.002610663693
0.002155841314
0.001670686286
0.001164826086
0.000647932837
0.000130074571
-0.0003821708905
-0.0009006310918
-0.001373459943
0.001923905592
0.001276762474
0.0006608797369
0.000160056197
-0.0002694073211
-0.000640845055
-0.0009619410328
-0.001241075025
-0.001486066803
-0.001703721421
-0.001899813723
-0.002079082246
-0.002245235036
-0.002400977927
-0.002548058908
-0.00268732386
-0.002818781292
-0.00294167467
-0.003054561627
-0.00315539983
-0.003241639577
-0.003310323385
-0.003358192849
-0.003381802917
-0.003377643515
-0.00334226809
-0.003272428153
-0.003165212374
-0.003018188106
-0.002829542869
-0.002598222391
-0.002324056345
-0.002007868446
-0.001651634838
-0.001258463167
-0.0008327026884
-0.0003799231729
9.311114568e-05
0.0005785201664
0.001067438003
0.001550194087
0.00201654435
0.002455948594
0.002857886814
0.003212203731
0.003509467563
0.003741326132
0.003900841478
0.003982783293
0.003983862238
0.00390288663
0.003740830088
0.003500803338
0.00318792999
0.002809133111
0.002372846752
0.001888671962
0.001366986022
0.0008185153576
0.0002541634711
-0.0003146213376
-0.0008802436895
-0.001455712282
-0.001982412029
0.001570505526
0.0008946716551
0.0002522020169
-0.0002695151002
-0.0007166885476
-0.001103721498
-0.001439081507
-0.001731912017
-0.001990703481
-0.002222815488
-0.002434463223
-0.002630716835
-0.002815514938
-0.0029917018
-0.003161080549
-0.003324476924
-0.003481810754
-0.003632173696
-0.003773912568
-0.003904718277
-0.004021720726
-0.004121590311
-0.004200646662
-0.004254975187
-0.004280551746
-0.004273375395
-0.004229608692
-0.00414572444
-0.004018657059
-0.003845956393
-0.003625940942
-0.003357841434
-0.003041928223
-0.002679695789
-0.002273873738
-0.001828550723
-0.00134918501
-0.0008426010343
-0.00031693444
0.0002184803552
0.000753280303
0.001276302387
0.001775868761
0.002240122525
0.002657404221
0.003016655042
0.00330782887
0.003522292167
0.003653188861
0.003695747105
0.003647506507
0.003508448288
0.00328101661
0.002970026645
0.002582463214
0.002127182864
0.001614539414
0.001055942237
0.0004633595911
-0.0001509034659
-0.000773828621
-0.001396653166
-0.002033640788
-0.00261873389
0.001118052762
0.0004161371091
-0.0002505740202
-0.0007914964657
-0.001255186664
-0.001657076121
-0.002006397675
-0.002313033821
-0.002586119693
-0.002833544348
-0.003061939529
-0.003276684785
-0.003481928879
-0.003680635988
-0.003874647714
-0.004064754633
-0.004250774166
-0.004431633183
-0.00460545474
-0.004769649191
-0.004921010363
-0.005055817788
-0.005169946075
-0.005258982405
-0.00531835293
-0.005343458472
-0.005329819463
-0.005273229437
-0.005169915657
-0.005016705032
-0.004811192858
-0.004551905679
-0.004238447936
-0.003871704541
-0.003453915641
-0.002988784955
-0.002481548462
-0.001938992634
-0.001369430473
-0.0007826139409
-0.0001895816848
0.0003975607649
0.0009659287247
0.001502210236
0.001993073633
0.002425617315
0.002787843233
0.003069131128
0.003260687229
0.003355939533
0.00335085241
0.003244136498
0.003037335665
0.002734780795
0.002343409807
0.001872464391
0.001333083507
0.0007378032497
9.997764537e-05
-0.0005665071788
-0.001246856824
-0.001930978907
-0.002634488417
-0.003283094539
0.0005616823184
-0.0001635592283
-0.0008520451705
-0.001410408047
-0.001889372059
-0.002305349118
-0.002668314853
-0.002988863255
-0.003276746749
-0.003540358893
-0.003786725587
-0.004021516003
-0.004249071933
-0.004472462879
-0.004693556633
-0.004913098251
-0.005130793806
-0.00534539718
-0.005554799371
-0.005756120792
-0.005945807561
-0.006119733186
-0.006273307172
-0.006401592003
-0.006499429777
-0.006561579416
-0.006582864881
-0.00655833426
-0.00648342878
-0.006354160307
-0.006167295578
-0.005920539654
-0.005612703581
-0.005243917027
-0.004815797066
-0.004331512342
-0.003795938434
-0.00321569574
-0.002599164978
-0.001956432984
-0.001299166803
-0.0006404109447
5.695676933e-06
0.0006242822164
0.00120018158
0.001718427165
0.00216479216
0.002526346834
0.002792004066
0.002953019944
0.003003415326
0.002940286359
0.002763977377
0.002478098161
0.002089378596
0.001607367347
0.001043993658
0.0004130018277
-0.000270724527
-0.0009915276563
-0.001732610557
-0.002482370704
-0.003257887574
-0.003975722245
-0.0001029035905
-0.0008485745955
-0.001556255318
-0.002130225552
-0.002623178803
-0.003052451338
-0.003428734155
-0.003763301704
-0.004066494547
-0.004347185607
-0.004612773774
-0.004869200485
-0.0051209868
-0.005371297065
-0.005622017622
-0.00587384267
-0.006126363231
-0.006378157312
-0.00662688085
-0.006869360072
-0.007101686657
-0.007319317476
-0.00751718092
-0.007689791767
-0.007831376405
-0.007936009899
-0.007997765909
-0.008010879927
-0.007969925496
-0.007870002429
-0.007706936064
-0.007477482123
-0.007179517503
-0.006812255013
-0.006376531215
-0.005874804282
-0.005311422321
-0.004692678712
-0.004026876581
-0.003324317687
-0.00259721297
-0.00185950713
-0.001126609905
-0.0004150311874
0.0002580771212
0.000875462723
0.001420380465
0.001877240284
0.002232262617
0.002474102528
0.002594400595
0.002588218966
0.0024543255
0.002195297667
0.001817430357
0.001330448183
0.0007470389885
8.221725285e-05
-0.0006474629127
-0.001424369905
-0.002229453542
-0.003049396951
-0.003902868658
-0.004696235059
-0.0008793790717
-0.001642454498
-0.002366648185
-0.002954333512
-0.003459956017
-0.003901711715
-0.004290974206
-0.00463966363
-0.004958677592
-0.005257343037
-0.005543411922
-0.005823083081
-0.006101046579
-0.006380555421
-0.006663511762
-0.00695055894
-0.007241174837
-0.007533764497
-0.007825751632
-0.008113669861
-0.008393255383
-0.008659543305
-0.008906970064
-0.009129484469
-0.009320669713
-0.009473878461
-0.009582382666
-0.009639539241
-0.009638971945
-0.009574769092
-0.00944169685
-0.009235425282
-0.008952745874
-0.008591787235
-0.00815240429
-0.007636160634
-0.007046678395
-0.006389727434
-0.005673348536
-0.004907895799
-0.004105995161
-0.003282408653
-0.002453792386
-0.001638340563
-0.0008553139365
-0.0001244587701
0.0005346684093
0.001103444914
0.0015649594
0.00190477846
0.002111651748
0.002178102773
0.00210085532
0.001881053753
0.001524249258
0.001040143485
0.0004421017274
-0.0002535580295
-0.0010284782
-0.001862840287
-0.00273506347
-0.003629883333
-0.004567687612
-0.005443461624
-0.001770738439
-0.002548083063
-0.00328602207
-0.003885481218
-0.004402422535
-0.00485582848
-0.005257716948
-0.005620615218
-0.005955944994
-0.006273461804
-0.006581252191
-0.006885760203
-0.007191838383
-0.007502826746
-0.007820645687
-0.008145893305
-0.008477942216
-0.008815033591
-0.009154368077
-0.009492194639
-0.009823899357
-0.01014409677
-0.01044672674
-0.01072515984
-0.01097231425
-0.01118078688
-0.01134300108
-0.01145137272
-0.0114984959
-0.01147734845
-0.01138151778
-0.0112054461
-0.01094467665
-0.01059609052
-0.01015833284
-0.009631856988
-0.009019337278
-0.008325789669
-0.007558765976
-0.006728462931
-0.005847741562
-0.004932045409
-0.003999200367
-0.003069082473
-0.002163146094
-0.001303813242
-0.0005137352775
0.0001850494403
0.0007720252444
0.001229126875
0.001541625641
0.001698908376
0.00169508346
0.001529355162
0.001206122022
0.0007347776028
0.000129217763
-0.0005929439007
-0.001411429182
-0.002304011812
-0.003246274385
-0.0042207378
-0.005249639159
-0.006215247511
-0.002779243768
-0.003567637406
-0.00431648923
-0.004925743901
-0.005452627322
-0.005916826497
-0.006330959761
-0.006708119364
-0.00706021659
-0.007397410363
-0.007728105105
-0.008058980963
-0.008395050489
-0.008739743926
-0.009095007796
-0.009461406498
-0.009838221504
-0.0102235457
-0.01061437251
-0.01100668104
-0.01139551955
-0.01177509026
-0.01213883894
-0.01247955279
-0.01278947027
-0.01306040613
-0.01328389481
-0.01345135478
-0.01355427577
-0.01358443007
-0.01353410905
-0.01339638577
-0.01316538804
-0.01283656044
-0.01240711354
-0.01187617773
-0.01124520021
-0.01051818398
-0.009701925213
-0.008806204242
-0.007843881032
-0.006830883597
-0.005786067687
-0.004730927005
-0.003689138944
-0.002685939316
-0.001747331118
-0.0008991468172
-0.0001660001833
0.0004298193644
0.0008694414955
0.001138419178
0.001227558217
0.001133492193
0.0008589370459
0.0004125850551
-0.0001913703598
-0.000934085872
-0.001793272936
-0.002744074568
-0.003758902479
-0.004817757717
-0.005944851195
-0.007008241957
-0.003906378771
-0.004702549009
-0.005459442775
-0.006076491874
-0.006611918241
-0.007086023232
-0.007511976354
-0.007903389412
-0.008272627653
-0.008630228996
-0.00898490139
-0.009343555542
-0.009711366108
-0.01009186206
-0.01048702975
-0.01089741763
-0.01132223666
-0.01175945376
-0.01220587791
-0.01265724026
-0.01310827088
-0.01355277549
-0.01398371603
-0.01439329929
-0.01477307761
-0.0151140657
-0.01540687746
-0.01564188609
-0.01580941044
-0.01589992957
-0.01590432755
-0.01581417095
-0.01562200803
-0.01532165814
-0.01490864831
-0.01438057585
-0.0137373561
-0.01298168772
-0.01211930445
-0.01115926119
-0.01011412097
-0.009000031271
-0.007836663937
-0.006646990283
-0.005456867232
-0.004294418665
-0.003189208145
-0.00217121553
-0.001269649882
-0.0005116530415
7.903013345e-05
0.000483320807
0.0006879094331
0.0006860876267
0.0004782152151
7.175666132e-05
-0.0005191411482
-0.001274550712
-0.002170127032
-0.003178166871
-0.004267550996
-0.005415414401
-0.006648055269
-0.007817659786
-0.005152812186
-0.005953474811
-0.006715533754
-0.007338370305
-0.007880921811
-0.00836400596
-0.008801289015
-0.009206854213
-0.009593484763
-0.009972074746
-0.01035162442
-0.01073927385
-0.01114036711
-0.01155854626
-0.01199585745
-0.01245285749
-0.0129287142
-0.01342129773
-0.01392726243
-0.01444212065
-0.01496031138
-0.01547526743
-0.01597948545
-0.01646460347
-0.01692149054
-0.01734035332
-0.01771086389
-0.01802231319
-0.01826379369
-0.01842441449
-0.01849355132
-0.01846113572
-0.01831797849
-0.0180560898
-0.01766907919
-0.01715275972
-0.01650521698
-0.01572752657
-0.01482401695
-0.0138026607
-0.01267536791
-0.01145816837
-0.01017125396
-0.008838844447
-0.007488841935
-0.006152246807
-0.004862319342
-0.003653489018
-0.002560036386
-0.001614599718
-0.0008465874889
-0.000280604543
6.498036379e-05
0.0001791897268
5.918698469e-05
-0.0002894794131
-0.0008531940037
-0.001611197662
-0.002537108167
-0.003600182045
-0.004765389202
-0.006006610214
-0.007352328059
-0.008637012975
-0.006518373176
-0.007320280909
-0.008084661255
-0.00871129239
-0.009259536679
-0.009750622881
-0.01019865483
-0.01061813712
-0.01102223549
-0.01142217997
-0.01182725611
-0.01224483752
-0.01268045113
-0.01313787299
-0.01361923593
-0.01412513633
-0.01465473318
-0.01520583608
-0.01577498157
-0.01635749949
-0.01694757225
-0.01753829109
-0.01812171416
-0.01868893132
-0.01923014102
-0.0197347445
-0.02019146251
-0.02058847941
-0.02091361948
-0.02115455932
-0.02129907993
-0.02133536348
-0.02125233652
-0.02104002353
-0.02068992029
-0.02019575799
-0.01955351577
-0.01876230681
-0.01782468462
-0.0167471409
-0.01554051987
-0.01422032398
-0.0128068817
-0.01132533223
-0.009805380913
-0.008280784563
-0.006788535919
-0.005367734485
-0.004058156227
-0.002898567107
-0.001924862316
-0.0011681504
-0.0006529331143
-0.0003955512343
-0.0004030669857
-0.0006727281917
-0.001192110831
-0.001940017179
-0.00288814065
-0.004002545135
-0.005243900193
-0.00658240278
-0.008048798361
-0.009457806388
-0.008002041748
-0.008802041442
-0.009565978161
-0.01019444858
-0.01074694344
-0.01124499075
-0.01170306847
-0.01213605146
-0.01255745441
-0.01297882712
-0.01340973905
-0.01385780823
-0.01432876523
-0.01482654867
-0.01535341239
-0.01591003105
-0.01649559639
-0.01710790059
-0.0177434061
-0.01839730337
-0.01906355968
-0.01973496346
-0.02040316904
-0.02105874745
-0.02169124894
-0.02228928309
-0.02284062219
-0.02333233383
-0.02375094784
-0.02408266296
-0.02431359733
-0.0244300889
-0.02441905128
-0.02426835673
-0.02396722051
-0.02350700106
-0.02288131541
-0.02208694353
-0.02112428601
-0.01999792544
-0.01871717864
-0.01729654328
-0.01575601336
-0.01412121222
-0.0124232853
-0.01069849596
-0.008987476099
-0.007334099373
-0.005783971104
-0.004382566181
-0.003173091117
-0.00219419604
-0.001477708903
-0.001046599165
-0.0009133918591
-0.001079234278
-0.001533767255
-0.002255927827
-0.003215727291
-0.004375953214
-0.005692591691
-0.007131690967
-0.008726314201
-0.01026919205
-0.009601956432
-0.01039705539
-0.01115791524
-0.0117863345
-0.0123416334
-0.01284552154
-0.01331278388
-0.01375861478
-0.01419684774
-0.01463934202
-0.01509595713
-0.01557457489
-0.01608115924
-0.01661984876
-0.01719306134
-0.01780159664
-0.01844472817
-0.01912028089
-0.01982469338
-0.02055306615
-0.02129919915
-0.02205562324
-0.02281363076
-0.02356331124
-0.02429359832
-0.02499233428
-0.02564635846
-0.02624162597
-0.02676336284
-0.0271962637
-0.02752473725
-0.02773320608
-0.02780646926
-0.02773010757
-0.02749088888
-0.02707753241
-0.02648110848
-0.02569565748
-0.02471904996
-0.02355351659
-0.02220634993
-0.02069050791
-0.01902509721
-0.01723568359
-0.01535435989
-0.0134194989
-0.01147512229
-0.009569829614
-0.007755256737
-0.006084072965
-0.004607578616
-0.003373027572
-0.00242086376
-0.001782116091
-0.001476229741
-0.001509606494
-0.001875079634
-0.002552520672
-0.003510674324
-0.004709072421
-0.006098663881
-0.007640856828
-0.009371064464
-0.01105757655
-0.0113154419
-0.01210288363
-0.01285822612
-0.01348480021
-0.01404145884
-0.01454997053
-0.01502535726
-0.015483084
-0.01593727855
-0.01640010753
-0.01688173663
-0.01739034172
-0.01793216075
-0.01851158033
-0.0191312352
-0.01979210567
-0.02049360393
-0.02123364478
-0.02200869935
-0.0228138332
-0.02364273207
-0.02448771986
-0.02533977456
-0.02618854817
-0.02702239726
-0.02782843083
-0.02859258239
-0.02929971306
-0.0299337527
-0.03047788567
-0.03091478777
-0.03122692112
-0.03139689751
-0.03140790193
-0.03124412384
-0.03089140819
-0.03033808454
-0.02957511954
-0.02859747731
-0.02740459228
-0.0260012173
-0.02439819409
-0.02261312034
-0.02067086335
-0.01860384075
-0.01645197974
-0.01426226378
-0.01208778319
-0.009986227581
-0.008017797758
-0.006242573535
-0.004717449136
-0.003492832903
-0.002609389496
-0.002095163636
-0.001963441888
-0.00221167275
-0.002821739417
-0.003761761238
-0.004988184323
-0.006446627817
-0.008093357852
-0.009966149698
-0.01180617638
-0.01313905848
-0.01391640885
-0.01466405566
-0.01528712314
-0.01584370705
-0.01635550795
-0.01683771303
-0.01730601299
-0.01777481379
-0.01825659873
-0.01876186892
-0.01929913839
-0.01987497348
-0.02049406958
-0.0211593426
-0.02187201903
-0.02263171501
-0.02343649912
-0.02428293698
-0.02516611885
-0.02607967329
-0.02701577173
-0.02796512948
-0.02891700977
-0.02985923758
-0.03077823039
-0.03165905301
-0.03248550388
-0.03324024029
-0.03390494988
-0.03446057572
-0.03488760222
-0.03516641338
-0.03527772707
-0.03520305198
-0.03492522659
-0.03442959233
-0.03370381205
-0.0327395754
-0.03153310039
-0.03008608879
-0.0284066701
-0.02651026315
-0.02442031323
-0.02216881957
-0.01979654989
-0.01735282891
-0.01489478681
-0.01248596815
-0.01019423741
-0.008088978675
-0.006237673365
-0.004702046161
-0.003534081848
-0.00277231298
-0.002438830037
-0.002537452314
-0.003053483753
-0.003955345724
-0.005196773821
-0.006717867971
-0.008469263599
-0.01049109666
-0.01249451616
-0.01506867591
-0.01583392051
-0.01657203434
-0.01719010748
-0.01774520059
-0.01825881619
-0.01874623444
-0.01922333372
-0.01970479401
-0.02020344004
-0.02073015493
-0.02129385265
-0.02190149929
-0.02255817538
-0.02326715572
-0.02402998974
-0.0248465717
-0.02571519466
-0.02663258557
-0.02759392241
-0.02859283606
-0.02962140169
-0.03067012539
-0.03172793269
-0.03278216594
-0.03381859793
-0.03482146933
-0.03577355754
-0.03665628477
-0.03744987346
-0.03813355679
-0.03868585207
-0.03908490887
-0.03930894299
-0.03933671041
-0.03914799978
-0.03872490668
-0.03805169471
-0.03711639729
-0.03591164963
-0.03443562266
-0.03269314557
-0.03069676789
-0.02846773261
-0.02603677739
-0.02344464924
-0.02074219918
-0.01798991188
-0.01525672859
-0.01261804887
-0.01015285485
-0.007939995246
-0.006053793076
-0.004559287402
-0.00350756274
-0.002931719746
-0.002844066544
-0.003235123053
-0.004074893627
-0.00531505051
-0.006890142094
-0.008744730964
-0.01092131155
-0.01309786529
-0.01709957316
-0.01785122753
-0.01857840136
-0.01919021249
-0.01974242607
-0.0202562144
-0.02074688004
-0.0212304615
-0.02172192559
-0.02223448387
-0.02277947063
-0.02336628418
-0.024002383
-0.02469332792
-0.02544284632
-0.02625290004
-0.02712374518
-0.02805397654
-0.02904055332
-0.03007880619
-0.03116242821
-0.03228345398
-0.03343223291
-0.03459740325
-0.03576587387
-0.03692282155
-0.03805171139
-0.03913434828
-0.04015096746
-0.04108037262
-0.04190012991
-0.04258682599
-0.0431164019
-0.04346457725
-0.04360733279
-0.0435214026
-0.04318541374
-0.04258025829
-0.04168996822
-0.04050328857
-0.03901443488
-0.03722438564
-0.03514214323
-0.03278594561
-0.03018435796
-0.02737712351
-0.02441562392
-0.02136277489
-0.01829217144
-0.01528631009
-0.01243376296
-0.009825273426
-0.007548884231
-0.005684391476
-0.004297614147
-0.003435133473
-0.003120242411
-0.003350907935
-0.004100423681
-0.005319395286
-0.00693701166
-0.008891412113
-0.01122746671
-0.01358660871
-0.01922656695
-0.01996380155
-0.02067915969
-0.02128371283
-0.02183169381
-0.02234381216
-0.02283532668
-0.02332242428
-0.02382039457
-0.02434290902
-0.02490185149
-0.02550721781
-0.02616707781
-0.02688759075
-0.02767304903
-0.02852593078
-0.02944694782
-0.0304350803
-0.03148759348
-0.03260003593
-0.03376622078
-0.03497819442
-0.03622619813
-0.03749862912
-0.03878200853
-0.04006096365
-0.04131823252
-0.04253469875
-0.0436894649
-0.04475997297
-0.04572218065
-0.04655080207
-0.04721962396
-0.04770191343
-0.0479709055
-0.04800030397
-0.04776515976
-0.04724299118
-0.04641365163
-0.04526174188
-0.04377717329
-0.04195659072
-0.0398048201
-0.03733631005
-0.0345765172
-0.03156311621
-0.02834687431
-0.0249919924
-0.02157568497
-0.0181867633
-0.01492301625
-0.01188726728
-0.009182135518
-0.006903741609
-0.005134854544
-0.003938220297
-0.003350985024
-0.003381268453
-0.004007857295
-0.005181723986
-0.006827195819
-0.008875789064
-0.01137481584
-0.0139255477
-0.02144417123
-0.02216695418
-0.02287026691
-0.02346689457
-0.02400933151
-0.02451769394
-0.02500713972
-0.02549401512
-0.02599400033
-0.02652133632
-0.02708859273
-0.02770651231
-0.02838392785
-0.0291277427
-0.02994294868
-0.03083266026
-0.03179814955
-0.03283887135
-0.03395247233
-0.03513478207
-0.03637978711
-0.03767959148
-0.03902436916
-0.04040231475
-0.04179959978
-0.04320034211
-0.0445865965
-0.04593837435
-0.04723370092
-0.0484487187
-0.04955784569
-0.05053399758
-0.05134888399
-0.05197339542
-0.05237808688
-0.05253368304
-0.0524117171
-0.05198623727
-0.05123297229
-0.05013214267
-0.04866911534
-0.046835817
-0.04463235291
-0.04206866066
-0.03916617775
-0.03595941655
-0.03249728473
-0.02884393808
-0.0250789019
-0.02129616386
-0.01760194344
-0.01411090511
-0.01094072536
-0.008205158204
-0.006006056727
-0.004425146546
-0.003516633333
-0.003301990053
-0.003768264576
-0.004868760081
-0.006523841735
-0.008658428411
-0.01132243205
-0.01407312631
-0.02374679178
-0.02445605321
-0.0251478671
-0.0257362915
-0.02627191518
-0.02677413652
-0.02725797058
-0.02773996661
-0.02823630625
-0.02876195754
-0.02933036063
-0.02995319995
-0.0306402627
-0.03139937483
-0.03223638721
-0.03315518847
-0.03415772633
-0.03524402425
-0.03641218506
-0.03765837783
-0.03897680786
-0.04035967255
-0.04179710792
-0.04327713221
-0.04478559353
-0.04630612924
-0.04782014499
-0.04930682157
-0.05074315782
-0.05210405801
-0.05336247286
-0.05448960285
-0.05545517369
-0.05622779973
-0.05677545102
-0.05706595607
-0.05706752593
-0.05675053849
-0.05608691436
-0.0550522719
-0.05362731091
-0.05179897619
-0.04956222514
-0.04692186846
-0.04389449324
-0.04051038893
-0.03681532375
-0.0328719537
-0.02876057648
-0.02457887852
-0.02044028977
-0.01647058644
-0.01280250059
-0.009568333891
-0.006890934542
-0.004873834345
-0.003591772147
-0.003083262067
-0.003346999366
-0.004341208717
-0.005983703637
-0.008193148901
-0.01102236252
-0.01398057882
-0.026128961
-0.02682678437
-0.02750857096
-0.02808896829
-0.02861654242
-0.02910986176
-0.029583782
-0.03005514521
-0.03054080357
-0.03105667256
-0.03161730922
-0.0322355907
-0.03292249809
-0.03368699683
-0.03453598486
-0.03547428161
-0.036504636
-0.03762773683
-0.03884221452
-0.04014462792
-0.04152943471
-0.04298894701
-0.04451327643
-0.04609027453
-0.04770547566
-0.04934204971
-0.05098077283
-0.0526000241
-0.05417581641
-0.05568186999
-0.05708973735
-0.05836898849
-0.05948746571
-0.06041162219
-0.06110696328
-0.06153854612
-0.0616714789
-0.06147235902
-0.0609096368
-0.05995426156
-0.05858224121
-0.05677540309
-0.05452326986
-0.05182505221
-0.04869178616
-0.04514857653
-0.0412368134
-0.03701615397
-0.03256597269
-0.02798588873
-0.02339490214
-0.01892864578
-0.01473433251
-0.01096319452
-0.007760600739
-0.005254572297
-0.003544009429
-0.002688598557
-0.002702718316
-0.003552824821
-0.005156222155
-0.007426093025
-0.01041869151
-0.0135909913
-0.02858562107
-0.02927546861
-0.02994979455
-0.03052285932
-0.03104115423
-0.03152232835
-0.03198110136
-0.03243476322
-0.03290108406
-0.03339722876
-0.03393919539
-0.03454137381
-0.03521623542
-0.03597414594
-0.0368232693
-0.03776953121
-0.03881661571
-0.03996597338
-0.04121682632
-0.04256616079
-0.04400870399
-0.04553688515
-0.04714078442
-0.04880807519
-0.05052396657
-0.05227115357
-0.05402978302
-0.05577744334
-0.05748918619
-0.05913758856
-0.06069286357
-0.06212302905
-0.06339414263
-0.0644706155
-0.06531562477
-0.0658916096
-0.06616075979
-0.06608597503
-0.06563247763
-0.06476666751
-0.06345991414
-0.06168892654
-0.05943766007
-0.05669942131
-0.05347916876
-0.04979602143
-0.04568587404
-0.04120393476
-0.03642689912
-0.03145435041
-0.02640885374
-0.02143412347
-0.01669064792
-0.0123483186
-0.0085759943
-0.005528538891
-0.003332638929
-0.002073637702
-0.00178628182
-0.002449368231
-0.003982493987
-0.006294691111
-0.009446500687
-0.0128382682
-0.0311124678
-0.03179944929
-0.03247017132
-0.03303717615
-0.03354491492
-0.03401006753
-0.03444730289
-0.03487460555
-0.03531101583
-0.03577535532
-0.03628548444
-0.03685770881
-0.03750635281
-0.03824349185
-0.03907880667
-0.04001952197
-0.04107039562
-0.04223373115
-0.04350939364
-0.0448948161
-0.04638499029
-0.04797244047
-0.0496471827
-0.05139667478
-0.05320576348
-0.05505663665
-0.05692878831
-0.05879900491
-0.0606413809
-0.06242737193
-0.06412589398
-0.0657034771
-0.06712448235
-0.06835139224
-0.06934519399
-0.07006586357
-0.07047284371
-0.0705256263
-0.07018614955
-0.06941679513
-0.0681842788
-0.06646033154
-0.06422336864
-0.0614606701
-0.05817079363
-0.05436628267
-0.05007661509
-0.04535124621
-0.04026249059
-0.03490784126
-0.02941115771
-0.02392199701
-0.01861227701
-0.01366953394
-0.009286366164
-0.00564629746
-0.00290722124
-0.001184833741
-0.000539537996
-0.000967438731
-0.002394119349
-0.004726502201
-0.00803071039
-0.01164598936
-0.03370637396
-0.03439757082
-0.03507005904
-0.03563290154
-0.03612866282
-0.03657306988
-0.0369809204
-0.03737126841
-0.03776491627
-0.03818288467
-0.03864543748
-0.03917129766
-0.03977708007
-0.04047693081
-0.04128232895
-0.04220200367
-0.04324192389
-0.0444053249
-0.04569274577
-0.04710205998
-0.04862849004
-0.05026460266
-0.05200028617
-0.05382271465
-0.05571630562
-0.05766267887
-0.05964062472
-0.06162609036
-0.06359219234
-0.0655092636
-0.06734494329
-0.06906431776
-0.07063012127
-0.07200300538
-0.07314189414
-0.07400444276
-0.07454751045
-0.07472761581
-0.07450313318
-0.07383316703
-0.07267981274
-0.0710100603
-0.0687969495
-0.06602178671
-0.06267661884
-0.05876706722
-0.05431552636
-0.04936463094
-0.04398078483
-0.03825738858
-0.03231719807
-0.02631302105
-0.0204257689
-0.01485882775
-0.009827933151
-0.005546340731
-0.002206131025
4.193552864e-05
0.001106005424
0.0009668168423
-0.0003119104222
-0.002637909067
-0.006084777695
-0.009926135213
-0.03636592042
-0.03707078035
-0.0377521724
-0.03831339598
-0.03879545014
-0.03921323332
-0.03958199333
-0.03992240689
-0.04025771542
-0.04061185239
-0.04100817187
-0.04146842982
-0.04201205071
-0.04265566379
-0.04341285344
-0.04429406348
-0.04530659985
-0.04645468575
-0.04773953508
-0.04915942081
-0.05070972553
-0.05238296856
-0.05416881018
-0.05605403741
-0.05802253802
-0.06005527104
-0.06213024217
-0.06422249348
-0.06630411563
-0.06834429109
-0.07030937681
-0.07216303452
-0.07386641706
-0.07537841919
-0.07665600678
-0.07765464492
-0.07832877131
-0.07863222626
-0.07851984389
-0.07794789832
-0.07687409192
-0.07526096542
-0.07307645356
-0.0702960951
-0.06690551867
-0.06290332801
-0.05830445795
-0.05314396052
-0.04748107994
-0.04140331847
-0.03502996901
-0.02851430545
-0.02204332353
-0.0158337178
-0.01012282852
-0.00515378287
-0.00115513444
0.001682812355
0.003230612478
0.003439135171
0.00235556277
6.736557063e-05
-0.003509214802
-0.007577645218
-0.03909207802
-0.03982289897
-0.04052238607
-0.04108515295
-0.04155119727
-0.0419348862
-0.04225245012
-0.04252698855
-0.04278510239
-0.04305456652
-0.04336268575
-0.04373499295
-0.04419432574
-0.044760255
-0.0454487924
-0.04627229772
-0.04723951422
-0.04835567252
-0.04962261919
-0.05103894001
-0.05260006097
-0.05429831945
-0.05612300512
-0.05806037501
-0.06009365007
-0.06220300203
-0.06436553945
-0.06655530361
-0.06874328282
-0.0708974536
-0.07298285774
-0.07496172353
-0.0767936394
-0.07843578808
-0.07984325264
-0.08096941498
-0.0817664306
-0.08218565188
-0.08217854155
-0.08169885126
-0.08070018227
-0.07914093356
-0.07698428331
-0.07420032648
-0.07076853652
-0.06668063685
-0.06194402083
-0.05658574004
-0.05065699359
-0.04423790748
-0.03744216594
-0.03042072917
-0.02336347647
-0.01649723695
-0.01007849357
-0.004379317145
0.0003339210137
0.003827408289
0.00592784045
0.006548717711
0.005713622763
0.003499970451
-0.0001898724781
-0.004484755825
-0.04188910449
-0.04266163073
-0.04339077206
-0.04395875424
-0.04440549634
-0.0447454045
-0.04499653502
-0.04518554983
-0.04534364694
-0.04550363701
-0.0456978384
-0.04595644301
-0.04630638555
-0.04677066999
-0.0473680537
-0.0481129846
-0.04901569776
-0.05008239574
-0.05131545677
-0.05271363388
-0.05427222354
-0.05598319428
-0.05783527491
-0.05981400649
-0.06190176746
-0.06407778104
-0.06631811446
-0.06859568315
-0.07088026871
-0.07313855884
-0.07533421963
-0.07742800867
-0.07937793687
-0.08113948748
-0.08266590169
-0.08390855017
-0.08481739921
-0.08534143742
-0.08542913316
-0.08503146207
-0.08409870408
-0.08258521199
-0.08044979931
-0.07765751635
-0.07418206569
-0.07000861575
-0.06513720208
-0.05958680137
-0.05340008754
-0.0466487587
-0.03943911813
-0.0319172488
-0.02427265199
-0.01673868168
-0.009587668685
-0.003118579239
0.002364200367
0.006580198564
0.009306132833
0.01040998076
0.009883380211
0.007786936882
0.004004094688
-0.0005150350055
-0.04476575272
-0.04559990974
-0.04637296345
-0.0469500966
-0.04737261125
-0.04765594794
-0.04782128569
-0.04790045172
-0.04793088731
-0.04795195533
-0.04800227842
-0.04811772928
-0.04833008925
-0.04866629512
-0.04914813613
-0.04979226221
-0.05061038216
-0.05160955661
-0.05279251652
-0.05415796301
-0.05570082281
-0.05741244884
-0.0592807665
-0.06129036958
-0.06342257906
-0.06565547452
-0.06796390755
-0.07031951532
-0.07269074267
-0.07504288065
-0.0773381337
-0.07953572455
-0.08159204442
-0.08346085735
-0.08509356739
-0.0864395653
-0.08744667225
-0.08806158016
-0.08823020693
-0.0879002475
-0.08701949596
-0.08553832098
-0.08341153783
-0.08059956267
-0.07707076936
-0.07280421976
-0.06779298086
-0.06204817954
-0.05560388078
-0.04852277512
-0.0409025036
-0.03288211896
-0.02464767584
-0.01643527141
-0.00852915667
-0.001252082258
0.005054627103
0.01006178018
0.0134904569
0.01515449895
0.01500394469
0.01307409627
0.009222706859
0.00448301352
-0.04773693501
-0.04865773228
-0.04949197589
-0.05008198923
-0.05047273721
-0.05068234601
-0.05073706957
-0.05067612878
-0.05054537259
-0.05039261295
-0.05026431177
-0.05020317097
-0.05024660214
-0.05042594261
-0.05076622528
-0.05128631798
-0.05199927799
-0.05291280349
-0.05402969943
-0.05534830599
-0.056862862
-0.05856379152
-0.06043791866
-0.06246861246
-0.06463588318
-0.06691644011
-0.06928371576
-0.07170789114
-0.07415592499
-0.07659158522
-0.07897550787
-0.0812652942
-0.08341564834
-0.08537856654
-0.08710358667
-0.08853811203
-0.08962782898
-0.0903171608
-0.09054962573
-0.0902696278
-0.08942271209
-0.08795544998
-0.08581894139
-0.08296933379
-0.07937011154
-0.07499472385
-0.06982977693
-0.06387898965
-0.05716807079
-0.0497505782
-0.04171474994
-0.03319100657
-0.02435931565
-0.01545486309
-0.006769550831
0.001354075348
0.008540109877
0.0144098805
0.01862394403
0.02093317347
0.02123505054
0.01952906084
0.0156382703
0.0106829708
-0.0508260617
-0.05186469142
-0.05278067592
-0.05338625857
-0.05373360174
-0.05384617074
-0.05375818423
-0.05351931993
-0.05318664258
-0.05281874283
-0.05247169936
-0.05219628116
-0.05203629247
-0.05202784573
-0.05219929584
-0.05257159472
-0.05315887302
-0.0539691064
-0.05500477098
-0.05626343121
-0.05773823216
-0.05941828428
-0.06128895535
-0.06333206246
-0.06552601548
-0.06784590343
-0.07026350622
-0.07274734808
-0.07526274659
-0.07777181289
-0.0802334948
-0.08260367007
-0.08483527016
-0.08687845288
-0.08868083368
-0.09018778755
-0.09134284162
-0.09208813784
-0.09236481499
-0.0921140444
-0.09127917214
-0.08980308315
-0.08763333275
-0.08472208163
-0.08102829901
-0.07652025903
-0.07117859912
-0.06500017502
-0.05800283494
-0.05023125046
-0.04176402788
-0.03272196545
-0.02327690323
-0.01365986924
-0.004166149718
0.004846476508
0.01297101904
0.01977995164
0.02486946233
0.02791865944
0.02876023602
0.02734499772
0.02344940671
0.01828444683
-0.05406838739
-0.05526353658
-0.05628516661
-0.05690654663
-0.05719250952
-0.05717603315
-0.05690351767
-0.05643925611
-0.05585511483
-0.05522325815
-0.05461136585
-0.05407952789
-0.05367859364
-0.05344964371
-0.05342422109
-0.05362501303
-0.05406674815
-0.05475714323
-0.05569779423
-0.0568849541
-0.05831017153
-0.05996077894
-0.06182027687
-0.06386854548
-0.06608207786
-0.06843410613
-0.07089456245
-0.07343015021
-0.07600433679
-0.07857738091
-0.08110639992
-0.08354543021
-0.0858455267
-0.08795491526
-0.08981920308
-0.09138165773
-0.09258357465
-0.0933647381
-0.09366383054
-0.09341890724
-0.09257075735
-0.09105906764
-0.08882808495
-0.08582600121
-0.08200734453
-0.07733549199
-0.07178549152
-0.06534783169
-0.05803303129
-0.0498772987
-0.04094978909
-0.03136127533
-0.02127411312
-0.01091254931
-0.0005713250712
0.009381299944
0.01851159005
0.02634510025
0.0324109953
0.03630807878
0.03779076291
0.03674553148
0.03288643218
0.02751841204
-0.05751588027
-0.05891524176
-0.06006947916
-0.06070205217
-0.06089895177
-0.06070912999
-0.06019723839
-0.05944775084
-0.05855182209
-0.05759843909
-0.05666898269
-0.05583400635
-0.0551518135
-0.05466834248
-0.05441787663
-0.05442419595
-0.05470189417
-0.05525767829
-0.05609154025
-0.05719774755
-0.05856564559
-0.06018023388
-0.0620227202
-0.06407074892
-0.06629857867
-0.06867720595
-0.07117438112
-0.07375472941
-0.0763797466
-0.07900776166
-0.08159395664
-0.08409042321
-0.0864462462
-0.08860763362
-0.09051810367
-0.09211873924
-0.09334852846
-0.09414480824
-0.09444369937
-0.09418040344
-0.09329244167
-0.09171642201
-0.0893926223
-0.08626552781
-0.08228542519
-0.07741126791
-0.0716133377
-0.06487580388
-0.05720179778
-0.04861942482
-0.03918865623
-0.02901014235
-0.01823602876
-0.007081911209
0.004161313966
0.01511944869
0.02533679357
0.03429496152
0.0414545955
0.04632600853
0.04857051658
0.04799126062
0.04421874283
0.03865464434
-0.0612444291
-0.06290631557
-0.0642221272
-0.06485253846
-0.06491790344
-0.06449302752
-0.06366942906
-0.06255908044
-0.06127788876
-0.05993527188
-0.05862834794
-0.05743896074
-0.05643284076
-0.0556602079
-0.0551571979
-0.05494765567
-0.05504498867
-0.05545389116
-0.05617182946
-0.05719025501
-0.05849564953
-0.06007016665
-0.06189217849
-0.06393653864
-0.0661748615
-0.06857571819
-0.07110456545
-0.07372379902
-0.0763927408
-0.07906761443
-0.08170154272
-0.08424457004
-0.08664371834
-0.08884308967
-0.09078402549
-0.09240533347
-0.0936435984
-0.09443359802
-0.09470875233
-0.09440143315
-0.09344546647
-0.09177471898
-0.08932540247
-0.08603800552
-0.08185844201
-0.07674044987
-0.07064843244
-0.06356066705
-0.05547458081
-0.04641105817
-0.03642018067
-0.02559188273
-0.01406748436
-0.00205251779
0.01016848243
0.02221929279
0.03362700914
0.04383290269
0.05222849097
0.05822763899
0.06138217324
0.06138858399
0.05776521621
0.05201245666
-0.06536470611
-0.06735947901
-0.06886531703
-0.06946500715
-0.06933389378
-0.06858757155
-0.06735645825
-0.06578942433
-0.064033531
-0.06222235467
-0.06047040873
-0.0588710281
-0.05749664027
-0.0564004959
-0.05561910409
-0.0551748607
-0.05507855519
-0.05533157891
-0.05592773622
-0.05685477104
-0.05809550313
-0.0596285117
-0.06142876226
-0.06346802622
-0.0657150289
-0.06813558101
-0.07069258652
-0.07334603345
-0.07605294971
-0.0787673544
-0.08144022304
-0.08401947633
-0.08645000409
-0.08867373563
-0.0906297669
-0.09225455521
-0.09348219678
-0.09424480857
-0.09447297399
-0.09409608036
-0.09304416025
-0.09124796425
-0.08863939806
-0.08515466079
-0.08073494763
-0.07532881844
-0.06889491345
-0.06140513615
-0.05284879344
-0.04323781818
-0.03261441981
-0.02105965992
-0.008702264932
0.004264810988
0.01756598589
0.03082618328
0.04355952418
0.05517058905
0.06498158835
0.07230178351
0.07655493026
0.07730182728
0.07390919742
0.06797661197
-0.07003888155
-0.07244946407
-0.07416792963
-0.07468247898
-0.07425579895
-0.07306659412
-0.07130064918
-0.069155416
-0.06681617431
-0.0644440233
-0.06217163727
-0.06010296264
-0.05831533204
-0.05686284197
-0.05578013153
-0.05508604146
-0.05478687064
-0.05487910311
-0.05535156863
-0.05618724506
-0.05736439948
-0.05885737176
-0.06063729116
-0.06267238058
-0.06492813596
-0.0673674015
-0.06995035369
-0.07263444458
-0.07537431774
-0.07812172036
-0.08082542875
-0.08343119906
-0.08588175415
-0.08811681711
-0.09007320162
-0.09168496987
-0.09288367185
-0.09359868693
-0.09375765028
-0.09328680908
-0.09211231667
-0.09016141791
-0.08736142968
-0.08364384929
-0.07894462295
-0.07320646143
-0.06638147386
-0.05843427851
-0.04934597773
-0.03911922205
-0.02778485293
-0.0154106606
-0.002114968838
0.01192059359
0.0264346231
0.04105783371
0.05529544215
0.0685183863
0.07997904923
0.0888729882
0.09447398426
0.09617002046
0.09312050395
0.08702160308
-0.07550696264
-0.07842669803
-0.08036379699
-0.08069524082
-0.07982195097
-0.07801863381
-0.07554835531
-0.07267095825
-0.06961694988
-0.06657707988
-0.06370125302
-0.06110142434
-0.05885651033
-0.05701802328
-0.05561553479
-0.05466152798
-0.05415545594
-0.05408694354
-0.05443844282
-0.05518698258
-0.05630532256
-0.05776295103
-0.05952663069
-0.06156068482
-0.06382712548
-0.06628566273
-0.06889363111
-0.0716058747
-0.07437461147
-0.07714929724
-0.07987650528
-0.08249983355
-0.0849598497
-0.08719408354
-0.08913707644
-0.0907204977
-0.09187334025
-0.09252221522
-0.09259174285
-0.09200490898
-0.09068394234
-0.08855220176
-0.08553213095
-0.08155005101
-0.0765360318
-0.07042609705
-0.06316475319
-0.05470795967
-0.04502691583
-0.03411293051
-0.02198388345
-0.008692970698
0.005659082865
0.02090819896
0.0368025852
0.05298519029
0.06896038934
0.08406927283
0.09749265358
0.1083011215
0.1155914809
0.1185299721
0.1159881519
0.1097496495
-0.08212946754
-0.08565328936
-0.08777722518
-0.08775450211
-0.08620434445
-0.08354498737
-0.08014472883
-0.07634076831
-0.07241428599
-0.06858508795
-0.06501647015
-0.06182318629
-0.05908029465
-0.056831686
-0.05509751419
-0.05388031492
-0.05316978528
-0.05294669899
-0.0531854591
-0.05385577161
-0.05492409312
-0.05635442078
-0.05810873014
-0.06014717306
-0.06242810746
-0.06490801476
-0.06754134679
-0.07028033831
-0.07307480771
-0.07587196416
-0.07861623553
-0.08124912759
-0.08370912367
-0.08593163288
-0.08784899526
-0.08939055263
-0.09048279578
-0.09104960496
-0.09101258935
-0.09029141966
-0.0888044236
-0.08647074134
-0.08320771482
-0.078936019
-0.07357917999
-0.06706559295
-0.05933087175
-0.05032058259
-0.03999374089
-0.02832737871
-0.01532271096
-0.001013692884
0.01452081176
0.03114005016
0.0486170324
0.06660688598
0.08461784979
0.1019732006
0.1177820744
0.1309751739
0.1404375968
0.1450475869
0.143269795
0.1369519751
-0.09045878425
-0.09465842166
-0.09685793461
-0.09618718804
-0.09360899083
-0.08975170234
-0.08512202386
-0.08014799921
-0.07516249492
-0.07040863665
-0.06605458536
-0.06220889466
-0.05893446628
-0.05626052706
-0.05419216309
-0.05271750399
-0.05181348393
-0.05144955782
-0.05159011408
-0.05219648227
-0.05322802758
-0.05464274268
-0.05639751664
-0.05844817359
-0.06074936013
-0.06325434051
-0.06591474125
-0.06868027617
-0.07149847283
-0.07431441595
-0.07707051904
-0.0797063329
-0.08215839785
-0.08436014623
-0.08624186142
-0.08773070048
-0.08875078897
-0.08922340131
-0.0890672344
-0.08819869052
-0.08653230907
-0.08398278608
-0.08046225783
-0.07588536459
-0.07016847176
-0.06323140134
-0.05499948524
-0.04540592295
-0.03439482541
-0.0219252687
-0.007976897052
0.007442034152
0.02428276291
0.04243839826
0.06171773924
0.08180838295
0.1022314999
0.1222986662
0.1410610724
0.1572951621
0.1696285086
0.1765599968
0.1759684316
0.169711789
-0.1013621695
-0.1062243467
-0.1082268109
-0.1064075658
-0.1022659694
-0.09672903576
-0.09047591795
-0.08403166128
-0.07777225189
-0.07194942933
-0.06672046541
-0.06217340452
-0.05834698506
-0.05524649213
-0.05285491572
-0.05114117662
-0.05006563991
-0.04958366998
-0.04964820403
-0.05021118013
-0.05122426254
-0.0526391303
-0.05440747472
-0.05648080886
-0.05881016663
-0.06134574515
-0.06403652592
-0.06682989948
-0.06967130988
-0.07250392979
-0.07526837398
-0.07790245645
-0.0803409956
-0.08251567124
-0.08435493776
-0.08578399778
-0.08672484243
-0.08709636745
-0.08681457025
-0.08579275911
-0.08394190379
-0.08117219804
-0.07739065817
-0.07250566538
-0.06642596896
-0.05906201931
-0.05032757182
-0.04014148094
-0.02843004664
-0.01513022805
-0.0001942604635
0.01640337493
0.03465503923
0.05450264133
0.0758103055
0.09832269909
0.1216059452
0.1449763383
0.1674413729
0.187631519
0.2038627113
0.2141271381
0.2154479215
0.2095784637
-0.1162392942
-0.1215196931
-0.1227294439
-0.1189139603
-0.1123957178
-0.1045065702
-0.09612086752
-0.08784765572
-0.08007904817
-0.07304582306
-0.06686799589
-0.06159182699
-0.0572157356
-0.05370943072
-0.05102576893
-0.04910835938
-0.04789718769
-0.04733150872
-0.04735151564
-0.04789907656
-0.04891790187
-0.05035336714
-0.05215213333
-0.05426165948
-0.05662967092
-0.05920362224
-0.06193017964
-0.06475473722
-0.06762097602
-0.07047047056
-0.07324234548
-0.07587298389
-0.07829578821
-0.08044099488
-0.0822355439
-0.08360300537
-0.08446356557
-0.08473407745
-0.08432817536
-0.08315639291
-0.08112646823
-0.07814425787
-0.07411197888
-0.06893177573
-0.06250460712
-0.05473107224
-0.04551239307
-0.03475142533
-0.02235399889
-0.008230854087
0.007699341091
0.02550496124
0.04523270405
0.06689232321
0.09043017907
0.1156849683
0.1423175689
0.1697094265
0.1968460895
0.2222440749
0.2438819578
0.2590724669
0.2635846788
0.2588450505
-0.1374286049
-0.1423072637
-0.1414802142
-0.1342410753
-0.1241241604
-0.1129632225
-0.1018108009
-0.09130522107
-0.08179510807
-0.07343758176
-0.06627521302
-0.0602829629
-0.05539822053
-0.05154096594
-0.04862415481
-0.04656104388
-0.04526834751
-0.04466767909
-0.04468589246
-0.04525477433
-0.04631039747
-0.04779231806
-0.04964272407
-0.0518055961
-0.0542259141
-0.05684892645
-0.05961948811
-0.06248146914
-0.06537723188
-0.06824717416
-0.07102933523
-0.07365906141
-0.07606872893
-0.07818752187
-0.07994126356
-0.08125230037
-0.08203943704
-0.08221792384
-0.08169948914
-0.08039235707
-0.07820150332
-0.07502887887
-0.0707724688
-0.06532852248
-0.05859043047
-0.05044895831
-0.04079244655
-0.02950682208
-0.01647560539
-0.001580069236
0.01530010494
0.03428489888
0.05548919927
0.07901224674
0.1049159359
0.1331830514
0.1636420877
0.1958414757
0.2288629023
0.2611319695
0.2903533703
0.3129914633
0.3230082089
0.3210613173
-0.1690382284
-0.1712765492
-0.1658525117
-0.1528088901
-0.1372990923
-0.1216602198
-0.1070063551
-0.0938689631
-0.08244086439
-0.0727227803
-0.06461993044
-0.05799718584
-0.0527051403
-0.04859963585
-0.04554674193
-0.04342551344
-0.04212803415
-0.04155827034
-0.04163045317
-0.04226733617
-0.04339850846
-0.04495884625
-0.04688713077
-0.04912483366
-0.05161505852
-0.05430162278
-0.05712826321
-0.06003794984
-0.06297229472
-0.06587104444
-0.06867164696
-0.07130888532
-0.07371457203
-0.07581729911
-0.07754223945
-0.07881099524
-0.07954148943
-0.07964789586
-0.07904059591
-0.07762609628
-0.07530721859
-0.07198272776
-0.06754715771
-0.06189157469
-0.05490251658
-0.0464615895
-0.03644477931
-0.02472130369
-0.01115201513
0.004412678956
0.02213529652
0.04219375721
0.06478276855
0.09011163511
0.1183932645
0.1498142171
0.1844676835
0.2222195006
0.2624654196
0.3037722325
0.3436380022
0.3777516227
0.3976833008
0.4023592299
-0.218450325
-0.2124858085
-0.1973300977
-0.1745947251
-0.1511601942
-0.1295736296
-0.1106836831
-0.09464260471
-0.08128758026
-0.07033634097
-0.06147665644
-0.05441865113
-0.04890593731
-0.0447197696
-0.04167575985
-0.03961901927
-0.03841897208
-0.03796455863
-0.0381601033
-0.03892186608
-0.04017520718
-0.04185226944
-0.04389008392
-0.04622901523
-0.04881147818
-0.05158087116
-0.05448068372
-0.05745374579
-0.06044159322
-0.06338393066
-0.06621817713
-0.06887908273
-0.07129840769
-0.07340465612
-0.07512285797
-0.07637439236
-0.07707684534
-0.07714389377
-0.07648519775
-0.07500622526
-0.07260837475
-0.06918822776
-0.06463778257
-0.05884401659
-0.05168787199
-0.04304322609
-0.03277531173
-0.02073837144
-0.006772340344
0.009301741635
0.02768790961
0.04862327357
0.07238770949
0.09931412393
0.1297957847
0.1642819713
0.2032425706
0.2470616392
0.2957867352
0.3486555479
0.4034233825
0.4552320088
0.4931678029
0.5131655188
-0.2978497802
-0.2713117967
-0.2367263424
-0.1983336747
-0.1637207017
-0.1347105749
-0.1111535356
-0.09231920603
-0.07737410888
-0.06558879462
-0.05636192945
-0.04921541323
-0.04377511425
-0.03974940022
-0.03690951146
-0.03507400384
-0.03409679034
-0.03385806974
-0.03425752039
-0.03520919721
-0.03663767985
-0.03847513609
-0.04065905469
-0.04313047037
-0.0458325529
-0.0487094695
-0.05170545509
-0.05476404385
-0.05782742816
-0.06083592054
-0.06372750058
-0.06643743308
-0.06889794717
-0.0710379672
-0.07278288774
-0.07405438418
-0.07477024985
-0.07484424869
-0.07418595895
-0.07270051794
-0.07028867688
-0.06684606231
-0.06226308704
-0.05642406663
-0.04920610502
-0.0404775229
-0.03009552443
-0.01790279438
-0.003722602513
0.01264819123
0.03144906258
0.05296977755
0.07756972067
0.1057039458
0.1379564366
0.17507779
0.2180150236
0.2678965229
0.3258840457
0.3927365249
0.4677401391
0.5458783288
0.6135730595
0.6642880165
-0.4322046705
-0.3535242416
-0.2802504066
-0.2185368527
-0.1700267993
-0.1332383122
-0.1057177999
-0.08508007926
-0.06950636291
-0.0577148544
-0.04879167725
-0.04208306685
-0.03712129334
-0.03356723488
-0.03116975526
-0.0297385838
-0.02912589425
-0.02921361045
-0.02990463436
-0.03111671632
-0.03277809116
-0.0348243086
-0.03719588222
-0.039836506
-0.04269167069
-0.04570756744
-0.04883020257
-0.052004671
-0.05517455256
-0.05828140578
-0.06126434095
-0.06405965942
-0.06660054853
-0.06881682367
-0.07063470937
-0.07197665045
-0.07276114345
-0.07290257425
-0.0723110282
-0.07089206303
-0.06854661557
-0.06517041137
-0.06065340433
-0.05487892091
-0.04772237643
-0.03904935998
-0.02871283074
-0.0165490211
-0.002371458079
0.01403777241
0.03294083889
0.05466306177
0.07962094466
0.108363911
0.1416363125
0.1804681511
0.2263018259
0.2811492894
0.3477347764
0.4294630403
0.5293737006
0.6453540819
0.7633855987
0.8752510979
-0.7304882723
-0.4694112648
-0.3095298833
-0.2190213004
-0.1585569854
-0.117268341
-0.08927611642
-0.06970851256
-0.05562822938
-0.04536037289
-0.0378348535
-0.03234421153
-0.02842031831
-0.02574385347
-0.02408801818
-0.02328585752
-0.02320993062
-0.02375916678
-0.02485033062
-0.02641236759
-0.02838253608
-0.03070367978
-0.03332224513
-0.03618679419
-0.03924685465
-0.04245200582
-0.04575113478
-0.04909181968
-0.05241981119
-0.05567859247
-0.05880900399
-0.0617489232
-0.06443299124
-0.06679237994
-0.06875459226
-0.0702432886
-0.07117812925
-0.0714746177
-0.07104390156
-0.0697926998
-0.06762299865
-0.0644314844
-0.06010902385
-0.05453982278
-0.04760011112
-0.03915619914
-0.02906163133
-0.01715300962
-0.003243850711
0.01288449906
0.03149643832
0.0529226889
0.07759207038
0.1060816281
0.1391975626
0.1781087647
0.2245705724
0.281302482
0.3526280081
0.4454634712
0.5699882424
0.7388471066
0.9742435629
1.301469259
-1.424911709
-0.645472081
-0.3290721379
-0.2093406091
-0.1365268309
-0.09170539523
-0.0654994214
-0.04902787986
-0.03793379418
-0.03025869362
-0.02488275346
-0.02113213938
-0.01860906704
-0.01706526603
-0.01633335136
-0.01629334726
-0.01685406553
-0.01794207218
-0.01949516662
-0.02145838957
-0.02378142819
-0.02641683588
-0.0293187469
-0.03244189966
-0.03574086029
-0.03916938309
-0.04267986964
-0.04622290302
-0.04974684256
-0.05319746965
-0.05651767822
-0.05964720551
-0.06252239909
-0.06507601669
-0.06723705422
-0.06893059668
-0.07007768355
-0.07059517576
-0.07039564379
-0.06938722372
-0.06747331208
-0.06455219758
-0.0605165764
-0.05525279235
-0.04863967385
-0.04054681103
-0.03083202282
-0.01933763429
-0.005884993527
0.009733664918
0.02776746442
0.04852571002
0.07240768649
0.09995162086
0.1319187888
0.1694452351
0.2143291066
0.2696023835
0.340737935
0.4382023991
0.5817863917
0.8108623274
1.250197985
2.170662304
)
;

boundaryField
{
    movingWall
    {
        type            zeroGradient;
    }
    fixedWalls
    {
        type            zeroGradient;
    }
    frontAndBack
    {
        type            empty;
    }
}


// ************************************************************************* //
