/*--------------------------------*- C++ -*----------------------------------*\
  =========                 |
  \\      /  F ield         | OpenFOAM: The Open Source CFD Toolbox
   \\    /   O peration     | Website:  https://openfoam.org
    \\  /    A nd           | Version:  11
     \\/     M anipulation  |
\*---------------------------------------------------------------------------*/
FoamFile
{
    format      ascii;
    class       volScalarField;
    location    "1952";
    object      p;
}
// * * * * * * * * * * * * * * * * * * * * * * * * * * * * * * * * * * * * * //

dimensions      [0 2 -2 0 0 0 0];

internalField   nonuniform List<scalar> 
4096
(
2.289796894e-10
-3.457965749e-05
-0.0001480199951
-0.0003329935094
-0.0005642285927
-0.0008209523257
-0.001086408948
-0.001347263589
-0.001593280468
-0.001816825162
-0.002012337876
-0.002175864828
-0.002304662907
-0.002396876701
-0.002451282948
-0.00246709575
-0.002443825376
-0.002381183625
-0.002279028996
-0.002137345258
-0.001956247373
-0.001736009069
-0.001477106705
-0.001180274397
-0.0008465656974
-0.0004774174067
-7.471137819e-05
0.0003591695437
0.0008212950518
0.00130815368
0.00181563485
0.002339029283
0.002873050534
0.003411878165
0.003949221955
0.004478410949
0.004992505957
0.005484432173
0.005947130092
0.006373721197
0.006757683909
0.007093034562
0.007374507505
0.007597728129
0.007759372531
0.007857307865
0.00789070809
0.007860140904
0.007767623025
0.007616642693
0.007412150097
0.007160518375
0.00686947958
0.006548041314
0.006206390173
0.005855786757
0.00550845088
0.00517742895
0.004876405931
0.004619334423
0.004419690285
0.004289703251
0.004238704229
0.004250033891
3.422806729e-05
-5.598815753e-07
-9.962459271e-05
-0.0002586329826
-0.0004571559088
-0.0006783049699
-0.000908200531
-0.001135429769
-0.001350920242
-0.001547669635
-0.001720397301
-0.001865203905
-0.001979266779
-0.002060579895
-0.002107740978
-0.002119784604
-0.00209605806
-0.002036135749
-0.001939767437
-0.001806855497
-0.001637456292
-0.001431800954
-0.001190330984
-0.0009137442738
-0.0006030473938
-0.0002596101639
0.0001147812322
0.0005178761303
0.0009469195815
0.001398623921
0.001869154457
0.00235413173
0.002848653334
0.003347335146
0.003844370986
0.004333615837
0.004808690509
0.005263104324
0.005690394495
0.00608427889
0.006438817997
0.006748581195
0.007008811868
0.007215585582
0.007365955495
0.007458079452
0.00749132384
0.007466340237
0.007385112112
0.007250970344
0.00706857788
0.006843885424
0.006584061381
0.006297400035
0.005993211794
0.005681697415
0.005373804486
0.005081055481
0.004815318335
0.00458841951
0.00441152409
0.004295095921
0.004249355621
0.004261121092
0.0001482479478
9.787466714e-05
-2.276551154e-06
-0.0001479853657
-0.0003244746975
-0.0005189060082
-0.0007203004218
-0.0009193302002
-0.001108335723
-0.001281215221
-0.001433222082
-0.001560737781
-0.001661051643
-0.001732162515
-0.00177261004
-0.001781338506
-0.001757593227
-0.001700847641
-0.001610758269
-0.001487144138
-0.001329986946
-0.001139448187
-0.000915899415
-0.0006599619328
-0.0003725522693
-5.492995933e-05
0.0002912557332
0.0006639233543
0.001060524102
0.001478016812
0.001912855646
0.002360992806
0.002817899426
0.003278604045
0.003737747755
0.0041896619
0.004628465497
0.005048179274
0.005442855375
0.005806719589
0.00613432215
0.006420692458
0.006661492547
0.006853163769
0.006993061114
0.007079569822
0.00711219951
0.007091651932
0.007019859584
0.006899993753
0.006736441999
0.006534756395
0.00630157497
0.006044519349
0.005772071346
0.005493429674
0.005218345171
0.004956929661
0.004719421893
0.004515837974
0.004355494678
0.004247488199
0.004202766419
0.004211014846
0.0003363912789
0.0002575269314
0.0001406975169
-7.053137659e-06
-0.0001764714834
-0.0003580016021
-0.0005430476939
-0.0007241999619
-0.0008952552692
-0.001051166976
-0.001187927648
-0.001302416999
-0.001392242957
-0.001455592191
-0.001491099269
-0.00149773908
-0.001474744146
-0.001421546449
-0.001337742184
-0.001223077033
-0.001077449177
-0.0009009269851
-0.0006937782321
-0.0004565076824
-0.0001898998991
0.0001049358022
0.0004265212637
0.0007729691864
0.001141949441
0.001530664672
0.001935837652
0.002353712654
0.002780074109
0.003210282065
0.003639322643
0.004061881294
0.004472434858
0.004865359714
0.005235055348
0.005576080331
0.005883296831
0.006152019134
0.00637816104
0.006558376631
0.006690188798
0.006772100129
0.006803681287
0.006785632822
0.006719817511
0.006609261582
0.006458124609
0.006271639187
0.00605602264
0.005818363752
0.005566487613
0.005308800976
0.005054119248
0.00481147628
0.004589912676
0.004398194197
0.004244483235
0.004136974925
0.004086070844
0.004083678821
0.000575072149
0.0004591133918
0.0003153541265
0.0001555940576
-1.643326964e-05
-0.0001940825242
-0.0003708464338
-0.0005411093843
-0.0007001185187
-0.0008439492247
-0.000969441362
-0.001074098237
-0.001155972362
-0.001213554292
-0.001245673486
-0.001251416229
-0.001230062904
-0.001181045063
-0.001103921406
-0.0009983710421
-0.0008642018449
-0.0007013714736
-0.0005100184308
-0.0002905004768
-4.343768155e-05
0.0002302426066
0.000529261586
0.000851948306
0.001196205102
0.001559481733
0.001938760641
0.00233055562
0.002730926961
0.003135513687
0.003539579479
0.003938081968
0.004325760602
0.00469724071
0.005047153326
0.00537026779
0.005661633309
0.005916724935
0.006131588738
0.006302980536
0.006428492376
0.006506661118
0.006537053987
0.006520326783
0.006458251541
0.006353711833
0.006210665317
0.006034074658
0.005829809214
0.00560452095
0.005365498604
0.005120504199
0.004877595887
0.004644942263
0.004430630794
0.004242443839
0.004087637943
0.003973451596
0.003908548537
0.003887650941
0.0008444715104
0.0006861798703
0.0005089149026
0.0003302450281
0.0001486344421
-3.185255692e-05
-0.0002065479272
-0.0003714913388
-0.0005233255171
-0.0006592528644
-0.0007770044659
-0.0008747727848
-0.0009511289393
-0.00100494051
-0.001035297927
-0.001041454121
-0.001022779844
-0.0009787353756
-0.0009088581507
-0.0008127650741
-0.0006901678161
-0.000540899069
-0.0003649475742
-0.0001624996174
6.601537598e-05
0.0003198775647
0.0005980301999
0.0008990364159
0.001221041828
0.001561745453
0.0019183814
0.00228771367
0.002666046601
0.003049253784
0.003432819657
0.003811905064
0.004181431883
0.004536184422
0.004870927357
0.005180537256
0.005460143849
0.005705276401
0.005912009789
0.006077104397
0.006198133686
0.006273593437
0.006302987135
0.006286882803
0.006226937768
0.006125889291
0.005987510605
0.005816533546
0.005618540546
0.005399830107
0.005167260895
0.004928080194
0.004689742991
0.00445972879
0.00424536168
0.004053627469
0.003891029851
0.003763817123
0.003678310773
0.003632648302
0.001127711662
0.000924328176
0.0007095475385
0.0005072065869
0.0003108921432
0.0001224127295
-5.516969972e-05
-0.0002194000159
-0.0003682326133
-0.0004999633114
-0.0006132163461
-0.0007068978889
-0.0007801344671
-0.0008322118705
-0.0008625213953
-0.0008705173989
-0.0008556883186
-0.0008175418404
-0.0007556038786
-0.0006694303547
-0.0005586303352
-0.0004228988143
-0.000262057258
-7.609990756e-05
0.0001347562511
0.000370020036
0.0006288754069
0.0009101339591
0.001212193017
0.001533001829
0.001870038419
0.002220299487
0.002580305079
0.002946124154
0.003313411806
0.003677471151
0.004033335509
0.00437586821
0.004699880129
0.005000261994
0.005272127546
0.005510962774
0.005712775581
0.005874239642
0.005992825908
0.006066915292
0.006095886486
0.006080173791
0.006021291021
0.005921819158
0.005785357195
0.005616437507
0.005420408934
0.005203292434
0.004971615539
0.00473223287
0.004492140642
0.004258292982
0.004037426301
0.003835905764
0.003659642738
0.003513976122
0.003402728947
0.00332790806
0.001410137168
0.001160585824
0.0009061201941
0.0006770353304
0.000462440484
0.0002621727186
7.788998468e-05
-8.931462642e-05
-0.0002386131121
-0.0003693401228
-0.0004809879887
-0.0005731720834
-0.0006455828335
-0.0006979396602
-0.0007299524203
-0.0007412934682
-0.0007315820525
-0.0007003815335
-0.00064720904
-0.0005715566302
-0.0004729226629
-0.000350851863
-0.0002049824188
-3.50983308e-05
0.0001588148731
0.0003765130586
0.0006174371792
0.0008806600193
0.001164838398
0.001468173363
0.001788381086
0.002122676961
0.002467773413
0.002819902012
0.00317484623
0.003527999434
0.00387444515
0.004209055994
0.004526611882
0.004821934519
0.005090034192
0.005326263891
0.005526474857
0.005687166899
0.005805626464
0.005880045439
0.005909614075
0.005894582343
0.005836285333
0.005737130028
0.005600542764
0.005430878834
0.005233297838
0.005013610367
0.004778103269
0.004533352066
0.004286029788
0.004042720076
0.003809740667
0.00359301219
0.003398030994
0.003229387071
0.003088502496
0.002981573875
0.001679009293
0.00138329226
0.001088246965
0.0008306168362
0.0005953833073
0.0003806417856
0.0001868112928
1.374944878e-05
-0.0001388408559
-0.0002712696011
-0.0003838565127
-0.0004769024786
-0.0005506500766
-0.0006052482505
-0.0006407254465
-0.0006569734493
-0.000653743131
-0.0006306523215
-0.0005872052974
-0.0005228229464
-0.00043688239
-0.0003287646752
-0.0001979090287
-4.387206102e-05
0.0001336098104
0.0003345565892
0.0005586816225
0.0008053314474
0.001073430972
0.001361436585
0.001667300108
0.001988446252
0.002321762495
0.002663617359
0.003009888635
0.003356016925
0.0036970842
0.004027912196
0.004343181939
0.004637571403
0.004905907247
0.005143325488
0.005345434887
0.005508476009
0.005629468369
0.005706338048
0.005738018517
0.005724518321
0.005666950686
0.00556752195
0.005429477917
0.005257009643
0.005055122605
0.004829475496
0.004586196831
0.004331689078
0.004072430738
0.003814784007
0.003564813819
0.003328174792
0.003110137708
0.002914746418
0.002741237693
0.002600205985
0.001923117393
0.001581917098
0.001246262923
0.0009592139278
0.0007019099577
0.0004708812061
0.0002654364717
8.430405861e-05
-7.38539038e-05
-0.0002102582113
-0.0003260078657
-0.0004220541801
-0.0004991667442
-0.0005579060734
-0.0005986060419
-0.0006213674873
-0.0006260637041
-0.0006123577422
-0.0005797308656
-0.0005275211919
-0.0004549713361
-0.0003612837622
-0.0002456824564
-0.0001074794373
5.385550487e-05
0.0002386236151
0.0004468265057
0.0006780982264
0.0009316425097
0.001206177864
0.001499893695
0.001810420294
0.002134809743
0.002469549502
0.002810586181
0.003153373591
0.003492949528
0.003824033533
0.004141147977
0.004438759448
0.004711436357
0.004954017476
0.005161784907
0.00533063399
0.005457232026
0.005539157506
0.005575011855
0.005564496597
0.005508450318
0.005408841784
0.005268717964
0.005092108401
0.004883890122
0.004649619869
0.004395342658
0.004127387448
0.003852161383
0.00357595002
0.003304729125
0.003044066653
0.002799202028
0.002573849982
0.002365312539
0.002188718128
0.002132415309
0.001746847368
0.001371143984
0.001054474436
0.0007743650183
0.0005259108409
0.0003074065828
0.0001165366707
-4.900434964e-05
-0.0001912872578
-0.0003121403152
-0.000413124445
-0.0004955030724
-0.0005602212178
-0.0006078957797
-0.0006388175872
-0.0006529654732
-0.0006500320181
-0.0006294601925
-0.0005904898864
-0.000532213192
-0.000453637226
-0.0003537532135
-0.0002316104638
-8.639373083e-05
8.24977342e-05
0.0002753713744
0.0004921649738
0.0007323752338
0.0009949940468
0.001278455931
0.001580599732
0.001898639577
0.00222917219
0.0025681966
0.002911155095
0.003253007808
0.003588329337
0.003911431172
0.004216506953
0.004497796495
0.004749763196
0.004967278097
0.005145802677
0.005281561679
0.005371696935
0.005414393372
0.005408969239
0.005355924101
0.005256940227
0.005114835618
0.004933469873
0.004717607132
0.004472743318
0.004204907344
0.003920448066
0.003625819467
0.003327371318
0.003031150854
0.002742816569
0.002467768727
0.002209606015
0.001963935564
0.001750525144
0.002297740882
0.001869206676
0.001454421674
0.001108417063
0.0008052877027
0.0005387868594
0.0003062640846
0.0001044266288
-6.993710132e-05
-0.0002196930251
-0.0003473501358
-0.0004550363336
-0.0005444716509
-0.000616953187
-0.0006733525455
-0.0007141255888
-0.0007393343322
-0.0007486804017
-0.0007415491867
-0.0007170636779
-0.0006741469149
-0.0006115919309
-0.0005281380312
-0.0004225521515
-0.0002937138951
-0.000140702632
3.71152324e-05
0.0002400010292
0.0004677631562
0.000719683817
0.0009944569232
0.001290140659
0.001604117651
0.001933093378
0.002273112806
0.002619591825
0.002967388944
0.003310899756
0.003644180034
0.003961094557
0.004255487691
0.004521370366
0.004753116524
0.004945660762
0.005094687872
0.005196804487
0.005249683078
0.00525216935
0.005204345549
0.005107544371
0.00496431098
0.004778313828
0.004554208399
0.004297461268
0.004014144732
0.003710714654
0.00339378505
0.0030699066
0.002745354702
0.00242605114
0.002117743101
0.001824112995
0.00153927853
0.001287758438
0.002410613782
0.001940717179
0.001488110745
0.001113412725
0.0007874362804
0.0005026587824
0.0002555325809
4.183889712e-05
-0.0001424893114
-0.0003010649179
-0.0004370324243
-0.0005530447671
-0.0006512401439
-0.0007332328194
-0.0008001175681
-0.0008524868227
-0.0008904599594
-0.0009137239552
-0.0009215844951
-0.0009130265593
-0.0008867835087
-0.0008414136859
-0.000775383506
-0.0006871559193
-0.0005752829654
-0.0004385008917
-0.0002758260048
-8.664905192e-05
0.0001291744115
0.000371240583
0.0006385249108
0.0009293246189
0.001241207524
0.001570997494
0.001914789905
0.002267970143
0.002625281415
0.002980915527
0.003328635459
0.003661926957
0.003974175372
0.004258862531
0.00450977665
0.004721226686
0.004888251306
0.005006811837
0.00507395845
0.005087959428
0.005048384792
0.004956137768
0.00481343054
0.004623704197
0.004391496554
0.004122265191
0.003822176355
0.003497873131
0.003156237473
0.002804153286
0.002448276446
0.002094959394
0.001750474886
0.001418772192
0.001092640299
0.0008014969829
0.00246309755
0.001953601728
0.001464655362
0.001062170427
0.0007138080552
0.0004108169766
0.0001487849455
-7.73936758e-05
-0.0002725996649
-0.0004411509779
-0.0005867864384
-0.0007126442428
-0.0008212430135
-0.000914478895
-0.0009936372033
-0.001059416959
-0.001111967366
-0.00115093532
-0.001175523002
-0.001184554681
-0.001176551869
-0.001149816017
-0.001102517904
-0.001032792753
-0.0009388399583
-0.0008190260155
-0.0006719888929
-0.0004967417002
-0.0002927730899
-6.014146145e-05
0.0002004412175
0.0004875409173
0.0007989388626
0.001131598175
0.001481681425
0.001844551353
0.002214833647
0.002586501923
0.002952997989
0.003307384844
0.00364252896
0.003951306941
0.004226829653
0.004462675043
0.004653119276
0.004793354775
0.00487968326
0.004909672288
0.00488226504
0.004797835308
0.00465818267
0.004466466592
0.004227082306
0.003945485454
0.003627976268
0.003281457355
0.002913180738
0.002530491444
0.002140573961
0.001750373786
0.001366861317
0.0009944198604
0.0006246230741
0.0002919933599
0.002447712738
0.001900521201
0.00137689526
0.000947731961
0.0005776602926
0.0002567360509
-2.029528481e-05
-0.0002593955538
-0.0004662244565
-0.0006457685808
-0.000802323961
-0.0009394771831
-0.001060091473
-0.001166310696
-0.001259578602
-0.001340670902
-0.001409738882
-0.001466363503
-0.001509619083
-0.001538145769
-0.001550230162
-0.001543893461
-0.001516986501
-0.00146729094
-0.001392625647
-0.00129095705
-0.00116051182
-0.0009998898094
-0.0008081747207
-0.0005850396006
-0.0003308429434
-4.670927838e-05
0.0002653970312
0.0006026116677
0.0009611951104
0.001336508796
0.001723071737
0.002114636937
0.002504306914
0.002884686069
0.00324806697
0.003586646153
0.003892762813
0.00415915158
0.004379198582
0.004547188572
0.004658530002
0.00470994498
0.004699612021
0.004627251607
0.00449414763
0.004303101761
0.004058322296
0.003765253694
0.00343035737
0.003060858326
0.002664474314
0.002249135043
0.001822698358
0.001392861714
0.0009674610526
0.000551467864
0.0001353079688
-0.0002411125234
0.002357389948
0.001774541387
0.001218050939
0.0007634771308
0.0003725351394
3.41176789e-05
-0.0002578558326
-0.0005101782029
-0.0007292580948
-0.0009207185702
-0.001089379488
-0.001239242119
-0.001373481107
-0.001494456035
-0.001603738706
-0.001702152978
-0.001789825508
-0.001866246235
-0.001930337726
-0.001980532783
-0.002014859864
-0.002031035948
-0.002026566465
-0.001998851816
-0.001945299752
-0.001863442604
-0.00175105789
-0.001606290374
-0.001427773123
-0.001214744734
-0.0009671586905
-0.0006857773019
-0.0003722558632
-2.923843171e-05
0.000339679424
0.000729894485
0.001135845008
0.001551075103
0.001968342325
0.002379766637
0.002777018476
0.003151542346
0.003494809847
0.003798593493
0.004055250314
0.004258002214
0.004401198721
0.004480547287
0.004493296883
0.00443836247
0.004316380949
0.0041296933
0.003882252558
0.003579462482
0.003227956883
0.002835334455
0.002409866833
0.001960187714
0.001494970826
0.001022823218
0.0005526134902
9.004667769e-05
-0.0003755742161
-0.0007985946009
0.002185453724
0.00156912401
0.0009817257748
0.0005031395903
9.229001218e-05
-0.0002630649326
-0.0005698184366
-0.0008355718677
-0.001067455894
-0.001271701039
-0.001453620789
-0.001617600536
-0.001767096177
-0.00190465384
-0.002031945608
-0.002149817301
-0.00225834632
-0.002356908265
-0.00244425152
-0.002518579386
-0.002577639565
-0.002618820911
-0.002639257389
-0.002635939042
-0.002605829551
-0.00254598962
-0.002453704974
-0.002326617235
-0.002162855343
-0.001961164876
-0.001721031493
-0.001442789952
-0.001127719089
-0.0007781741495
-0.0003975474473
9.647592483e-06
0.0004378120252
0.0008803096202
0.001329562627
0.001777193664
0.002214212452
0.002631244959
0.003018799731
0.003367563264
0.003668713365
0.003914236884
0.004097236151
0.004212207315
0.004255273817
0.004224359591
0.00411928945
0.003941808252
0.003695515802
0.003385720263
0.003019218882
0.002604020788
0.002149030558
0.001663700813
0.001157662781
0.0006405921407
0.0001225604815
-0.0003898521313
-0.0009084784802
-0.001381455453
0.001925630118
0.001278137015
0.0006619224596
0.0001608324178
-0.000268866212
-0.0006405198284
-0.0009618209535
-0.001241157833
-0.001486357625
-0.001704231406
-0.001900558706
-0.002080081447
-0.002246509802
-0.002402550555
-0.002549951545
-0.002689557506
-0.002821374898
-0.002944644349
-0.003057919974
-0.003159155357
-0.003245796267
-0.003314880376
-0.00336314423
-0.003387137658
-0.003383345525
-0.00334831639
-0.003278797181
-0.003171872396
-0.003025105741
-0.002836681713
-0.002605543742
-0.002331519871
-0.002015432924
-0.001659260641
-0.00126611313
-0.0008403416633
-0.0003875188907
8.558720653e-05
0.0005710920567
0.001060124688
0.001543008961
0.002009494907
0.00244903628
0.002851107064
0.003205546218
0.003502916634
0.003734861448
0.003894438817
0.003976415489
0.003977500227
0.003896500538
0.003734390322
0.003494281619
0.003181300285
0.002802372408
0.002365935667
0.001881595137
0.001359732326
0.0008110778614
0.0002465393211
-0.00032243086
-0.0008882346543
-0.001463886642
-0.001990751921
0.001572072229
0.0008958798822
0.0002530710332
-0.0002689180284
-0.0007163316693
-0.001103586119
-0.001439158157
-0.001732200325
-0.00199121095
-0.002223555983
-0.002435455504
-0.002631983132
-0.002817079596
-0.002993590005
-0.003163317166
-0.003327085432
-0.003484812302
-0.003635586267
-0.003777750269
-0.003908990747
-0.004026432669
-0.004126741151
-0.004206230332
-0.004260980048
-0.004286960626
-0.004280165765
-0.004236752961
-0.00415319037
-0.004026408292
-0.003853953088
-0.003634140513
-0.003366199254
-0.003050398348
-0.002688233448
-0.002282436477
-0.001837098131
-0.001357679389
-0.0008510083945
-0.0003252253468
0.0002103300453
0.000745288825
0.001268481602
0.00176822387
0.002232651979
0.002650099853
0.003009502413
0.003300807839
0.00351537767
0.003646351865
0.003688955703
0.003640727112
0.003501646862
0.003274159869
0.002963083182
0.002575404488
0.002119984
0.0016071798
0.001048405873
0.0004556351881
-0.0001588225399
-0.0007819442066
-0.001404963963
-0.002042151994
-0.002627427999
0.001119399068
0.0004171202088
-0.0002499342171
-0.0007911317831
-0.001255065684
-0.001657181275
-0.002006721286
-0.002313577872
-0.002586894463
-0.002834566765
-0.003063231574
-0.003278271953
-0.003483838728
-0.003682896782
-0.003877287192
-0.004067798889
-0.004254246658
-0.004435553863
-0.004609839309
-0.004774508485
-0.00492634986
-0.00506163725
-0.005176239318
-0.005265737204
-0.005325551046
-0.005351075822
-0.005337826408
-0.005281591194
-0.005178592828
-0.005025654244
-0.004820367515
-0.004561256692
-0.004247924442
-0.003881256319
-0.003463494532
-0.002998344892
-0.00249104586
-0.001948387514
-0.001378687437
-0.0007917030357
-0.0001984791653
0.0003888718217
0.0009574579768
0.001493959837
0.001985038219
0.002417784236
0.00278019303
0.003061638257
0.003253321009
0.003348665287
0.003343632748
0.003236932691
0.003030109038
0.002727494065
0.002336028305
0.001864957105
0.001325423896
0.0007299697892
9.195407002e-05
-0.0005747318296
-0.001255287986
-0.00193961832
-0.002643344866
-0.00329215112
0.0005627437551
-0.0001628618254
-0.0008516917023
-0.001410330519
-0.001889540103
-0.002305746892
-0.002668937002
-0.002989714568
-0.003277840668
-0.003541715735
-0.00378837083
-0.004023478646
-0.004251382944
-0.004475153771
-0.004696658163
-0.004916639252
-0.005134800155
-0.005349890891
-0.005559797825
-0.005761636096
-0.005951846035
-0.006126294989
-0.006280386056
-0.006409175198
-0.006507498017
-0.006570107086
-0.006591820307
-0.006567680109
-0.006493122588
-0.006364155123
-0.006177540719
-0.005930981468
-0.005623286171
-0.005254584422
-0.004826495077
-0.004342188908
-0.003806543671
-0.003226183202
-0.002609492755
-0.001966564704
-0.00130907254
-0.0006500679982
-3.697833556e-06
0.0006151588554
0.001191326543
0.001709830271
0.002156435235
0.002518204349
0.002784044048
0.002945205141
0.002995704572
0.002932636085
0.0027563432
0.002470436458
0.002081647993
0.001599530032
0.001036016456
0.0004048569812
-0.000279058939
-0.001000067546
-0.001741365504
-0.002491345949
-0.003267095913
-0.003985147696
-0.0001021924491
-0.000848224267
-0.001556246018
-0.002130490594
-0.002623689594
-0.003053194363
-0.003429706896
-0.003764512198
-0.00406795976
-0.004348929549
-0.004614825674
-0.004871593052
-0.005123754592
-0.00537447499
-0.005625639585
-0.005877940355
-0.00613096503
-0.00638328739
-0.006632558347
-0.006875598441
-0.007108493131
-0.007326692678
-0.007525118598
-0.007698278667
-0.007840392284
-0.007945527661
-0.008007751881
-0.008021294258
-0.007980722674
-0.007881131923
-0.007718343083
-0.007489108414
-0.007191302079
-0.006824135962
-0.006388448085
-0.005886698736
-0.005323237846
-0.004704361986
-0.0040383787
-0.003335595297
-0.002608229327
-0.001870233051
-0.00113702457
-0.0004251227428
0.0002483111909
0.0008660154935
0.001411235773
0.001868373247
0.002223640479
0.002465685812
0.002586144526
0.002580075114
0.002446243561
0.002187227289
0.001809322921
0.001322258423
0.0007387263753
7.374704519e-05
-0.0006561190271
-0.001433233477
-0.002238538912
-0.00305871341
-0.003912433482
-0.00470603356
-0.0008790835454
-0.001642512465
-0.002367040665
-0.00295499627
-0.003460862963
-0.00390285225
-0.004292349154
-0.004641284684
-0.00496056558
-0.005259525935
-0.005545922932
-0.005825958803
-0.006104325309
-0.006384275587
-0.006667710521
-0.006955270918
-0.007246431024
-0.007539591285
-0.007832169992
-0.008120694658
-0.008400894833
-0.008667798557
-0.00891583493
-0.009138945277
-0.009330705307
-0.009484460329
-0.0095934752
-0.009651100127
-0.00965095268
-0.009587115612
-0.009454350293
-0.009248322821
-0.008965821446
-0.008604972891
-0.008165633267
-0.007649368087
-0.007059800948
-0.006402704584
-0.005686124
-0.004920418768
-0.004118221509
-0.003294302061
-0.002465325333
-0.001649495142
-0.0008660824405
-0.0001348440035
0.0005246531369
0.001093776148
0.00155560427
0.001895695787
0.002102793493
0.002169415784
0.002092283298
0.001872539341
0.001515736124
0.001031578299
0.0004334358864
-0.0002623670236
-0.001037465831
-0.001872034495
-0.002744484039
-0.003639544199
-0.004577611076
-0.005453634729
-0.001770922715
-0.002548609363
-0.003286872739
-0.003886595614
-0.004403777786
-0.00485741747
-0.005259544316
-0.005622696692
-0.005958305567
-0.006276133655
-0.00658427268
-0.006889169968
-0.007195679574
-0.007507141406
-0.007825474303
-0.008151273513
-0.008483907665
-0.008821612956
-0.009161584214
-0.009500063885
-0.009832430963
-0.01015329248
-0.01045658048
-0.01073565758
-0.010983434
-0.01119249879
-0.01135526767
-0.01146414931
-0.01151173107
-0.01149098471
-0.01139549227
-0.01121969152
-0.01095912196
-0.0106106619
-0.01017295713
-0.009646462693
-0.009033854095
-0.008340149757
-0.007572905426
-0.006742323136
-0.005861270569
-0.004945199203
-0.004011944059
-0.00308139133
-0.002175006357
-0.001315222679
-0.0005247034059
0.0001745015068
0.0007618653645
0.001219312884
0.001532106781
0.00168962711
0.001685977604
0.001520360225
0.001197173618
0.0007258137963
0.0001201811969
-0.0006021042531
-0.001420756785
-0.002313541787
-0.0032560327
-0.00423074371
-0.00525992056
-0.006225793675
-0.002779969793
-0.003568689886
-0.004317852318
-0.004927361675
-0.005454480811
-0.005918912604
-0.006333287377
-0.006710708595
-0.007063096851
-0.007400618231
-0.007731682244
-0.008062972157
-0.00839950182
-0.008744701112
-0.009100514702
-0.009467503809
-0.009844945564
-0.0102309275
-0.01062243683
-0.01101544571
-0.01140499491
-0.01178527868
-0.01214973452
-0.01249114121
-0.01280172875
-0.01307330353
-0.01329739191
-0.0134654046
-0.0135688241
-0.01359941609
-0.01354946609
-0.01341204215
-0.01318126789
-0.01285258454
-0.01242320244
-0.01189225306
-0.01126118487
-0.01053400282
-0.009717506627
-0.008821481661
-0.007858794396
-0.006845380787
-0.005800105901
-0.004744473998
-0.00370217409
-0.002698454422
-0.00175933091
-0.0009106490388
-0.0001770352449
0.0004192092296
0.00085920358
0.001128492134
0.001217874309
0.001123979871
0.0008495236872
0.0004031997095
-0.0002007944086
-0.0009436089172
-0.001802947232
-0.00275394324
-0.003768998469
-0.004828106301
-0.005955486495
-0.007019156024
-0.003907705216
-0.004704182294
-0.005461369351
-0.006078661616
-0.006614316727
-0.007088651876
-0.007514848686
-0.007906530208
-0.008276070962
-0.00863401594
-0.008989078035
-0.009348170882
-0.009716470197
-0.01009750431
-0.01049325742
-0.01090427446
-0.01132976169
-0.01176768031
-0.01221483268
-0.01266694261
-0.01311873222
-0.01356399884
-0.01399569571
-0.01440602072
-0.01478651726
-0.01512819124
-0.01542164795
-0.01565725239
-0.01582531566
-0.01591630974
-0.01592111234
-0.01583128454
-0.01563936996
-0.01533918411
-0.01492625287
-0.01439817401
-0.01375486414
-0.01299902336
-0.01213638852
-0.0111760192
-0.0101304847
-0.009015940291
-0.007852067171
-0.006661847443
-0.005471150121
-0.004308112256
-0.003202311363
-0.002183741645
-0.001281626431
-0.0005231212173
6.801668276e-05
0.0004726977546
0.0006776040948
0.0006760217234
0.000468307929
6.192779079e-05
-0.000528968153
-0.001284446071
-0.002180152565
-0.003188374533
-0.004277981512
-0.005426099827
-0.006659036585
-0.007828932426
-0.005154793369
-0.005955739324
-0.006718070776
-0.00734113653
-0.007883907954
-0.00836721838
-0.008804746217
-0.009210585874
-0.009597529722
-0.009976478765
-0.01035643801
-0.01074455024
-0.01114616032
-0.01156490937
-0.0120028411
-0.01246050844
-0.01293707416
-0.01343040231
-0.01393714024
-0.01445279254
-0.01497178985
-0.01548755615
-0.01599257892
-0.01647848685
-0.01693613961
-0.01735573457
-0.01772693476
-0.01803902243
-0.01828108188
-0.01844221466
-0.01851178971
-0.01847973264
-0.01833684921
-0.01807514536
-0.0176882284
-0.01717191162
-0.01652428152
-0.01574641472
-0.01484264233
-0.01382094121
-0.01269322734
-0.01147553805
-0.01018807443
-0.008855067069
-0.007504430416
-0.006167178543
-0.00487658651
-0.003667099294
-0.0025730132
-0.001626981938
-0.0008584284666
-0.0002919704706
5.401275658e-05
0.0001685360652
4.875857852e-05
-0.0002997720109
-0.0008634374636
-0.001621472658
-0.002547486784
-0.00361072586
-0.004776147533
-0.006017622661
-0.007363643116
-0.008648630105
-0.006521058101
-0.007323221916
-0.008087850662
-0.008714694644
-0.009263148152
-0.009754455246
-0.01020273183
-0.0106224935
-0.01102691497
-0.011427233
-0.01183273764
-0.01225080496
-0.01268696242
-0.01314498485
-0.01362700227
-0.01413360688
-0.01466395227
-0.01521584155
-0.01578580388
-0.01636916094
-0.01696008635
-0.01755166212
-0.01813593678
-0.01870399043
-0.01924601166
-0.01975139201
-0.02020884271
-0.02060653905
-0.0209322967
-0.02117378433
-0.02131877573
-0.02135544681
-0.02127271878
-0.0210606116
-0.02071061777
-0.02021646849
-0.01957414345
-0.01878275652
-0.01784486338
-0.01676695954
-0.01555989468
-0.01423917842
-0.01282514814
-0.01134295366
-0.009822312696
-0.008296995988
-0.006804011612
-0.005382475473
-0.00407218057
-0.002911909952
-0.001937575268
-0.001180300129
-0.0006645991653
-0.0004068230986
-0.0004140405631
-0.0006835018612
-0.001202781414
-0.001950676135
-0.002898870896
-0.004013418579
-0.005254975529
-0.006593727915
-0.008060429928
-0.009469748562
-0.008005473149
-0.008805698186
-0.009569856038
-0.01019852062
-0.01075121211
-0.01124947333
-0.01170779412
-0.0121410601
-0.01256279467
-0.01298455409
-0.01341591206
-0.01386448881
-0.01433601513
-0.01483442811
-0.0153619785
-0.01591933643
-0.01650568786
-0.01711881814
-0.01775518195
-0.01840996118
-0.01907711391
-0.0197494189
-0.02041852045
-0.02107497937
-0.02170833566
-0.02230718873
-0.02285930099
-0.02335173053
-0.02377099824
-0.02410329457
-0.02433473016
-0.02445163638
-0.02444092125
-0.02429045238
-0.02398944128
-0.02352924589
-0.02290348295
-0.0221089334
-0.02114599948
-0.02001926713
-0.01873805818
-0.01731687697
-0.01577572592
-0.01414023866
-0.0124415727
-0.01071600529
-0.009004183885
-0.007349999102
-0.005799074269
-0.004396902764
-0.003186709381
-0.002207161492
-0.001490102345
-0.001058513851
-0.0009249298445
-0.001090502186
-0.001544871758
-0.002266971234
-0.003226803714
-0.004387145476
-0.005703968563
-0.007143309376
-0.008738239515
-0.01028143386
-0.009606169968
-0.01040146029
-0.01116251106
-0.01179110357
-0.01234658461
-0.01285067798
-0.01331818023
-0.01376429616
-0.01420286762
-0.01464576004
-0.01510283689
-0.01558198189
-0.0160891589
-0.01662850468
-0.0172024337
-0.01781174078
-0.0184556933
-0.019132109
-0.01983741835
-0.02056671287
-0.02131378292
-0.02207114925
-0.02283009374
-0.02358069529
-0.02431187684
-0.02501147013
-0.02566630423
-0.02626232438
-0.02678474738
-0.02721825929
-0.02754726109
-0.02775616858
-0.0278297751
-0.02775365667
-0.02751457728
-0.02710125523
-0.02650475987
-0.02571913266
-0.0247422455
-0.02357633201
-0.02222868927
-0.02071228137
-0.01904622286
-0.01725608919
-0.01537398476
-0.01343829588
-0.0114930596
-0.009586892579
-0.007771449273
-0.00609941851
-0.004622120427
-0.003386828161
-0.002434003331
-0.001794689921
-0.001488344561
-0.00152137605
-0.001886619744
-0.002563944213
-0.003522086693
-0.004720567737
-0.00611032156
-0.007652743465
-0.009383254668
-0.01107008603
-0.0113204654
-0.01210806161
-0.01286356209
-0.01349028637
-0.01404711076
-0.0145558172
-0.0150314389
-0.01548945084
-0.01594398879
-0.0164072252
-0.0168893294
-0.01739847885
-0.01794091117
-0.01852101084
-0.01914140887
-0.01980308039
-0.02050543116
-0.02124636842
-0.02202235474
-0.02282844634
-0.02365831893
-0.0245042859
-0.02535731434
-0.0262070452
-0.02704182392
-0.02784874858
-0.02861374205
-0.0293216553
-0.02995640865
-0.03050117773
-0.03093863044
-0.03125122205
-0.03142155856
-0.03143282027
-0.03126919281
-0.03091651971
-0.03036312966
-0.02959999004
-0.02862206623
-0.02742879534
-0.02602493436
-0.02442133065
-0.02263558916
-0.02069258615
-0.01862475007
-0.01647202093
-0.014281397
-0.01210598544
-0.01000349446
-0.008034144986
-0.00625803775
-0.004732087929
-0.003506723786
-0.002622627678
-0.002107858603
-0.001975712911
-0.002223643615
-0.002833532858
-0.00377349367
-0.00499996127
-0.00645853972
-0.008105481475
-0.009978569289
-0.01181891446
-0.01314491137
-0.01392237675
-0.01467014618
-0.01529333879
-0.01585007018
-0.01636205345
-0.01684448657
-0.01731306975
-0.01778221649
-0.01826441553
-0.01877017135
-0.01930799924
-0.01988446494
-0.02050426144
-0.02117030062
-0.02188380351
-0.02264437948
-0.02345008919
-0.02429748934
-0.02518166044
-0.02609622062
-0.02703333034
-0.02798369358
-0.02893656208
-0.02987974931
-0.03079966141
-0.03168135223
-0.03250860977
-0.03326408158
-0.03392944639
-0.03448563934
-0.03491313799
-0.03519232065
-0.03530390069
-0.03522938333
-0.03495160507
-0.03445590718
-0.03372995255
-0.03276543244
-0.03155856738
-0.03011106301
-0.02843105406
-0.02653396599
-0.02444325227
-0.02219092205
-0.01981775485
-0.01737308926
-0.01491407149
-0.01250426422
-0.01021155201
-0.008105340439
-0.006253133072
-0.004716676404
-0.003547975389
-0.002785579726
-0.002451592686
-0.002549840924
-0.003065629699
-0.003967375736
-0.005208804574
-0.006730001046
-0.008481586251
-0.01050370301
-0.01250743615
-0.01507536869
-0.01584068666
-0.01657888559
-0.01719705693
-0.01775227738
-0.01826606098
-0.01875369816
-0.01923107622
-0.01971288224
-0.02021194601
-0.02073915368
-0.02130342024
-0.02191171091
-0.02256910358
-0.02327886877
-0.02404255014
-0.02486003491
-0.02572960783
-0.02664798659
-0.02761033901
-0.0286102851
-0.02963988861
-0.03068964388
-0.03174846448
-0.03280368082
-0.03384105401
-0.0348448134
-0.03579772569
-0.03668120316
-0.03747545928
-0.03815971929
-0.03871249377
-0.03911192679
-0.03933622999
-0.03936415633
-0.03917549256
-0.03875233495
-0.03807894608
-0.03714336189
-0.03593822013
-0.03446169551
-0.03271862219
-0.03072155581
-0.02849174678
-0.02605994167
-0.02346689809
-0.02076347964
-0.01801018573
-0.0152759747
-0.01263626548
-0.01017006151
-0.007956234277
-0.00606912995
-0.004573809877
-0.003521378465
-0.002944952278
-0.002856849963
-0.003247595602
-0.004087191123
-0.00532730009
-0.006902456247
-0.008757207498
-0.01093405446
-0.01311091252
-0.01710710714
-0.01785879145
-0.01858601102
-0.01919789169
-0.01975021063
-0.02026415054
-0.0207550236
-0.02123887668
-0.02173068316
-0.02224365931
-0.02278914215
-0.02337653078
-0.02401328258
-0.02470495556
-0.02545527259
-0.0262661895
-0.02713795502
-0.02806915535
-0.02905674005
-0.03009602921
-0.03118070457
-0.03230278886
-0.03345261928
-0.03461882163
-0.03578829243
-0.03694619636
-0.0380759869
-0.03915945798
-0.04017683475
-0.04110691188
-0.04192724767
-0.04261442223
-0.04314437143
-0.04349281115
-0.04363571965
-0.0435498297
-0.04321376983
-0.04260843084
-0.04171784768
-0.04053076837
-0.03904141243
-0.03725076327
-0.03516782904
-0.03281085451
-0.03020841273
-0.02740025628
-0.02443777783
-0.02138390615
-0.01831225172
-0.015305329
-0.01245173058
-0.009842222314
-0.007564870755
-0.005699495833
-0.004311938821
-0.003448799904
-0.003133385916
-0.00336367126
-0.004112949913
-0.005331820811
-0.006949459218
-0.008903989802
-0.01124028815
-0.01359972026
-0.019234934
-0.01997215374
-0.02068751679
-0.02129210929
-0.02184017187
-0.02235242321
-0.0228441311
-0.02333149012
-0.02382979597
-0.02435272447
-0.02491216197
-0.0255181049
-0.02617862186
-0.02689986911
-0.02768613439
-0.02853988961
-0.02946183895
-0.03045095364
-0.03150448894
-0.0326179824
-0.0337852354
-0.03499828196
-0.03624735062
-0.0375208257
-0.03880521552
-0.04008513485
-0.04134330976
-0.04256061265
-0.04371613588
-0.04478731237
-0.0457500921
-0.04657918291
-0.04724836676
-0.04773090758
-0.04800003862
-0.04802946314
-0.04779423426
-0.04727186987
-0.04644222625
-0.04528990799
-0.04380483096
-0.04198364513
-0.03983118222
-0.03736189715
-0.03460125364
-0.0315869344
-0.02836971602
-0.02501381049
-0.02159644565
-0.01820644868
-0.01494162712
-0.01190482584
-0.009198687472
-0.006919357238
-0.005149628224
-0.003952268091
-0.003364440234
-0.003394275369
-0.004020563836
-0.005194273975
-0.00683972108
-0.00888840732
-0.01138764974
-0.01393865224
-0.02145335378
-0.02217607612
-0.0228793518
-0.02347598731
-0.02401848036
-0.02452695504
-0.02501657741
-0.02550370074
-0.02600401083
-0.02653175268
-0.02709949825
-0.02771799079
-0.02839606179
-0.02914061153
-0.02995662705
-0.03084721646
-0.03181364398
-0.03285535521
-0.03396998644
-0.0351533558
-0.03639943759
-0.03770032296
-0.03904617263
-0.04042516778
-0.04182346661
-0.04322517403
-0.04461233247
-0.04596494185
-0.04726101707
-0.04847669156
-0.04958637574
-0.05056297932
-0.05137820763
-0.05200294862
-0.05240775634
-0.05256335597
-0.05244128336
-0.05201558862
-0.05126200224
-0.0501607502
-0.04869720463
-0.04686329795
-0.04465914145
-0.04209467892
-0.03919135438
-0.03598368713
-0.0325205926
-0.02886623558
-0.02510015222
-0.0213163435
-0.01762104509
-0.01412894072
-0.01095772911
-0.008221188567
-0.006021197219
-0.004439504505
-0.003530336445
-0.003315180661
-0.003781092357
-0.00488137384
-0.006536380635
-0.008671018655
-0.01133520431
-0.01408614428
-0.02375676285
-0.02446591741
-0.02515765154
-0.02574605118
-0.0262817039
-0.02678401452
-0.02726800552
-0.02775023244
-0.0282468821
-0.02877292631
-0.02934180746
-0.02996521048
-0.03065292132
-0.03141276288
-0.03225058121
-0.03317025849
-0.03417373438
-0.03526102284
-0.03643021594
-0.03767747088
-0.0389969802
-0.04038092786
-0.04181943606
-0.04330050905
-0.04480998107
-0.04633147605
-0.0478463869
-0.04933388265
-0.0507709516
-0.05213248895
-0.05339143799
-0.05451899357
-0.0554848776
-0.05625770254
-0.05680543845
-0.05709591544
-0.05709734768
-0.05678011811
-0.05611614783
-0.05508106241
-0.05365556793
-0.05182661582
-0.04958917015
-0.04694804814
-0.04391984313
-0.04053485077
-0.03683884562
-0.03289449066
-0.02878209184
-0.02459934587
-0.0204596957
-0.01648893383
-0.01281981209
-0.009584655018
-0.006906335658
-0.004888410878
-0.003605642416
-0.003096562563
-0.003359877857
-0.004353815873
-0.00599618358
-0.008205634623
-0.01103499124
-0.01399342271
-0.02613968439
-0.02683735459
-0.02751901833
-0.02809935744
-0.02862693206
-0.02912031553
-0.02959437008
-0.03006594339
-0.03055189242
-0.03106813629
-0.03162923429
-0.03224806425
-0.03293560616
-0.03370082255
-0.03455060664
-0.03548977136
-0.03652105742
-0.0376451439
-0.03886065006
-0.04016412241
-0.04155000534
-0.04301059694
-0.04453599437
-0.04611403457
-0.04773023745
-0.04936775893
-0.05100736197
-0.05262741355
-0.05420391582
-0.05571057992
-0.05711895105
-0.05839859389
-0.05951734748
-0.06044166383
-0.06113704918
-0.0615685634
-0.06170131891
-0.06150192037
-0.06093881913
-0.05998297257
-0.05861039638
-0.05680292579
-0.05455009121
-0.0518511105
-0.04871702624
-0.04517294908
-0.04126027446
-0.03703866476
-0.03258750022
-0.02800640708
-0.02341439477
-0.01894710865
-0.01475177785
-0.01097965469
-0.007776131436
-0.005269254309
-0.003557948067
-0.002701920328
-0.002715564926
-0.003565345055
-0.005168562049
-0.007438390061
-0.01043108749
-0.01360356627
-0.02859705163
-0.02928670007
-0.02996086013
-0.03053383265
-0.0310520982
-0.03153330914
-0.03199219077
-0.032446038
-0.0329126254
-0.03340912151
-0.03395152687
-0.03455423229
-0.03522970843
-0.03598831839
-0.03683822157
-0.03778533722
-0.03883334111
-0.03998367382
-0.04123554594
-0.04258593091
-0.04402954205
-0.0455587939
-0.04716375149
-0.04883207292
-0.05054895219
-0.05229706975
-0.05405655875
-0.0558049951
-0.05751741951
-0.05916639976
-0.06072214177
-0.06215265836
-0.06342400438
-0.06450059057
-0.06534559583
-0.06592146311
-0.06619038776
-0.06611527868
-0.0656613608
-0.06479504235
-0.06348770246
-0.06171605959
-0.05946407825
-0.05672507333
-0.05350401064
-0.04982001523
-0.04570898668
-0.0412261371
-0.03644816561
-0.03147465954
-0.02642818955
-0.02145247819
-0.01670802563
-0.01236473949
-0.008591498961
-0.00554319152
-0.003346528607
-0.002086876853
-0.001799001624
-0.002461711284
-0.003994604539
-0.006306708208
-0.009458568167
-0.01285047306
-0.03112455176
-0.03181128905
-0.03248180264
-0.03304868092
-0.03355635938
-0.03402151942
-0.03445883459
-0.03488629378
-0.03532294154
-0.03578760331
-0.03629814237
-0.03687086583
-0.03752009785
-0.03825791168
-0.03909398386
-0.04003553276
-0.04108730794
-0.04225160273
-0.0435282703
-0.04491473033
-0.04640596005
-0.04799446835
-0.0496702554
-0.05142076296
-0.05323082198
-0.05508260508
-0.05695559204
-0.05882655636
-0.06066958123
-0.06245611295
-0.06415506035
-0.06573294871
-0.06715413676
-0.06838110722
-0.06937484996
-0.07009534586
-0.07050204453
-0.07055444795
-0.07021450132
-0.06944459259
-0.06821145003
-0.06648681578
-0.06424911593
-0.06148564034
-0.05819495526
-0.05438961095
-0.05009909029
-0.04537285193
-0.04028321242
-0.0349276662
-0.02943007467
-0.02393999851
-0.01862936238
-0.01368571354
-0.00930166628
-0.005660764884
-0.002920926381
-0.001197871194
-0.0005520238829
-0.0009795047528
-0.002405903671
-0.004738141864
-0.008042348149
-0.01165771783
-0.03371904925
-0.03440995808
-0.03508219623
-0.035644878
-0.03614054713
-0.03658493026
-0.03699282864
-0.03738330009
-0.03777715121
-0.03819540688
-0.03865833453
-0.03918465935
-0.03979099678
-0.04049149139
-0.04129761848
-0.04221810119
-0.04325890011
-0.04442324014
-0.04571164804
-0.04712198337
-0.04864945343
-0.05028660879
-0.05202332104
-0.05384674743
-0.05574128885
-0.05768854911
-0.05966730367
-0.06165348626
-0.0636202018
-0.06553777368
-0.06737383389
-0.06909346417
-0.07065939684
-0.07203228425
-0.07317105391
-0.07403336699
-0.07457609094
-0.07475575454
-0.07453074447
-0.0738601698
-0.07270614062
-0.07103566
-0.06882178045
-0.0660458201
-0.06269983605
-0.05878945778
-0.05433708567
-0.04938535782
-0.04400067928
-0.0382764501
-0.03233542488
-0.02633041068
-0.02044232029
-0.01487454502
-0.009842830577
-0.005560448247
-0.002219499061
2.923322943e-05
0.00109387208
0.0009551365392
-0.0003232649895
-0.002649068759
-0.006095880477
-0.009937277534
-0.03637911697
-0.03708364682
-0.0377647486
-0.03832577775
-0.03880770734
-0.03922543334
-0.03959420612
-0.03993470572
-0.04027017795
-0.04062456119
-0.04102121399
-0.04148189566
-0.04202603224
-0.04267025229
-0.04342813706
-0.04431012464
-0.04532351271
-0.04647251387
-0.04775832924
-0.04917921729
-0.05073054462
-0.05240481353
-0.05419166669
-0.05607787333
-0.05804730375
-0.06008090018
-0.06215665277
-0.06424958952
-0.06633178903
-0.06837242398
-0.07033784404
-0.07219170645
-0.07389516241
-0.07540710794
-0.0766845131
-0.07768284987
-0.07835656524
-0.07865951085
-0.07854653588
-0.0779739203
-0.07689938195
-0.07528547674
-0.07310015421
-0.07031896696
-0.06692755582
-0.06292453453
-0.05832484525
-0.0531635443
-0.04749987719
-0.04142134464
-0.03504723596
-0.02853082058
-0.02205909053
-0.01584873924
-0.01013711038
-0.005167340372
-0.00116799818
0.001670591396
0.003218960523
0.003427956877
0.002344746771
5.679189015e-05
-0.0035196751
-0.007588090164
-0.03910571807
-0.03983616917
-0.04053532776
-0.04109786746
-0.04156375446
-0.04194735125
-0.0422648897
-0.04253947233
-0.04279770492
-0.04306736823
-0.04337577292
-0.0437484566
-0.04420825973
-0.04477475362
-0.04546394754
-0.04628819597
-0.04725623397
-0.04837328136
-0.04964117143
-0.05105847473
-0.05262060042
-0.05431986791
-0.05614554826
-0.05808387972
-0.06011806478
-0.06222825753
-0.06439155016
-0.06658196926
-0.06877049057
-0.07092508049
-0.07301077337
-0.07498979301
-0.07682172643
-0.07846375802
-0.07987097559
-0.08099676874
-0.08179330319
-0.08221194378
-0.0822041705
-0.08172374268
-0.08072427742
-0.07916419095
-0.07700667831
-0.07422185049
-0.0707891954
-0.06670044865
-0.06196301292
-0.05660394574
-0.05067444843
-0.04425464552
-0.0374582164
-0.03043611402
-0.02337820948
-0.0165113247
-0.01009193878
-0.004392124051
0.0003217398099
0.003815825006
0.00591680696
0.006538163567
0.005703457676
0.003490090407
-0.0001995826527
-0.004494393049
-0.04190310275
-0.04267522226
-0.04340399942
-0.04397172303
-0.04441827507
-0.04475805456
-0.0450091182
-0.0451981309
-0.04535629631
-0.04551643243
-0.0457108652
-0.04596979303
-0.0463201551
-0.04678495708
-0.04738295485
-0.04812859148
-0.04903209396
-0.05009965373
-0.05133363519
-0.05273277535
-0.05429235287
-0.05600431726
-0.05785737761
-0.05983705511
-0.06192570872
-0.06410254304
-0.06634360807
-0.0686218039
-0.07090689895
-0.07316557041
-0.07536147673
-0.07745537092
-0.07940526261
-0.08116663701
-0.08269274051
-0.08393495209
-0.08484324915
-0.08536663379
-0.08545359186
-0.08505511243
-0.08412148814
-0.08260709209
-0.08047075661
-0.07767755013
-0.07420119203
-0.07002686535
-0.06515461736
-0.05960343293
-0.05341598996
-0.04666398619
-0.03945372003
-0.03193126566
-0.02428611284
-0.01675160298
-0.009600055865
-0.003130430806
0.002352886196
0.006569415882
0.009295860382
0.01040017645
0.00987397971
0.007777857431
0.003995239958
-0.0005237576912
-0.04478001645
-0.04561373342
-0.04638639056
-0.04696323567
-0.0473855278
-0.04766869779
-0.04783392412
-0.04791303714
-0.04794348508
-0.04796464008
-0.04801513454
-0.04813084988
-0.04834357383
-0.04868024635
-0.0491626562
-0.04980744897
-0.05062632542
-0.05162633468
-0.05281019325
-0.05417658525
-0.05572041856
-0.05743302588
-0.05930231169
-0.06131284874
-0.06344593739
-0.0656796376
-0.06798878284
-0.07034499411
-0.07271670255
-0.0750691882
-0.07736464758
-0.07956229874
-0.08161853163
-0.08348711244
-0.08511945078
-0.08646494621
-0.08747143176
-0.08808561377
-0.08825342686
-0.08792258574
-0.08704089444
-0.08555874415
-0.08343097075
-0.0806180106
-0.07708825662
-0.07282078776
-0.06780868539
-0.06206308717
-0.05561806457
-0.04853630971
-0.04091545998
-0.03289455923
-0.02465964865
-0.0164468088
-0.008540273199
-0.001262777113
0.005044364765
0.01005196306
0.01348109006
0.01514557084
0.0149954212
0.01306592111
0.009214807859
0.004475305738
-0.04775136396
-0.04867169229
-0.04950551097
-0.05009520921
-0.05048570278
-0.05069510544
-0.05074966975
-0.05068862046
-0.05055781522
-0.05040507775
-0.05027688251
-0.0502159427
-0.05025967851
-0.05043943213
-0.05078023701
-0.05130095715
-0.05201464173
-0.05292897697
-0.0540467525
-0.05536629048
-0.05688180962
-0.05858371253
-0.06045880104
-0.06249042187
-0.0646585635
-0.06693991452
-0.06930788832
-0.07173264895
-0.07418114093
-0.07661712059
-0.07900121574
-0.08129102277
-0.08344124452
-0.08540387949
-0.08712847133
-0.08856243252
-0.08965146179
-0.09033999753
-0.09057157528
-0.09029062089
-0.08944269073
-0.08797437912
-0.08583680818
-0.08298614723
-0.07938590191
-0.07500954097
-0.06984368766
-0.06389207448
-0.05718041957
-0.04976228514
-0.04172590781
-0.03320170054
-0.0243696172
-0.01546482468
-0.006779202484
0.001344726755
0.008531077519
0.0144011905
0.01861562517
0.02092524523
0.02122751225
0.01952188757
0.01563141933
0.01067636874
-0.05084054806
-0.05187868533
-0.05279422147
-0.05339946487
-0.05374652248
-0.05385884444
-0.05377064755
-0.05353161455
-0.05319882142
-0.05283087373
-0.05248386601
-0.05220858157
-0.05204883568
-0.05204074742
-0.05221267331
-0.05258556182
-0.05317353532
-0.05398455687
-0.05502108628
-0.05628066874
-0.05775642783
-0.05943745114
-0.0613090827
-0.06335311596
-0.06554793783
-0.06786861546
-0.07028690831
-0.07277132311
-0.07528716304
-0.07779652682
-0.08025835366
-0.08262851625
-0.08485994465
-0.08690279896
-0.08870470056
-0.09021103389
-0.09136533878
-0.09210977278
-0.09238549259
-0.09213369279
-0.09129773237
-0.08982051951
-0.08764963289
-0.08473725591
-0.08104238124
-0.076533305
-0.07119068419
-0.06501139077
-0.05801328546
-0.05024104745
-0.04177328472
-0.03273079037
-0.02328539215
-0.01366809858
-0.004174170389
0.004838642927
0.01296338044
0.01977254067
0.02486232673
0.0279118482
0.02875378364
0.02733891478
0.02344368505
0.01827902856
-0.05408281565
-0.05527745549
-0.0562986196
-0.05691963961
-0.05720528663
-0.05718852072
-0.05691574018
-0.05645124503
-0.05586691617
-0.05523493678
-0.0546230063
-0.05409123242
-0.0536904782
-0.05346183265
-0.05343684137
-0.0536381884
-0.05408059367
-0.0547717605
-0.05571326737
-0.05690134654
-0.05832752363
-0.05997910673
-0.06183957085
-0.06388877132
-0.06610317736
-0.06845599809
-0.07091714477
-0.07345330204
-0.07602792085
-0.0786012477
-0.08113039127
-0.08356938272
-0.08586927545
-0.08797829757
-0.08984206227
-0.09140384669
-0.09260495922
-0.09338520009
-0.09368327025
-0.09343724726
-0.09258793963
-0.09107504998
-0.08884285338
-0.0858395697
-0.08201974854
-0.0773467911
-0.07179576694
-0.06535718285
-0.05804157332
-0.0498851579
-0.04095709677
-0.03136816112
-0.02128069728
-0.01091893394
-0.0005775859707
0.009375120286
0.01850548644
0.02633910372
0.03240516578
0.03630249089
0.0377854862
0.03674061508
0.03288190702
0.02751423977
-0.05753012733
-0.05892897057
-0.0600827314
-0.06071492732
-0.06091148146
-0.06072132578
-0.0602091107
-0.05945932005
-0.05856312736
-0.0576095431
-0.05667997221
-0.05584498954
-0.0551629149
-0.05467969678
-0.05442962185
-0.05443646688
-0.05471481628
-0.05527136248
-0.05610607851
-0.05721320954
-0.05858207595
-0.06019765204
-0.06204111886
-0.06409009385
-0.06631880973
-0.0686982385
-0.07119610863
-0.07377702699
-0.07640247349
-0.07903076376
-0.08161707053
-0.08411347991
-0.086469075
-0.08863006597
-0.09053997695
-0.09213990043
-0.0933688376
-0.09416414156
-0.09446195195
-0.09419749137
-0.09330830582
-0.09173101864
-0.08940593514
-0.08627756647
-0.0822962259
-0.07742088831
-0.07162186183
-0.06488334079
-0.05720847063
-0.04862537103
-0.03919402157
-0.0290150746
-0.01824067036
-0.007086389492
0.004156896249
0.01511502346
0.02533233545
0.0342904912
0.0414501766
0.0463217351
0.0485664908
0.04798757162
0.04421546434
0.03865176147
-0.06125836475
-0.06291973365
-0.06423506594
-0.06486508687
-0.06493007722
-0.06450482077
-0.06368083651
-0.06257011091
-0.06128857514
-0.05994567605
-0.0586385607
-0.0574490981
-0.05644303775
-0.05567061113
-0.0551679578
-0.05495891905
-0.05505689202
-0.05546655507
-0.05618535398
-0.05720471605
-0.05851109645
-0.06008662153
-0.0619096339
-0.06395495894
-0.0661941855
-0.06859585955
-0.07112541514
-0.07374522832
-0.07641460423
-0.07908975311
-0.08172378813
-0.08426674786
-0.0866656523
-0.08886460552
-0.09080495487
-0.09242551755
-0.09366289142
-0.0944518705
-0.09472589381
-0.09441735425
-0.09346010327
-0.09178802351
-0.08933735498
-0.08604861279
-0.08186773801
-0.07674849518
-0.07065531226
-0.0635664906
-0.05547947318
-0.04641516494
-0.03642366268
-0.02559490199
-0.01407020202
-0.0020550835
0.0101659395
0.02221667653
0.0336242684
0.04383003951
0.05222556305
0.05822475131
0.06137945564
0.06138616504
0.05776321489
0.05201088518
-0.06537819427
-0.06737246155
-0.06887782622
-0.06947711646
-0.06934559917
-0.06859884705
-0.06736728167
-0.06579979309
-0.064043473
-0.06223193293
-0.06047972034
-0.0588801991
-0.05750581808
-0.05640984057
-0.05562877949
-0.05518502626
-0.05508935865
-0.0553431507
-0.0559401842
-0.05686817645
-0.05810991882
-0.05964396098
-0.06144523851
-0.06348549389
-0.06573342504
-0.06815481688
-0.07071255008
-0.07336659226
-0.07607395408
-0.07878864095
-0.08146161844
-0.08404080122
-0.08647107701
-0.08869437701
-0.09064980291
-0.09227382149
-0.093500542
-0.09426209763
-0.09448909085
-0.09411093009
-0.09305767396
-0.09126008972
-0.08865011126
-0.08516396472
-0.08074287278
-0.07533542258
-0.06890028047
-0.06140937497
-0.05285203528
-0.0432402139
-0.0326161302
-0.02106085891
-0.008703132462
0.004264107178
0.01756529338
0.0308253784
0.04355852713
0.05516937618
0.06498020163
0.07230032854
0.07655355683
0.07730070033
0.07390848198
0.06797635042
-0.07005178285
-0.07246188453
-0.07417989208
-0.07469403522
-0.07426692115
-0.07307723393
-0.07131076696
-0.06916499873
-0.06682524694
-0.06445265253
-0.06217992901
-0.06011105525
-0.05832338708
-0.05687103411
-0.05578863872
-0.0550950359
-0.0547965108
-0.05488952927
-0.05536289517
-0.05619955708
-0.05737775271
-0.05887179078
-0.06065276973
-0.06268888247
-0.06494559644
-0.06738572933
-0.06996943376
-0.07265414088
-0.0753944767
-0.07814217442
-0.0808460002
-0.08345170398
-0.08590200636
-0.08813663218
-0.09009240076
-0.09170338366
-0.09290114375
-0.09361507659
-0.0937728363
-0.09330069116
-0.09212482077
-0.0901724875
-0.08737103621
-0.08365199142
-0.07895132721
-0.07321178206
-0.06638549199
-0.05843710094
-0.04934773461
-0.03912006439
-0.02778494842
-0.01541019069
-0.002114115811
0.01192164572
0.02643569993
0.04105878659
0.05529616371
0.06851882285
0.07997921809
0.08887298421
0.09447396674
0.09617018474
0.09312105975
0.08702262523
-0.07551913878
-0.07843843222
-0.080375098
-0.08070613166
-0.07983237608
-0.07802852085
-0.07555764754
-0.07267963414
-0.06962503418
-0.06658464595
-0.06370841833
-0.06110834166
-0.05886335674
-0.05702498875
-0.05562281143
-0.05466930046
-0.05416389301
-0.05409619272
-0.05444862346
-0.05519818286
-0.05631760054
-0.05777633224
-0.05954110863
-0.06157622203
-0.06384365522
-0.06630309123
-0.06891184026
-0.0716247252
-0.0743939462
-0.07716894493
-0.07989628437
-0.08251955614
-0.08497932553
-0.08721312399
-0.08915549839
-0.09073812727
-0.09189001634
-0.09253779273
-0.09260609553
-0.09201793155
-0.09069555574
-0.08856234519
-0.08554077137
-0.08155718265
-0.07654167691
-0.07043030581
-0.06316760304
-0.05470955405
-0.04502738216
-0.03411241778
-0.02198255875
-0.008691015719
0.005661478129
0.02091084475
0.03680529455
0.05298779076
0.06896274963
0.08407130881
0.0974943515
0.1083025541
0.1155928043
0.1185314029
0.1159899403
0.1097519039
-0.08214078842
-0.08566422174
-0.08778775817
-0.08776462236
-0.0862139653
-0.08355401184
-0.08015308458
-0.07634842813
-0.07242127782
-0.06859149499
-0.06502242391
-0.06182885559
-0.05908587284
-0.05683737829
-0.05510352613
-0.05388684178
-0.05317700445
-0.05295476328
-0.05319449146
-0.05386586346
-0.05493530337
-0.05636677488
-0.05812222064
-0.06016176087
-0.06244372369
-0.06492456312
-0.06755870641
-0.07029836694
-0.07309334521
-0.07589083616
-0.07863525731
-0.08126810803
-0.08372786923
-0.08594995153
-0.08786670039
-0.0894074667
-0.09049875386
-0.09106445794
-0.09102620681
-0.090303692
-0.08881526707
-0.08648009117
-0.08321553379
-0.0789422971
-0.07358393513
-0.06706887101
-0.05933274588
-0.05032115203
-0.03999312907
-0.02832573082
-0.01532019084
-0.001010479347
0.01452452979
0.0311440792
0.04862117698
0.0666109692
0.08462171446
0.1019767339
0.1177852297
0.1309779924
0.1404402175
0.1450502348
0.1432727535
0.1369553859
-0.09046913829
-0.09466845451
-0.09686760956
-0.09619644822
-0.09361771621
-0.08975977205
-0.08512935254
-0.08015455755
-0.07516831759
-0.07041381961
-0.06605927606
-0.06221327878
-0.05893875328
-0.05626493641
-0.05419691138
-0.05272279558
-0.05181950238
-0.05145645919
-0.05159802402
-0.05220549363
-0.05323819922
-0.05465409923
-0.0564100492
-0.05846184119
-0.06076409171
-0.06327003751
-0.06593128045
-0.06869751295
-0.07151624472
-0.07433254628
-0.07708882081
-0.07972461267
-0.08217645973
-0.08437779578
-0.08625890945
-0.08774696674
-0.08876610562
-0.08923761611
-0.08908021358
-0.08821032092
-0.08654250286
-0.08399147496
-0.08046940094
-0.07589094802
-0.07017250931
-0.0632339346
-0.05500058287
-0.04540567947
-0.03439335935
-0.02192272015
-0.007973424654
0.007446256802
0.02428755155
0.04244356265
0.06172308748
0.08181373179
0.1022366811
0.1223035426
0.1410655657
0.1572992767
0.1696323532
0.1765637884
0.1759724754
0.1697162578
-0.1013714778
-0.1062334125
-0.1082355662
-0.1064159047
-0.102273738
-0.09673609122
-0.09048216532
-0.08403707285
-0.07777687231
-0.0719533694
-0.06672388929
-0.06217651454
-0.0583500055
-0.05524965361
-0.05285844404
-0.05114528238
-0.05007050987
-0.04958946259
-0.049655046
-0.05021916421
-0.05123344668
-0.05264953769
-0.05441909475
-0.05649359871
-0.0588240534
-0.06136062847
-0.06405228088
-0.06684637994
-0.06968835193
-0.07252135544
-0.07528599496
-0.07792007811
-0.08035842077
-0.08253270413
-0.08437138768
-0.08579968281
-0.08673959281
-0.08711002878
-0.08682700629
-0.08580385403
-0.08395156635
-0.08118035705
-0.07739726969
-0.07251071209
-0.0664294609
-0.05906399396
-0.05032809335
-0.04014063895
-0.02842795427
-0.01512701949
-0.0001900878623
0.01640834507
0.0346606301
0.05450867014
0.07581658785
0.09832905534
0.1216122065
0.1449823556
0.167447038
0.1876367992
0.2038676752
0.2141319769
0.2154529462
0.2095838727
-0.1162475282
-0.1215277707
-0.1227372622
-0.118921362
-0.1124025165
-0.104512604
-0.09612603528
-0.08785193447
-0.08008249462
-0.07304856365
-0.06687021066
-0.0615937336
-0.05721756964
-0.05371143127
-0.051028168
-0.04911137046
-0.04790099937
-0.04733628006
-0.04735737288
-0.04790611132
-0.04892617061
-0.05036289147
-0.05216290106
-0.05427362637
-0.05664276285
-0.05921773789
-0.06194519338
-0.0647705024
-0.06763732844
-0.07048723205
-0.0732593277
-0.07588999212
-0.07831262519
-0.08045746459
-0.08225145527
-0.08361817586
-0.08447782451
-0.08474726923
-0.08434016221
-0.08316705714
-0.08113571597
-0.07815201566
-0.07411820025
-0.06893644042
-0.06250772177
-0.05473267043
-0.0455125346
-0.03475019485
-0.02235150396
-0.008227222582
0.007703964179
0.02551041751
0.04523882579
0.0668989377
0.09043711276
0.1156920513
0.1423246399
0.1697163382
0.1968527185
0.2222503506
0.2438879062
0.2590782354
0.2635905635
0.2588512672
-0.1374358065
-0.1423143961
-0.141487141
-0.1342475897
-0.1241300457
-0.1129683004
-0.1018149663
-0.09130845771
-0.08179748535
-0.07343924106
-0.0662763481
-0.06028380211
-0.05539900782
-0.05154194567
-0.04862556169
-0.04656309258
-0.04527122665
-0.04467154679
-0.04469087359
-0.04526095901
-0.04631784072
-0.04780104026
-0.04965271217
-0.05181680532
-0.05423827018
-0.05686232824
-0.05963381051
-0.06249656627
-0.0653929405
-0.06826331722
-0.07104572554
-0.07367550538
-0.07608503035
-0.0782034856
-0.07995669918
-0.08126702571
-0.08205328146
-0.08223073135
-0.08171112122
-0.08040269488
-0.07821045101
-0.07503636131
-0.07077843739
-0.06533295434
-0.05859332908
-0.05045035354
-0.04079239387
-0.02950540121
-0.01647291824
-0.001576237258
0.01530494406
0.03429059509
0.05549559442
0.07901917909
0.1049232445
0.1331905799
0.1636496877
0.19584901
0.2288702498
0.2611390379
0.2903601398
0.3129980252
0.3230148214
0.3210682001
-0.169044528
-0.171282862
-0.1658586742
-0.1528146517
-0.1373042077
-0.1216644953
-0.1070096829
-0.09387133353
-0.08244235856
-0.07272355085
-0.06462018117
-0.0579971527
-0.05270507196
-0.04859977925
-0.04554733184
-0.04342676384
-0.04213013237
-0.041561373
-0.04163468376
-0.04227278374
-0.0434052274
-0.04496685681
-0.04689642025
-0.04913535812
-0.05162674497
-0.05431437171
-0.05714195144
-0.06005243364
-0.06298741314
-0.06588662276
-0.06868750032
-0.07132482236
-0.07373039857
-0.07583282181
-0.07755726938
-0.07882535135
-0.07955500178
-0.07966040872
-0.07905197049
-0.07763621304
-0.07531598015
-0.0719900577
-0.06755300542
-0.06189591477
-0.05490534939
-0.04646294119
-0.03644470098
-0.02471987005
-0.01114932242
0.004416515675
0.0221401467
0.04219947881
0.06478921248
0.09011865002
0.1184007016
0.1498219341
0.1844755479
0.222227391
0.2624732268
0.3037798691
0.3436454026
0.3777588247
0.397690502
0.4023666354
-0.2184559509
-0.2124915193
-0.1973357145
-0.17459996
-0.1511647725
-0.1295773419
-0.1106864183
-0.09464435823
-0.08128844146
-0.07033647147
-0.06147626716
-0.05441798142
-0.048905237
-0.04471928551
-0.04167572558
-0.0396196474
-0.03842044864
-0.03796703935
-0.03816371136
-0.03892669087
-0.04018130406
-0.04185966023
-0.04389875802
-0.04623893127
-0.04882256607
-0.05159303455
-0.05449380281
-0.05746768029
-0.0604561856
-0.0633990096
-0.06623356096
-0.06889458308
-0.07131383307
-0.07341981553
-0.07513756441
-0.07638846624
-0.07709011771
-0.07715620932
-0.07649641758
-0.07501622913
-0.0726170638
-0.06919552436
-0.06464363387
-0.05884839444
-0.05169077341
-0.04304467325
-0.03277535116
-0.02073707268
-0.006769793887
0.009305426985
0.02769261009
0.04862885444
0.07239402955
0.09932104053
0.1298031589
0.1642896727
0.2032504811
0.2470696547
0.2957947646
0.3486635131
0.4034312115
0.4552396866
0.4931754524
0.513173309
-0.2978550442
-0.2713172036
-0.236731707
-0.1983386764
-0.1637250329
-0.1347140095
-0.1111559604
-0.09232062119
-0.07737461133
-0.06558855102
-0.05636115293
-0.04921434315
-0.04377399948
-0.03974848627
-0.03690903074
-0.03507416828
-0.03409778612
-0.0338600536
-0.03426061732
-0.03521349915
-0.03664324539
-0.03848199074
-0.04066719196
-0.04313985321
-0.04584311573
-0.04872112052
-0.051718079
-0.05477750472
-0.05784157266
-0.06085058124
-0.06374249938
-0.06645258481
-0.0689130631
-0.07105285862
-0.07279736943
-0.07406827777
-0.07478338706
-0.07485647428
-0.0741971335
-0.07271052008
-0.07029740569
-0.06685343865
-0.06226905524
-0.05642859521
-0.04920918718
-0.0404791764
-0.03009579091
-0.01790173799
-0.003720307992
0.01265162114
0.03145351038
0.05297511483
0.0775758126
0.1057106561
0.1379636331
0.1750853497
0.2180228378
0.2679045
0.3258921108
0.3927446161
0.4677481993
0.5458863162
0.6135810178
0.6642960606
-0.4322099114
-0.3535296646
-0.2802558187
-0.2185418994
-0.1700311473
-0.1332417245
-0.1057201657
-0.08508140252
-0.06950674222
-0.05771445657
-0.04879071411
-0.04208177595
-0.03711992216
-0.03356602848
-0.03116894674
-0.02973838703
-0.02912649847
-0.02921517642
-0.02990729184
-0.0311205626
-0.03278319045
-0.03483069228
-0.03720354966
-0.03984542594
-0.04270178314
-0.04571878593
-0.04884241675
-0.05201774952
-0.05518834621
-0.05829575074
-0.06127906226
-0.06407457446
-0.06661547056
-0.06883156541
-0.0706490864
-0.07199048463
-0.0727742661
-0.07291482914
-0.07232227425
-0.07090217701
-0.06855549384
-0.06517797177
-0.06065958754
-0.05488369141
-0.04772572296
-0.03905129543
-0.02871339153
-0.01654826594
-0.002369466107
0.01404090406
0.03294499818
0.05466812544
0.07962678253
0.1083703908
0.1416433052
0.1804755365
0.2263094982
0.2811571612
0.3477427808
0.4294711285
0.5293818327
0.6453622218
0.7633937362
0.8752592818
-0.730493733
-0.4694169258
-0.3095355451
-0.2190265744
-0.158561527
-0.1172719071
-0.08927858957
-0.0697098925
-0.0556286101
-0.04535991714
-0.03783377073
-0.03234273918
-0.02841870611
-0.02574235091
-0.02408686448
-0.02328527396
-0.02321011468
-0.02376028794
-0.02485252747
-0.02641574612
-0.0283871689
-0.03070960618
-0.03332947179
-0.03619529651
-0.03925657858
-0.04246287006
-0.04576303339
-0.04910462495
-0.05243337675
-0.05569275659
-0.05882359303
-0.06176375512
-0.0644478792
-0.06680713581
-0.06876903016
-0.0702572283
-0.07119139939
-0.07148705884
-0.07105536891
-0.06980306603
-0.06763215571
-0.06443934528
-0.06011552414
-0.05454492168
-0.04760379192
-0.03915846926
-0.02906252172
-0.01715257367
-0.003242162518
0.01288734699
0.03150033798
0.05292752029
0.07759770552
0.1060879358
0.1392044132
0.178116036
0.2245781549
0.2813102842
0.3526359598
0.4454715243
0.5699963658
0.7388552774
0.9742517647
1.301477494
-1.424917399
-0.64547797
-0.3290780415
-0.2093461205
-0.136531594
-0.0917091552
-0.06550204249
-0.04902934514
-0.03793418547
-0.03025816704
-0.02488151742
-0.02113043507
-0.0186071516
-0.01706339884
-0.01633178309
-0.01629231133
-0.01685377173
-0.01794270197
-0.01949686996
-0.021461283
-0.02378559388
-0.0264223216
-0.02932556676
-0.03245003535
-0.03575026292
-0.03917997547
-0.04269154884
-0.04623554333
-0.04976029864
-0.05321157985
-0.05653226812
-0.05966209146
-0.06253739187
-0.06509092511
-0.0672516887
-0.06894477272
-0.07009122504
-0.0706079181
-0.07040743682
-0.06939793429
-0.06748282616
-0.06456042218
-0.06052344113
-0.05525825051
-0.048643703
-0.04054941314
-0.03083322378
-0.01933748294
-0.005883560048
0.009736291144
0.02777117757
0.04853039117
0.07241320745
0.09995784866
0.1319255905
0.1694524833
0.2143366846
0.269610191
0.340745892
0.4382104488
0.5817944993
0.8108704762
1.25020617
2.170670525
)
;

boundaryField
{
    movingWall
    {
        type            zeroGradient;
    }
    fixedWalls
    {
        type            zeroGradient;
    }
    frontAndBack
    {
        type            empty;
    }
}


// ************************************************************************* //
