/*--------------------------------*- C++ -*----------------------------------*\
  =========                 |
  \\      /  F ield         | OpenFOAM: The Open Source CFD Toolbox
   \\    /   O peration     | Website:  https://openfoam.org
    \\  /    A nd           | Version:  11
     \\/     M anipulation  |
\*---------------------------------------------------------------------------*/
FoamFile
{
    format      ascii;
    class       volScalarField;
    location    "1600";
    object      p;
}
// * * * * * * * * * * * * * * * * * * * * * * * * * * * * * * * * * * * * * //

dimensions      [0 2 -2 0 0 0 0];

internalField   nonuniform List<scalar> 
4096
(
3.918947508e-10
-3.457902663e-05
-0.0001480165478
-0.0003329846322
-0.0005642122772
-0.000820927125
-0.001086373898
-0.001347218125
-0.00159322434
-0.001816758355
-0.002012260547
-0.002175777257
-0.002304565465
-0.002396769826
-0.002451167136
-0.002466971544
-0.00244369337
-0.002381044465
-0.002278883381
-0.002137193943
-0.00195609117
-0.001735848843
-0.001476943367
-0.001180108899
-0.0008463990138
-0.000477250521
-7.454526148e-05
0.0003593339542
0.0008214568777
0.001308312127
0.001815789234
0.002339179055
0.002873195303
0.003412017719
0.003949356276
0.004478540226
0.004992630589
0.005484552772
0.005947247476
0.006373836373
0.006757798059
0.007093149012
0.007374623694
0.007597847573
0.00775949678
0.007857438458
0.00789084651
0.007860288531
0.007767781093
0.007616812244
0.007412331946
0.007160713077
0.006869687402
0.006548262213
0.006206623782
0.005856032377
0.00550870748
0.005177695175
0.004876680125
0.004619614664
0.004419974469
0.004289989204
0.004238989915
0.004250318218
3.42280899e-05
-5.595064381e-07
-9.96217269e-05
-0.0002586253061
-0.0004571416518
-0.0006782828197
-0.0009081695634
-0.001135389391
-0.00135087013
-0.001547609672
-0.001720327529
-0.001865124486
-0.001979177964
-0.002060482008
-0.002107634403
-0.002119669779
-0.002095935479
-0.002036005957
-0.001939631036
-0.001806713146
-0.001637308705
-0.001431648901
-0.001190175279
-0.0009135857726
-0.0006028869769
-0.0002594487234
0.0001149428112
0.0005180369903
0.0009470789145
0.001398780993
0.001869308629
0.002354282484
0.002848800293
0.003347478094
0.003844509881
0.004333750824
0.004808821924
0.005263232695
0.005690520535
0.006084403486
0.006438942193
0.006748706168
0.007008938896
0.007215716013
0.007366090704
0.007458220805
0.00749147265
0.007466497722
0.007385279353
0.00725114825
0.007068767149
0.006844086518
0.006584274499
0.006297625097
0.005993448431
0.005681944963
0.005374061993
0.005081321714
0.00481559181
0.004588698528
0.004411806806
0.004295380419
0.004249639962
0.004261404066
0.0001482451942
9.787261602e-05
-2.276061708e-06
-0.0001479803757
-0.0003244637085
-0.0005188878778
-0.000720274309
-0.0009192955269
-0.001108292128
-0.001281162519
-0.001433160224
-0.001560666823
-0.001660971727
-0.001732073852
-0.001772512902
-0.001781233221
-0.001757480181
-0.001700727274
-0.001610631081
-0.001487010685
-0.001329847844
-0.001139304106
-0.0009157510756
-0.0006598100975
-0.0003723977309
-5.477352736e-05
0.0002914132493
0.0006640811639
0.001060681454
0.001478173017
0.001913010097
0.002361145001
0.002818048989
0.003278750744
0.003737891513
0.004189802812
0.00462860383
0.005048315471
0.005442990047
0.00580685351
0.006134456237
0.006420827748
0.006661630173
0.006853304927
0.006993207026
0.007079721701
0.007112358521
0.007091819151
0.007020035959
0.006900180076
0.006736638867
0.006534964189
0.006301793833
0.006044749172
0.005772311761
0.005493680052
0.005218604631
0.004957197083
0.004719695944
0.004516117141
0.004355777323
0.004247772586
0.004203050622
0.00421129754
0.0003363829595
0.0002575200602
0.0001406936605
-7.052401294e-06
-0.0001764649177
-0.0003579882497
-0.0005430268333
-0.0007241710755
-0.000895218009
-0.001051121131
-0.001187873115
-0.001302353765
-0.001392171077
-0.001455511784
-0.001491010509
-0.001497642196
-0.001474639421
-0.001421434228
-0.001337622869
-0.001222951088
-0.001077317127
-0.000900789416
-0.0006936357844
-0.0004563610441
-0.0001897497956
0.000105088621
0.0004266760394
0.0007731251696
0.001142105911
0.001530820959
0.001935993156
0.002353866868
0.002780226637
0.003210432646
0.00363947116
0.004062027785
0.004472579526
0.004865502924
0.005235197629
0.005576222363
0.005883439431
0.006152163236
0.00637830767
0.006558526876
0.006690343772
0.006772260941
0.006803848997
0.00678580841
0.006720001839
0.006609455361
0.006458328371
0.006271853261
0.006056247134
0.00581859854
0.005566732334
0.005309055033
0.005054381816
0.004811746322
0.004590188966
0.004398475344
0.004244767727
0.004137261127
0.00408635683
0.004083963218
0.0005750560397
0.0004590998143
0.0003153443814
0.0001555892899
-1.643210184e-05
-0.0001940746668
-0.0003708313096
-0.0005410865637
-0.0007000876936
-0.0008439101845
-0.0009693939737
-0.001074042431
-0.001155908124
-0.001213481656
-0.001245592536
-0.001251327097
-0.001229965779
-0.001180940191
-0.001103809096
-0.0009982516685
-0.0008640758494
-0.0007012393635
-0.0005098807755
-0.0002903579016
-4.329085807e-05
0.0002303929729
0.0005294147704
0.0008521035823
0.001196361762
0.001559639106
0.001938918115
0.002330712665
0.002731083151
0.003135668715
0.003539733178
0.003938234318
0.004325911736
0.004697390921
0.005047303065
0.005370417654
0.005661784031
0.005916877365
0.006131743817
0.006303139269
0.006428655796
0.006506830255
0.006537229832
0.006520510247
0.006458443427
0.006353912799
0.006210875853
0.00603429506
0.005830039571
0.005604761133
0.005365748265
0.00512076277
0.004877862594
0.004645216139
0.004430910699
0.004242728482
0.004087925912
0.003973741342
0.003908838193
0.003887939146
0.0008444459311
0.0006861581557
0.0005088980945
0.0003302338055
0.0001486294717
-3.185073624e-05
-0.0002065388972
-0.0003714747744
-0.0005233011662
-0.0006592205321
-0.0007769640024
-0.0008747240774
-0.0009510719101
-0.001004875116
-0.001035224165
-0.001041372033
-0.001022689523
-0.0009786369745
-0.0009087518882
-0.0008126512391
-0.0006900467711
-0.0005407712502
-0.000364813489
-0.0001623598388
6.616021763e-05
0.000320026794
0.0005981831106
0.0008991922882
0.001221199948
0.001561905133
0.001918542
0.00228787462
0.002666207427
0.003049414128
0.003432979289
0.003812063896
0.00418158998
0.004536342004
0.004871084799
0.005180695081
0.005460302717
0.00570543709
0.005912173172
0.006077271416
0.006198305316
0.006273770654
0.006303170881
0.006287073948
0.006227137076
0.006126097393
0.005987727969
0.005816760455
0.005618777085
0.005400076157
0.005167516125
0.004928344072
0.004690014793
0.004460007611
0.004245646457
0.004053917
0.003891322815
0.003764112062
0.00367860593
0.003632942365
0.001127675461
0.000924297339
0.0007095228591
0.0005071882659
0.0003108805528
0.0001224081887
-5.516693801e-05
-0.0002193897384
-0.0003682146324
-0.0004999374558
-0.0006131824559
-0.0007068558149
-0.0007800840735
-0.0008321530416
-0.0008624540442
-0.0008704414779
-0.0008556038299
-0.0008174488463
-0.0007555025107
-0.0006693208212
-0.0005585129255
-0.0004227739009
-0.0002619252953
-7.596142748e-05
0.0001349006475
0.0003701696895
0.0006290296146
0.0009102919916
0.001212354138
0.001533165317
0.00187020359
0.002220465717
0.00258047183
0.002946291002
0.003313578451
0.003677637433
0.004033501416
0.004376033885
0.004700045874
0.005000428262
0.005272294931
0.005511131994
0.005712947455
0.005874415061
0.005993005808
0.006067100614
0.006096078145
0.006080372636
0.006021497803
0.005922034499
0.005785581562
0.005616671189
0.00542065203
0.005203544844
0.004971876964
0.004732502818
0.00449241844
0.00425857779
0.004037717128
0.003836201489
0.003659942129
0.003514277819
0.003403031337
0.003328209893
0.001410089706
0.001160545322
0.0009060872137
0.0006770095936
0.0004624220714
0.0002621617319
7.788651225e-05
-8.931048354e-05
-0.0002386012314
-0.000369320358
-0.0004809601719
-0.0005731360297
-0.0006455383511
-0.0006978865618
-0.0007298905373
-0.0007412226651
-0.0007315022422
-0.0007002926906
-0.000647111213
-0.0005714499512
-0.0004728073543
-0.0003507282414
-0.0002048508948
-3.495940536e-05
0.0001589606158
0.0003766649625
0.0006175945301
0.0008808220631
0.001165004361
0.001468342474
0.001788552599
0.002122850181
0.002467947726
0.002820076916
0.003175021343
0.003528174513
0.003874620101
0.004209230881
0.00452678693
0.004822110112
0.005090210859
0.005326442296
0.005526655773
0.005687351182
0.005805815022
0.005880239195
0.005909813934
0.005894789153
0.005836499851
0.005737352888
0.005600774451
0.005431119661
0.005233547935
0.00501386967
0.004778371523
0.004533628828
0.004286314443
0.004043011849
0.003810038641
0.003593315327
0.003398338147
0.003229696983
0.003088813714
0.00298188521
0.001678950421
0.00138324199
0.001088205637
0.0008305837034
0.0005953581679
0.0003806245315
0.0001868018546
1.374782136e-05
-0.0001388346101
-0.000271255357
-0.0003838340903
-0.0004768716554
-0.0005506106024
-0.0006051998654
-0.0006406678995
-0.0006569065179
-0.0006536666399
-0.00063056616
-0.0005871094343
-0.0005227174424
-0.0004367674069
-0.0003286404809
-0.0001977759988
-4.373067593e-05
0.0001337589719
0.0003347128611
0.0005588442659
0.0008054996686
0.001073603944
0.00136161347
0.001667480085
0.001988628539
0.002321946387
0.00266380226
0.003010074072
0.003356202559
0.003697269847
0.004028097831
0.004343367706
0.004637757612
0.004906094367
0.005143514128
0.00534562578
0.005508669982
0.005629666312
0.00570654088
0.005738227147
0.005724733612
0.005667173418
0.005567752789
0.005429717387
0.0052572581
0.005055380228
0.004829742275
0.004586472567
0.00433197339
0.004072723079
0.003815083673
0.003565119971
0.003328486474
0.003110453862
0.002915065886
0.002741559189
0.002600528376
0.00192304743
0.001581857378
0.001246213579
0.000959173761
0.0007018784956
0.000470858143
0.000265421592
8.429726173e-05
-7.385260564e-05
-0.000210248705
-0.0003259899523
-0.0004220275927
-0.0004991311696
-0.0005578611754
-0.000598551485
-0.0006213029608
-0.000625988945
-0.000612272556
-0.0005796351445
-0.0005274149299
-0.0004548546398
-0.0003611568582
-0.0002455456937
-0.0001073332858
5.401046089e-05
0.0002387866874
0.0004469969171
0.0006782751297
0.0009318250094
0.001206365042
0.001500084637
0.001810614115
0.002135005631
0.002469746754
0.002810784217
0.003153571966
0.003493147952
0.003824231885
0.004141346311
0.004438957995
0.004711635518
0.004954217806
0.005161987099
0.005330838845
0.005457440424
0.00553937037
0.005575230112
0.005564721138
0.005508681965
0.005409081253
0.005268965835
0.005092365095
0.004884155884
0.004649894761
0.004395626557
0.00412768005
0.003852462218
0.003576258466
0.003305044425
0.003044387937
0.002799528327
0.002574180237
0.002365645628
0.002189052961
0.002132335016
0.001746778927
0.001371087332
0.00105442794
0.0007743279524
0.0005258827181
0.0003073870564
0.0001165255597
-4.900706944e-05
-0.0001912814731
-0.0003121257968
-0.0004131008728
-0.0004954700627
-0.0005601783522
-0.0006078426342
-0.0006387537608
-0.0006528906143
-0.0006499458495
-0.0006293625322
-0.0005903806653
-0.000532092467
-0.0004535051888
-0.0003536101949
-0.0002314569322
-8.62302868e-05
8.267036872e-05
0.0002755523713
0.0004923534184
0.000732570148
0.0009951944159
0.001278660732
0.001580807961
0.001898850298
0.002229384575
0.002568409948
0.002911368838
0.00325322154
0.003588542825
0.003911644369
0.00421672
0.004498009716
0.004749977087
0.004967493309
0.005146019985
0.005281781956
0.005371921114
0.005414622406
0.005409204064
0.005356165594
0.005257189171
0.00511509267
0.004933735537
0.004717881744
0.00447302703
0.004205200127
0.00392074971
0.003626129594
0.003327689399
0.003031476224
0.002743148447
0.002468106233
0.002209948186
0.00196428144
0.001750873662
0.002297651446
0.001869130634
0.001454358783
0.001108365279
0.0008052460674
0.0005387547217
0.0003062409858
0.0001044123252
-6.994265376e-05
-0.0002196896974
-0.0003473376552
-0.000455014315
-0.0005444396306
-0.000616910657
-0.0006732989879
-0.0007140605083
-0.0007392572873
-0.0007485910321
-0.0007414472379
-0.0007169490209
-0.0006740195615
-0.0006114520441
-0.0005279859305
-0.0004223883126
-0.0002935389446
-0.0001405173365
3.730998179e-05
0.0002402042371
0.0004679737478
0.000719900666
0.0009946788818
0.001290366587
0.00160434647
0.00193332412
0.002273344628
0.002619824022
0.002967620974
0.003311131259
0.003644410846
0.003961324715
0.004255717432
0.004521600117
0.004753346885
0.00494589248
0.005094921813
0.005197041598
0.005249924346
0.005252415765
0.005204598057
0.005107803841
0.004964578163
0.004778589336
0.004554492677
0.004297754582
0.004014447168
0.003711026114
0.003394105268
0.00307023515
0.002745691021
0.002426394544
0.0021180928
0.001824468122
0.001539638277
0.001288121761
0.00241051679
0.001940635035
0.001488043036
0.001113357025
0.000787391421
0.0005026239698
0.0002555072655
4.182279302e-05
-0.0001424962489
-0.0003010625267
-0.0004370203726
-0.0005530225914
-0.0006512072893
-0.0007331886793
-0.0008000615237
-0.0008524182799
-0.0008903783838
-0.0009136289026
-0.0009214756392
-0.0009129037133
-0.0008866466431
-0.0008412629401
-0.0007752191947
-0.0006869785332
-0.0005750931658
-0.0004382995002
-0.0002756139868
-8.642749573e-05
0.0001294043205
0.0003714775919
0.0006387677312
0.0009295719581
0.001241458141
0.001571250259
0.001915043817
0.00226822434
0.002625535199
0.002981168392
0.003328887105
0.0036621773
0.003974424546
0.00425911088
0.004510024712
0.004721475173
0.004888501073
0.005007063845
0.005074213726
0.005088219024
0.005048649737
0.004956409031
0.00481370899
0.004623990572
0.004391791433
0.004122568978
0.003822489272
0.003498195216
0.003156568587
0.002804493127
0.002448624563
0.002095315208
0.001750837702
0.001419141234
0.00109301491
0.000801876126
0.002462994973
0.001953515338
0.00146458459
0.0010621125
0.0007137616176
0.0004107811171
0.0001487590469
-7.740991934e-05
-0.0002726062777
-0.0004411477461
-0.0005867729537
-0.0007126199488
-0.0008212072515
-0.0009144309498
-0.0009935763474
-0.001059342494
-0.00111187866
-0.001150831844
-0.001175404357
-0.001184420624
-0.001176402331
-0.001149651119
-0.001102337961
-0.001032598276
-0.0009386316531
-0.0008188047669
-0.000671755751
-0.000496497858
-0.0002925198564
-5.988023032e-05
0.0002007090014
0.0004878137908
0.0007992154021
0.001131877069
0.001481961495
0.001844831555
0.002215113108
0.002586779967
0.002953274158
0.003307658912
0.003642800938
0.00395157707
0.004227098399
0.004462943069
0.004653387418
0.004793624006
0.004879954649
0.004909946953
0.004882544108
0.004798119863
0.004658473718
0.004466765019
0.004227388848
0.00394580068
0.003628300562
0.003281790913
0.002913523572
0.002530843391
0.0021409347
0.001750742853
0.001367238116
0.0009948037114
0.000625013464
0.0002923892529
0.002447606898
0.001900432754
0.001376823494
0.0009476737932
0.0005776142084
0.0002567010476
-2.031986648e-05
-0.0002594100157
-0.0004662287806
-0.0006457624808
-0.0008023069349
-0.0009394485655
-0.001060050488
-0.001166256509
-0.001259510369
-0.001340587812
-0.001409640202
-0.001466248616
-0.001509487516
-0.001537997223
-0.001550064532
-0.00154371085
-0.001516787229
-0.001467075547
-0.001392394886
-0.001290711878
-0.00116025338
-0.0009996194111
-0.0008078938083
-0.0005847497226
-0.0003305457163
-4.640635266e-05
0.0002657040289
0.0006029212214
0.0009615058413
0.001336819457
0.001723381253
0.002114944439
0.00250461176
0.002884987866
0.003248365582
0.003586941698
0.003893055663
0.004159442334
0.004379488047
0.004547477725
0.004658819951
0.004710236918
0.004699907176
0.004627551197
0.004494452814
0.004303413596
0.004058641704
0.003765581432
0.003430694012
0.003061204254
0.002664829713
0.002249499912
0.001823072522
0.001393244838
0.0009678526499
0.0005518673517
0.0001357149805
-0.0002406990257
0.002357283497
0.001774453378
0.001217980534
0.0007634209825
0.0003724916047
3.408569147e-05
-0.0002578769472
-0.0005101887174
-0.0007292579258
-0.0009207073385
-0.001089356579
-0.001239206743
-0.001373432357
-0.001494392946
-0.001603660305
-0.001702058337
-0.001789713788
-0.001866116726
-0.001930189878
-0.001980366242
-0.002014674488
-0.002030831825
-0.002026343923
-0.001998611424
-0.00194504232
-0.001863169167
-0.001750769693
-0.001605988851
-0.001427459864
-0.001214421456
-0.0009668271953
-0.0006854394441
-0.0003719134936
-2.889329329e-05
0.0003400257292
0.0007302404819
0.001136189395
0.001551416787
0.001968680453
0.00238010062
0.002777348003
0.003151867389
0.003495130656
0.003798910586
0.004055564452
0.004258314368
0.004401510033
0.004480859022
0.004493610381
0.004438679093
0.004316702027
0.004130020085
0.003882586182
0.00357980392
0.003228306929
0.002835693703
0.002410235671
0.001960566326
0.001495359203
0.001023221171
0.0005530206535
9.046257514e-05
-0.0003751498031
-0.0007981627124
0.0021853496
0.001569039206
0.0009816593458
0.000503087969
9.225146167e-05
-0.0002630915126
-0.0005698337074
-0.000835576047
-0.001067448809
-0.001271682197
-0.001453589445
-0.001617555758
-0.001767036913
-0.001904578984
-0.00203185405
-0.002149707986
-0.002258218297
-0.002356760726
-0.002444083838
-0.002518391147
-0.00257743059
-0.002618591274
-0.002639007428
-0.00263566936
-0.002605541015
-0.002545683348
-0.00245338232
-0.002326279765
-0.002162504804
-0.001960803163
-0.001720660609
-0.001442411969
-0.001127336103
-0.0007777881517
-0.0003971602879
1.003418494e-05
0.0004381964929
0.0008806906194
0.001329939063
0.00177756472
0.002214577609
0.002631604011
0.003019152783
0.003367910725
0.003669055928
0.0039145755
0.004097571985
0.004212541704
0.004255608213
0.00422469551
0.00411962841
0.003942151723
0.003695865152
0.003386076713
0.003019583476
0.002604394366
0.002149413739
0.001664093995
0.001158066146
0.0006410056643
0.0001229839338
-0.0003894191103
-0.0009080359506
-0.001381004453
0.001925531515
0.00127805842
0.0006618628428
0.0001607880447
-0.0002688971371
-0.000640538408
-0.0009618278065
-0.001241153096
-0.001486341012
-0.001704202289
-0.001900516191
-0.002080024444
-0.002246437103
-0.002402460897
-0.002549843674
-0.002689430232
-0.00282122715
-0.002944475218
-0.00305772875
-0.003158941565
-0.003245559691
-0.003314621073
-0.003362862546
-0.003386834233
-0.003383021286
-0.003347972542
-0.003278435191
-0.003171493969
-0.003024712787
-0.002836276317
-0.002605128117
-0.002331096323
-0.002015003808
-0.001658828223
-0.001265679532
-0.0008399088923
-0.0003870887884
8.601301393e-05
0.0005715121995
0.001060538088
0.00154341486
0.002009892884
0.002449426262
0.002851489321
0.003205921352
0.003503285551
0.003735225323
0.003894799048
0.003976773642
0.003977857977
0.003896859607
0.003734752415
0.003494648366
0.003181673185
0.002802752789
0.002366324645
0.001881993598
0.001360140912
0.0008114969723
0.0002469691207
-0.0003219904462
-0.0008877838532
-0.001463425346
-0.00199028116
0.001571982548
0.0008958106971
0.0002530212497
-0.0002689522562
-0.0007163521575
-0.001103593939
-0.001439153855
-0.00173218393
-0.001991182041
-0.002223513775
-0.002435398935
-0.002631910942
-0.002816990403
-0.002993482381
-0.003163189702
-0.003326936796
-0.003484641296
-0.003635391875
-0.003777531696
-0.003908747452
-0.004026164391
-0.004126447934
-0.004205912532
-0.004260638337
-0.004286595993
-0.004279779503
-0.004236346653
-0.004152765863
-0.004025967667
-0.003853498625
-0.003633674649
-0.003365724541
-0.003049917411
-0.002687748845
-0.002281950634
-0.001836613357
-0.001357197836
-0.000850532002
-0.0003247557931
0.0002107913854
0.0007457409152
0.001268923771
0.001768655829
0.002233073827
0.002650512065
0.003009905826
0.003301203617
0.003515767257
0.003646736934
0.003689338092
0.003641108755
0.003502029718
0.003274545854
0.002963474104
0.002575801989
0.002120389513
0.001607594509
0.001048830701
0.0004560707838
-0.0001583757964
-0.0007814862112
-0.001404494793
-0.002041671356
-0.002626936903
0.001119321876
0.0004170637818
-0.0002499710079
-0.0007911528356
-0.001255072795
-0.001657175452
-0.002006702972
-0.002313546961
-0.002586850375
-0.00283450854
-0.003063157965
-0.003278181514
-0.003483729892
-0.003682767946
-0.003877136781
-0.004067625421
-0.004254048804
-0.004435330493
-0.004609589536
-0.004774231699
-0.004926045757
-0.005061305853
-0.005175880989
-0.005265352648
-0.005325141313
-0.005350642295
-0.005337370786
-0.005281115468
-0.005178099254
-0.005025145304
-0.004819845874
-0.004560725156
-0.00424738592
-0.003880713681
-0.003462950529
-0.002997802157
-0.002490506882
-0.001947854576
-0.001378162558
-0.0007911879248
-0.000197975174
0.0003893637323
0.0009579372617
0.001494426381
0.001985492339
0.002418226664
0.00278062489
0.003062061021
0.003253736443
0.003349075388
0.003344039666
0.003237338655
0.00303051627
0.00272790471
0.002336444356
0.001865380346
0.001325855852
0.0007304116979
9.240686496e-05
-0.0005742675205
-0.001254811853
-0.001939130266
-0.002642844393
-0.003291639205
0.000562682722
-0.0001629020441
-0.0008517122479
-0.001410335279
-0.001889530813
-0.002305724462
-0.002668901742
-0.00298966621
-0.003277778451
-0.003541638506
-0.003788277141
-0.004023366849
-0.004251251279
-0.004475000447
-0.004696481432
-0.004916437477
-0.005134571867
-0.005349634841
-0.005559513031
-0.005761321873
-0.005951502032
-0.006125921206
-0.006279982857
-0.00640874332
-0.006507038566
-0.006569621534
-0.006591310468
-0.006567148121
-0.006492570882
-0.006363586384
-0.006176957847
-0.005930387529
-0.005622684362
-0.005253977941
-0.004825887022
-0.004341582253
-0.003805941267
-0.003225587703
-0.002608906553
-0.001965989875
-0.001308510789
-0.0006495206192
-3.165669209e-06
0.0006156754345
0.001191827649
0.001710316496
0.002156907628
0.00251866438
0.002784493557
0.00294564627
0.002996139688
0.002933067692
0.002756773849
0.002470868655
0.002082084116
0.001599972252
0.001036466679
0.0004053168016
-0.0002785882641
-0.0009995851052
-0.001740870751
-0.002490838587
-0.003266575213
-0.003984614583
-0.0001022335944
-0.0008482447829
-0.001556247026
-0.002130475907
-0.002623660847
-0.003053152331
-0.003429651727
-0.003764443439
-0.004067876447
-0.004348830317
-0.004614708862
-0.004871456799
-0.005123596932
-0.005374293937
-0.005625433211
-0.005877706859
-0.006130702798
-0.006382995051
-0.006632234816
-0.006875242958
-0.007108105292
-0.007326272454
-0.007524666354
-0.007697795167
-0.007839878691
-0.007944985529
-0.008007183138
-0.008020701186
-0.007980107879
-0.007880498293
-0.007717693754
-0.007488446715
-0.007190631497
-0.006823460036
-0.006387770271
-0.005886022368
-0.005322566154
-0.004703698017
-0.004037725246
-0.003334954835
-0.002607603954
-0.001869624431
-0.001136433887
-0.0004245506695
0.000248864518
0.0008665504783
0.001411753349
0.001868874847
0.002224127986
0.002466161495
0.002586610958
0.002580535076
0.002446699943
0.002187682982
0.001809780717
0.00132272092
0.0007391959003
7.422559137e-05
-0.0006556298363
-0.001432732408
-0.002238025145
-0.003058186416
-0.003911892279
-0.004705478998
-0.0008791010843
-0.001642509791
-0.002367018856
-0.002954958998
-0.003460811719
-0.003902787643
-0.004292271141
-0.004641192601
-0.004960458243
-0.005259401751
-0.005545780012
-0.005825795064
-0.00610413857
-0.006384063661
-0.006667471294
-0.006955002419
-0.007246131491
-0.007539259219
-0.007831804202
-0.008120294304
-0.008400459452
-0.008667328091
-0.008915329739
-0.009138406149
-0.009330133457
-0.009483857391
-0.009592843213
-0.009650441512
-0.009650270214
-0.009586412387
-0.009453629675
-0.009247588402
-0.008965077003
-0.008604222308
-0.00816488036
-0.007648616564
-0.007059054431
-0.00640196653
-0.005685397627
-0.004919706977
-0.004117526821
-0.003293626549
-0.002464670565
-0.001648862139
-0.000865471636
-0.0001342552306
0.0005252206473
0.001094323745
0.001556133844
0.001896209704
0.00210329451
0.002169906954
0.002092767851
0.001873020569
0.001516217261
0.001032062404
0.0004339257478
-0.0002618689682
-0.001036957548
-0.001871514384
-0.002743950971
-0.003638997379
-0.004577049231
-0.005453058614
-0.001770912989
-0.002548580081
-0.003286824901
-0.003886532688
-0.004403701078
-0.004857327389
-0.0052594406
-0.005622578448
-0.005958171371
-0.006275981675
-0.006584100787
-0.006888975848
-0.007195460824
-0.007506895633
-0.007825199201
-0.00815096694
-0.008483567705
-0.00882123798
-0.009161172922
-0.009499615352
-0.009831944667
-0.01015276832
-0.01045601882
-0.01073505923
-0.01098280022
-0.01119183128
-0.01135456859
-0.0114634212
-0.01151097689
-0.01149020773
-0.0113946961
-0.01121888
-0.01095829916
-0.01060983203
-0.01017212437
-0.009645631137
-0.009033027761
-0.008339332523
-0.007572100944
-0.006741534756
-0.005860501259
-0.004944451478
-0.00401121991
-0.003080692167
-0.002174332962
-0.001314575174
-0.0005240812406
0.0001750995475
0.0007624411272
0.00121986879
0.001532645742
0.001690152428
0.001686492848
0.001520869093
0.001197679804
0.0007263208522
0.000120692412
-0.0006015859535
-0.001420228911
-0.002313002326
-0.00325548017
-0.00423017701
-0.005259338101
-0.006225196081
-0.002779929277
-0.003568630702
-0.004317775366
-0.00492727015
-0.005454375798
-0.005918794282
-0.00633315524
-0.006710561498
-0.007062933118
-0.007400435777
-0.007731478695
-0.008062744959
-0.008399248347
-0.00874441876
-0.00910020097
-0.00946715638
-0.009844562368
-0.01023050677
-0.01062197716
-0.0110149461
-0.01140445476
-0.01178469786
-0.01214911338
-0.01249048057
-0.01280102991
-0.01307256829
-0.0132966225
-0.01346460372
-0.01356799484
-0.01359856194
-0.01354859085
-0.01341114993
-0.01318036302
-0.01285167155
-0.01242228587
-0.01189133739
-0.01126027451
-0.01053310207
-0.009716619573
-0.008820612113
-0.007857945785
-0.006844556093
-0.005799307568
-0.004743703867
-0.003701433338
-0.002697743514
-0.001758649568
-0.0009099962437
-0.0001764092499
0.000419810848
0.0008597838454
0.001129054564
0.00121842279
0.001124518505
0.0008500566376
0.0004037310445
-0.0002002608646
-0.0009430697087
-0.001802399365
-0.002753384247
-0.003768426465
-0.004827519844
-0.005954883636
-0.007018537231
-0.003907630566
-0.004704090099
-0.005461260377
-0.006078538729
-0.00661418075
-0.007088502729
-0.007514685599
-0.007906351768
-0.008275875227
-0.008633800565
-0.008988840393
-0.009347908179
-0.009716179579
-0.01009718296
-0.01049290264
-0.01090388376
-0.01132933285
-0.01176721143
-0.01221432224
-0.0126663895
-0.01311813581
-0.01356335896
-0.01399501268
-0.01440529538
-0.01478575096
-0.01512738583
-0.01542080578
-0.01565637626
-0.01582440884
-0.01591537588
-0.01592015546
-0.01583030897
-0.01563838031
-0.01533818519
-0.01492524957
-0.01439717118
-0.01375386658
-0.01299803576
-0.01213541542
-0.01117506486
-0.01012955301
-0.009015034707
-0.007851190615
-0.006661002217
-0.005470337835
-0.004307333767
-0.003201566728
-0.002183030101
-0.001280946397
-0.0005224703297
6.864149931e-05
0.0004733001879
0.0006781883114
0.0006765922104
0.0004688693185
6.248467956e-05
-0.0005284113781
-0.001283885387
-0.002179584431
-0.003187795974
-0.0042773902
-0.005425493929
-0.006658413764
-0.007828292953
-0.005154681494
-0.005955611247
-0.006717927108
-0.007340979748
-0.007883738586
-0.008367036064
-0.008804549897
-0.009210373857
-0.009597299791
-0.009976228309
-0.01035616415
-0.01074424993
-0.01114583049
-0.01156454699
-0.01200244327
-0.01246007251
-0.01293659774
-0.01342988338
-0.01393657716
-0.01445218414
-0.01497113541
-0.01548685546
-0.01599183231
-0.01647769516
-0.01693530424
-0.01735485743
-0.01772601829
-0.01803806956
-0.01828009601
-0.01844119962
-0.01851074971
-0.01847867224
-0.01833577325
-0.01807405892
-0.01768713671
-0.01717081987
-0.01652319486
-0.01574533825
-0.01484158098
-0.01381989967
-0.01269220997
-0.01147454878
-0.01018711666
-0.008854143578
-0.007503543279
-0.006166329051
-0.004875775109
-0.00366632554
-0.00257227575
-0.001626278563
-0.0008577561094
-0.0002913253379
5.46350617e-05
0.0001691403774
4.934997975e-05
-0.0002991883957
-0.0008628566689
-0.001620890063
-0.00254689826
-0.003610127882
-0.004775537281
-0.006016997871
-0.007363001018
-0.008647970743
-0.006520906209
-0.007323055381
-0.008087669916
-0.008714501718
-0.009262943252
-0.009754237706
-0.01020250029
-0.01062224599
-0.01102664898
-0.01142694565
-0.01183242579
-0.01225046535
-0.01268659173
-0.01314457985
-0.01362655988
-0.01413312427
-0.01466342691
-0.01521527128
-0.01578518696
-0.01636849611
-0.01695937283
-0.01755089967
-0.01813512572
-0.01870313162
-0.01924510653
-0.01975044254
-0.02020785144
-0.02060550901
-0.02093123144
-0.02117268783
-0.0213176524
-0.0213543014
-0.02127155636
-0.02105943749
-0.02070943749
-0.02021528755
-0.01957296732
-0.01878159065
-0.01784371308
-0.01676582991
-0.01555879051
-0.01423810409
-0.01282410751
-0.01134195
-0.009821348545
-0.00829607311
-0.006803130885
-0.005381636836
-0.004071382988
-0.002911151412
-0.001936852814
-0.00117960994
-0.0006639366866
-0.0004061832033
-0.0004134177579
-0.0006828905108
-0.001202175973
-0.001950071365
-0.002898262049
-0.00401280154
-0.005254346939
-0.006593085036
-0.008059769525
-0.009469070408
-0.008005278811
-0.008805490961
-0.009569636161
-0.01019828963
-0.01075096987
-0.01124921885
-0.01170752573
-0.01214077552
-0.01256249113
-0.01298422843
-0.01341556091
-0.01386410864
-0.01433560243
-0.01483397943
-0.01536149059
-0.01591880628
-0.0165051128
-0.0171181959
-0.01775451068
-0.01840923953
-0.01907634107
-0.01974859459
-0.02041764497
-0.02107405362
-0.0217073611
-0.02230616741
-0.02285823554
-0.0233506241
-0.0237698545
-0.02410211767
-0.02433352467
-0.02445040724
-0.02443967374
-0.02428919203
-0.02398817384
-0.02352797714
-0.02290221868
-0.02210767935
-0.0211447613
-0.02001805028
-0.01873686781
-0.01731571788
-0.01577460241
-0.01413915446
-0.01244053083
-0.01071500797
-0.009003232476
-0.00734909397
-0.005798214756
-0.004396087153
-0.003185934909
-0.002206424408
-0.001489398022
-0.001057836949
-0.0009242745192
-0.001089862332
-0.001544241265
-0.002266344245
-0.003226174841
-0.004386509979
-0.005703322506
-0.007142649505
-0.008737562094
-0.01028073835
-0.009605931153
-0.01040121053
-0.01116225038
-0.01179083297
-0.01234630359
-0.01285038521
-0.01331787374
-0.01376397335
-0.01420252546
-0.01464539511
-0.01510244556
-0.01558156042
-0.01608870355
-0.01662801182
-0.0172018999
-0.01781116287
-0.01845506848
-0.01913143488
-0.01983669298
-0.02056593484
-0.02131295136
-0.02207026386
-0.02282915484
-0.02357970377
-0.02431083423
-0.02501037856
-0.02566516641
-0.02626114358
-0.0267835274
-0.02721700443
-0.02754597607
-0.02775485854
-0.02782844547
-0.02775231318
-0.02751322587
-0.0270999019
-0.02650341067
-0.02571779358
-0.02474092246
-0.02357503075
-0.02222741527
-0.02071103979
-0.01904501837
-0.01725492593
-0.0153728662
-0.01343722471
-0.01149203765
-0.009585920689
-0.007770527217
-0.006098544948
-0.004621292884
-0.003386043059
-0.002433256079
-0.001793975065
-0.00148765599
-0.001520707253
-0.001885964089
-0.002563295238
-0.003521438365
-0.004719914669
-0.006109659208
-0.00765206802
-0.009382561865
-0.01106937498
-0.01132018053
-0.0121077679
-0.01286325934
-0.01348997503
-0.01404678993
-0.01455548523
-0.01503109348
-0.0154890891
-0.01594360741
-0.01640682051
-0.01688889754
-0.01739801587
-0.01794041313
-0.01852047392
-0.01914082947
-0.01980245521
-0.02050475726
-0.02124564328
-0.02202157636
-0.02282761323
-0.02365743018
-0.0245033412
-0.025356314
-0.02620599016
-0.02704071578
-0.02784758953
-0.0286125349
-0.02932040344
-0.02995511603
-0.03049984877
-0.03093727004
-0.03124983548
-0.03142015143
-0.03143139846
-0.03126776242
-0.03091508691
-0.03036170069
-0.02959857108
-0.0286206634
-0.0274274146
-0.02602358144
-0.02442001096
-0.02263430768
-0.02069134737
-0.01862355785
-0.01647087839
-0.01428030644
-0.01210494815
-0.01000251072
-0.008033213881
-0.006257157192
-0.004731254624
-0.003505933297
-0.002621874558
-0.002107136585
-0.001975015168
-0.002222963062
-0.002832862468
-0.003772826781
-0.004999291842
-0.00645786258
-0.008104792229
-0.009977863122
-0.01181819009
-0.01314457933
-0.01392203814
-0.01466980055
-0.015292986
-0.01584970895
-0.01636168178
-0.01684410185
-0.01731266883
-0.01778179577
-0.01826397113
-0.01876969917
-0.01930749513
-0.01988392477
-0.02050368122
-0.02116967661
-0.02188313225
-0.02264365792
-0.02344931472
-0.02429665987
-0.02518077442
-0.02609527712
-0.02703232904
-0.02798263482
-0.02893544684
-0.02987857924
-0.0307984388
-0.03168008001
-0.03250729145
-0.03326272123
-0.0339280486
-0.03448420914
-0.03491168081
-0.03519084225
-0.03530240708
-0.03522788071
-0.03495009977
-0.03445440553
-0.03372846088
-0.03276395699
-0.03155711424
-0.03010963807
-0.02842966288
-0.02653261378
-0.02444194376
-0.0221896614
-0.01981654555
-0.017371934
-0.01491297206
-0.01250322137
-0.01021056533
-0.008104408281
-0.006252252544
-0.004715843354
-0.003547184509
-0.002784824728
-0.002450866549
-0.002549136205
-0.003064938878
-0.003966691561
-0.005208120367
-0.006729310996
-0.008480885364
-0.0105029859
-0.01250670112
-0.0150749889
-0.01584030268
-0.01657849673
-0.01719666245
-0.01775187561
-0.0182656496
-0.01875327424
-0.01923063635
-0.0197124226
-0.02021146246
-0.02073864195
-0.02130287598
-0.02191112982
-0.02256848151
-0.02327820181
-0.02404183474
-0.02485926789
-0.0257287865
-0.02664710879
-0.02760940315
-0.02860929021
-0.0296388344
-0.03068853069
-0.03174729337
-0.03280245351
-0.0338397729
-0.03484348153
-0.0357963467
-0.03667978129
-0.03747399925
-0.03815822629
-0.03871097338
-0.03911038489
-0.0393346727
-0.03936258994
-0.03917392349
-0.03875076956
-0.03807739081
-0.037141823
-0.03593670377
-0.03446020761
-0.03271716838
-0.03072014138
-0.0284903766
-0.02605862009
-0.02346562887
-0.02076226581
-0.01800902949
-0.01527487726
-0.01263522694
-0.01016908076
-0.0079553089
-0.006068256203
-0.004572982742
-0.003520591783
-0.002944198982
-0.002856122379
-0.003246885821
-0.004086491372
-0.005326603094
-0.00690175557
-0.008756497542
-0.01093332928
-0.01311016995
-0.01710667953
-0.01785836213
-0.01858557908
-0.01919745577
-0.01974976868
-0.0202636999
-0.02075456109
-0.02123839863
-0.02173018551
-0.02224313776
-0.02278859222
-0.02337594795
-0.02401266241
-0.02470429374
-0.0254545651
-0.02626543264
-0.02713714553
-0.02806829046
-0.02905581752
-0.03009504743
-0.03117966256
-0.03230168633
-0.03345145662
-0.03461759996
-0.03578701357
-0.03694486283
-0.03807460187
-0.03915802524
-0.04017535868
-0.04110539739
-0.04192570009
-0.04261284727
-0.04314277512
-0.0434911997
-0.04363409944
-0.04354820716
-0.04321215133
-0.04260682281
-0.04171625639
-0.04052919991
-0.03903987267
-0.03724925779
-0.03516636311
-0.03280943298
-0.03020704004
-0.0273989363
-0.02443651383
-0.02138270064
-0.01831110632
-0.01530424432
-0.01245070604
-0.00984125606
-0.007563959568
-0.005698635128
-0.004311122739
-0.003448021498
-0.003132637446
-0.003362944559
-0.004112236794
-0.00533111347
-0.006948750632
-0.008903273785
-0.01123955821
-0.01359897374
-0.01923445905
-0.01997167963
-0.0206870424
-0.02129163264
-0.02183969054
-0.02235193427
-0.02284363109
-0.02333097515
-0.02382926179
-0.0243521666
-0.02491157578
-0.02551748572
-0.0261779651
-0.02689917035
-0.02768538946
-0.02853909472
-0.02946099073
-0.03045004925
-0.0315035261
-0.03261695945
-0.03378415135
-0.03499713656
-0.03624614431
-0.03751955968
-0.03880389171
-0.04008375589
-0.04134187898
-0.04255913401
-0.04371461392
-0.04478575217
-0.04574849916
-0.04657756311
-0.04724672624
-0.04772925265
-0.04799837571
-0.0480277987
-0.04779257463
-0.04727022139
-0.04644059512
-0.04528830018
-0.04380325218
-0.04198210082
-0.03982967746
-0.03736043668
-0.03459984179
-0.03158557504
-0.02836841247
-0.02501256547
-0.0215952611
-0.01820532562
-0.01494056552
-0.01190382444
-0.009197743661
-0.006918467001
-0.005148786167
-0.003951467578
-0.003363673641
-0.003393534442
-0.004019840113
-0.005193559227
-0.006839007764
-0.008887688699
-0.0113869188
-0.01393790584
-0.02145283247
-0.02217555828
-0.02287883607
-0.02347547113
-0.02401796097
-0.02452642921
-0.02501604147
-0.02550315061
-0.0260034421
-0.02653116073
-0.02709887831
-0.02771733806
-0.02839537156
-0.02913987925
-0.02995584846
-0.03084638765
-0.0318127615
-0.03285441614
-0.03396898843
-0.03515229718
-0.03639831737
-0.03769914091
-0.03904492926
-0.04042386436
-0.0418221052
-0.04322375741
-0.04461086413
-0.04596342592
-0.0472594583
-0.0484750952
-0.04958474747
-0.05056132518
-0.0513765339
-0.05200126171
-0.05240606274
-0.05256166212
-0.05243959556
-0.05201391305
-0.05126034499
-0.05015911705
-0.04869560106
-0.04686172912
-0.04465761216
-0.04209319363
-0.03918991718
-0.0359823017
-0.03251926219
-0.02886496292
-0.02509893943
-0.02131519193
-0.01761995516
-0.01412791176
-0.01095675918
-0.00822027432
-0.006020333888
-0.004438685954
-0.003529555374
-0.00331442893
-0.003780361404
-0.004880655152
-0.006535666249
-0.008670301348
-0.01133447661
-0.01408540255
-0.02375619674
-0.02446535742
-0.0251570961
-0.02574549715
-0.02628114821
-0.02678345371
-0.02726743572
-0.02774964943
-0.02824628133
-0.02877230305
-0.02934115684
-0.0299645276
-0.03065220136
-0.03141200117
-0.03224977339
-0.03316940054
-0.03417282276
-0.03526005455
-0.03642918859
-0.03767638276
-0.03899583033
-0.04037971603
-0.04181816284
-0.04329917583
-0.04480859002
-0.0463300301
-0.04784488972
-0.04933233858
-0.05076936558
-0.05213086645
-0.05338978489
-0.05451731607
-0.05548318213
-0.05625599564
-0.05680372664
-0.05709420518
-0.05709564522
-0.05677842942
-0.05611447887
-0.05507941871
-0.05365395467
-0.05182503779
-0.04958763178
-0.04694655346
-0.04391839584
-0.04053345422
-0.03683750277
-0.03289320409
-0.02878086366
-0.02459817759
-0.02045858811
-0.01648788678
-0.01281882428
-0.009583723855
-0.006905457129
-0.004887579531
-0.003604851487
-0.003095804249
-0.003359143706
-0.004353097267
-0.005995472273
-0.008204923002
-0.01103427146
-0.01399269063
-0.02613907555
-0.02683675451
-0.02751842527
-0.0280987677
-0.02862634229
-0.02911972208
-0.02959376894
-0.03006533022
-0.0305512626
-0.03106748501
-0.0316285566
-0.03224735517
-0.03293486076
-0.03370003607
-0.03454977461
-0.03548888966
-0.0365201224
-0.03764415248
-0.03885959978
-0.04016301153
-0.04154883288
-0.04300936271
-0.04453469901
-0.04611267958
-0.04772882512
-0.04936629236
-0.05100584503
-0.05262585078
-0.0542023124
-0.05570894152
-0.05711728377
-0.05839690414
-0.05951564185
-0.06043994898
-0.06113533173
-0.06156684979
-0.06169961535
-0.06150023266
-0.06093715302
-0.05998133332
-0.05860878883
-0.05680135434
-0.05454855977
-0.05184962262
-0.04871558508
-0.04517155746
-0.0412589349
-0.03703737949
-0.03258627112
-0.02800523566
-0.02341328198
-0.01894605473
-0.01475078211
-0.01097871529
-0.007775245209
-0.005268416637
-0.003557152933
-0.002701160502
-0.002714832303
-0.003564631127
-0.005167858459
-0.007437688942
-0.01043038073
-0.01360284929
-0.02859640264
-0.02928606246
-0.02996023201
-0.03053320979
-0.03105147701
-0.03153268584
-0.03199156125
-0.03244539785
-0.03291196999
-0.03340844598
-0.03395082622
-0.03455350147
-0.03522894242
-0.03598751234
-0.03683737088
-0.03778443767
-0.03883238893
-0.03998266584
-0.04123447962
-0.04258480446
-0.04402835447
-0.04555754504
-0.04716244205
-0.04883070448
-0.05054752719
-0.05229559146
-0.05405503123
-0.05580342313
-0.05751580849
-0.05916475561
-0.06072047084
-0.06215096727
-0.06342229991
-0.06449887952
-0.06534388492
-0.06591975884
-0.06618869629
-0.06611360566
-0.06565971173
-0.06479342225
-0.0634861158
-0.06171451031
-0.05946256975
-0.05672360855
-0.0535025921
-0.04981864511
-0.04570766686
-0.04122486928
-0.03644695124
-0.03147349987
-0.0264270855
-0.02145143021
-0.0167070335
-0.01236380208
-0.008590613945
-0.005542355245
-0.003345735986
-0.002086121461
-0.001798275962
-0.002461007198
-0.003993913777
-0.00630602281
-0.009457879905
-0.01284977696
-0.03112386569
-0.03181061693
-0.03248114245
-0.03304802796
-0.03355570985
-0.03402086946
-0.03445818005
-0.03488563027
-0.03532226443
-0.03578690774
-0.03629742332
-0.0368701182
-0.03751931655
-0.03825709174
-0.03909312056
-0.04003462173
-0.0410863453
-0.04225058517
-0.0435271952
-0.04491359583
-0.04640476512
-0.04799321283
-0.04966894006
-0.05141938947
-0.05322939292
-0.0550811239
-0.05695406301
-0.05882498449
-0.06066797215
-0.06245447286
-0.06415339585
-0.06573126665
-0.06715244415
-0.06837941104
-0.06937315705
-0.07009366278
-0.07050037743
-0.07055280243
-0.07021288256
-0.06944300543
-0.06820989856
-0.0664853035
-0.06424764568
-0.06148421442
-0.05819357548
-0.05438827873
-0.05009780676
-0.04537161804
-0.040282029
-0.03492653401
-0.02942899434
-0.02393897049
-0.01862838673
-0.01368478967
-0.009300792696
-0.005659938926
-0.002920144034
-0.001197127055
-0.000551311315
-0.0009788162261
-0.002405231282
-0.00473747777
-0.008041684179
-0.01165704869
-0.03371832963
-0.03440925493
-0.03508150738
-0.03564419833
-0.03613987273
-0.03658425722
-0.03699215285
-0.03738261722
-0.03777645668
-0.0381946959
-0.03865760207
-0.03918390027
-0.03979020591
-0.04049066364
-0.04129674899
-0.04221718543
-0.04325793403
-0.04442222029
-0.04571057166
-0.04712084853
-0.04864825903
-0.05028535467
-0.05202200801
-0.05384537724
-0.0557398642
-0.05768707364
-0.05966578186
-0.06165192335
-0.0636186037
-0.06553614685
-0.06737218518
-0.06909180072
-0.07065772589
-0.072030613
-0.07316938935
-0.07403171579
-0.07457445928
-0.07475414801
-0.07452916798
-0.073858628
-0.07270463729
-0.0710341982
-0.06882036249
-0.06604444763
-0.06269851014
-0.05878817904
-0.05433585437
-0.04938417402
-0.04399954299
-0.03827536136
-0.03233438381
-0.02632941743
-0.02044137494
-0.01487364734
-0.009841979769
-0.005559642611
-0.002218735724
2.995847406e-05
0.001094564761
0.0009558032825
-0.0003226169019
-0.002648431837
-0.006095246827
-0.009936641634
-0.03637836781
-0.03708291653
-0.03776403491
-0.03832507517
-0.03880701188
-0.03922474115
-0.03959351318
-0.03993400783
-0.04026947068
-0.04062383979
-0.04102047349
-0.04148113088
-0.04202523791
-0.04266942319
-0.04342726813
-0.04430921118
-0.04532255046
-0.04647149919
-0.04775725924
-0.04917808988
-0.05072935863
-0.05240356877
-0.05419036398
-0.05607651452
-0.05804589165
-0.0600794386
-0.06215514638
-0.06424804382
-0.06633021019
-0.06837081875
-0.07033621957
-0.07219007014
-0.07389352178
-0.07540547042
-0.07668288588
-0.07768123975
-0.0783549785
-0.07865795311
-0.0785450119
-0.07797243451
-0.07689793789
-0.07528407708
-0.07309880078
-0.0703176608
-0.06692629727
-0.06292332336
-0.05832368082
-0.05316242571
-0.04749880348
-0.04142031493
-0.03504624959
-0.02852987714
-0.02205818982
-0.01584788112
-0.01013629454
-0.005166565944
-0.001167263429
0.001671289372
0.003219625937
0.003428595176
0.002345364325
5.739556408e-05
-0.003519077926
-0.007587493878
-0.0391049438
-0.03983541605
-0.04053459342
-0.04109714611
-0.0415630421
-0.04194664415
-0.04226418404
-0.04253876413
-0.04279698989
-0.04306664178
-0.04337503009
-0.04374769218
-0.04420746835
-0.04477392988
-0.04546308618
-0.04628729203
-0.04725528297
-0.04837227941
-0.04964011543
-0.05105736244
-0.05261943057
-0.05431864024
-0.0561442636
-0.05808253995
-0.06011667285
-0.0622268174
-0.06439006671
-0.06658044822
-0.06876893841
-0.07092350422
-0.07300918045
-0.07498819116
-0.07682012344
-0.07846216158
-0.07986939314
-0.08099520726
-0.08179176909
-0.08221044275
-0.08220270724
-0.08172232146
-0.0807229016
-0.0791628629
-0.07700539944
-0.0742206213
-0.07078801555
-0.06669931711
-0.06196192814
-0.05660290581
-0.05067345133
-0.04425368931
-0.03745729942
-0.03043523503
-0.0233773677
-0.01651051978
-0.01009117056
-0.004391392317
0.0003224357654
0.00381648676
0.005917437255
0.006538766424
0.005704038258
0.003490654669
-0.0001990281223
-0.004493842698
-0.04190230825
-0.04267445101
-0.04340324899
-0.04397098738
-0.04441755029
-0.04475733712
-0.04500840458
-0.04519741737
-0.04535557884
-0.04551570657
-0.04571012605
-0.04596903534
-0.04631937335
-0.04678414566
-0.04738210822
-0.0481277044
-0.04903116164
-0.05009867202
-0.05133260073
-0.0527316857
-0.05429120661
-0.05600311405
-0.05785611825
-0.05983574153
-0.06192434395
-0.0641011312
-0.06634215426
-0.06862031407
-0.07090537985
-0.07316402935
-0.07535992148
-0.07745380952
-0.07940370314
-0.08116508747
-0.08269120858
-0.08393344501
-0.08484177348
-0.08536519534
-0.08545219546
-0.08505376211
-0.08412018721
-0.08260584271
-0.08046955985
-0.07767640605
-0.0742000997
-0.07002582303
-0.06515362262
-0.05960248288
-0.0534150815
-0.04666311621
-0.03945288573
-0.03193046473
-0.02428534363
-0.01675086457
-0.00959934795
-0.003129753493
0.002353532789
0.006570032079
0.009296447387
0.01040073666
0.009874516808
0.007778376148
0.00399574581
-0.0005232593961
-0.04477920699
-0.04561294912
-0.04638562894
-0.04696249051
-0.04738479536
-0.04766797488
-0.04783320756
-0.04791232359
-0.04794277079
-0.04796392077
-0.04801440537
-0.04813010552
-0.04834280858
-0.04867945432
-0.04916183155
-0.04980658609
-0.05062541918
-0.05162538058
-0.05280918764
-0.05417552544
-0.05571930294
-0.05743185401
-0.05930108432
-0.06131156781
-0.06344460604
-0.06567826008
-0.06798736444
-0.07034354104
-0.07271522181
-0.07506768742
-0.07736313485
-0.0795607824
-0.0816170201
-0.08348561403
-0.08511797346
-0.08646349747
-0.08747001839
-0.08808424176
-0.08825210122
-0.08792131037
-0.08703967266
-0.08555757799
-0.08342986108
-0.0806169571
-0.07708725791
-0.07281984148
-0.06780778836
-0.06206223558
-0.05561725424
-0.0485355364
-0.04091471963
-0.0328938483
-0.02465896436
-0.01644614935
-0.008539637763
-0.001262165754
0.00504495141
0.01005252425
0.01348162549
0.01514608117
0.01499590837
0.01306638834
0.009215259282
0.004475746223
-0.04775054527
-0.0486709004
-0.04950474338
-0.05009445964
-0.05048496775
-0.05069438219
-0.05074895559
-0.05068791248
-0.05055711001
-0.05040437122
-0.05027616986
-0.05021521849
-0.0502589368
-0.0504386667
-0.05077944161
-0.05130012576
-0.05201376879
-0.0529280576
-0.05404578269
-0.05536526727
-0.05688073119
-0.05858257828
-0.06045761166
-0.06248917932
-0.06465727099
-0.06693857644
-0.06930651015
-0.07173123715
-0.07417970276
-0.07661566398
-0.0789997491
-0.08128955478
-0.08343978393
-0.08540243492
-0.08712705109
-0.08856104437
-0.0896501128
-0.0903386939
-0.09057032223
-0.09028942237
-0.08944155006
-0.08797329831
-0.08583578797
-0.08298518711
-0.07938500014
-0.07500869471
-0.06984289309
-0.06389132701
-0.05717971406
-0.04976161621
-0.04172527017
-0.03320108932
-0.02436902833
-0.01546425519
-0.006778650649
0.001345261304
0.008531594012
0.01440168743
0.01861610087
0.02092569859
0.02122794328
0.01952229771
0.01563181103
0.0106767462
-0.05083972628
-0.0518778917
-0.05279345348
-0.05339871628
-0.05374579022
-0.05385812629
-0.05376994142
-0.05353091804
-0.05319813148
-0.05283018649
-0.05248317666
-0.05220788449
-0.05204812463
-0.05204001577
-0.05221191434
-0.05258476901
-0.05317270263
-0.05398367898
-0.05502015879
-0.05627968836
-0.05775539251
-0.05943636012
-0.06130793659
-0.06335191672
-0.06554668873
-0.06786732103
-0.07028557425
-0.0727699561
-0.07528577061
-0.0777951172
-0.08025693557
-0.08262709871
-0.08485853674
-0.08690140965
-0.08870333848
-0.09020970712
-0.09136405468
-0.09210853782
-0.0923843122
-0.09213257109
-0.09129667274
-0.08981952398
-0.08764870218
-0.08473638943
-0.08104157705
-0.07653255992
-0.07118999392
-0.06501075007
-0.05801268838
-0.05024048762
-0.04177275567
-0.03273028591
-0.0232849068
-0.01366762799
-0.004173711672
0.004839090997
0.01296381739
0.01977296463
0.02486273495
0.02791223786
0.02875415277
0.02733926277
0.02344401237
0.01827933853
-0.05408199737
-0.05527666632
-0.05629785708
-0.05691889767
-0.05720456275
-0.05718781339
-0.05691504799
-0.05645056617
-0.055866248
-0.05523427557
-0.0546223472
-0.05409056958
-0.05368980497
-0.05346114192
-0.05343612585
-0.05363744101
-0.05407980782
-0.05477093038
-0.05571238815
-0.05690041459
-0.05832653664
-0.05997806378
-0.06183847248
-0.06388761948
-0.06610197537
-0.0684547506
-0.07091585762
-0.07345198213
-0.07602657604
-0.07859988653
-0.08112902279
-0.08356801627
-0.08586792047
-0.08797696336
-0.08984075778
-0.09140258034
-0.09260373869
-0.09338403215
-0.09368216058
-0.09343620031
-0.09258695872
-0.09107413752
-0.08884201017
-0.08583879495
-0.08201904023
-0.07734614582
-0.07179518005
-0.06535664867
-0.05804108527
-0.04988470877
-0.04095667906
-0.03136776743
-0.02128032074
-0.01091856872
-0.0005772277504
0.009375473919
0.01850583577
0.02633944695
0.03240549947
0.03630281076
0.03778578827
0.03674089653
0.03288216609
0.02751447866
-0.05752931957
-0.05892819244
-0.06008198051
-0.06071419799
-0.06091077188
-0.06072063529
-0.06020843869
-0.05945866535
-0.05856248771
-0.0576089149
-0.05667935049
-0.0558443681
-0.0551622866
-0.0546790539
-0.0544289565
-0.05443577133
-0.05471408336
-0.05527058583
-0.05610525286
-0.0572123309
-0.05858114176
-0.06019666118
-0.06204007174
-0.06408899243
-0.06631765745
-0.06869704021
-0.0711948704
-0.07377575596
-0.07640117772
-0.07902945205
-0.08161575222
-0.08411216468
-0.0864677726
-0.08862878604
-0.0905387288
-0.09213869281
-0.09336767852
-0.0941630381
-0.09446091011
-0.09419651595
-0.09330740021
-0.09173018535
-0.08940517509
-0.08627687912
-0.08229560918
-0.07742033893
-0.07162137499
-0.06488291026
-0.05720808937
-0.0486250312
-0.03919371483
-0.02901479251
-0.01824040478
-0.007086133167
0.004157149189
0.0151152769
0.02533259081
0.03429074729
0.04145042977
0.04632197995
0.04856672148
0.04798778303
0.04421565227
0.03865192678
-0.06125757493
-0.06291897342
-0.06423433311
-0.06486437636
-0.06492938813
-0.06450415344
-0.06368019122
-0.06256948714
-0.06128797101
-0.059945088
-0.05863798352
-0.05744852515
-0.05644246129
-0.05567002276
-0.05516734891
-0.05495828123
-0.05505621745
-0.05546583686
-0.05618458638
-0.05720389473
-0.05851021857
-0.06008568583
-0.0619086408
-0.06395391047
-0.06619308515
-0.06859471225
-0.07112422714
-0.07374400696
-0.07641335784
-0.07908849078
-0.08172251949
-0.08426548287
-0.08666440105
-0.08886337798
-0.09080376067
-0.09242436577
-0.0936617904
-0.09445082765
-0.09472491544
-0.09441644549
-0.09345926778
-0.09178726403
-0.08933667263
-0.08604800721
-0.08186720725
-0.07674803578
-0.07065491936
-0.06356615796
-0.05547919364
-0.04641493019
-0.03642346354
-0.0255947292
-0.01407004636
-0.002054936439
0.01016608534
0.02221682663
0.03362442567
0.04383020382
0.05222573108
0.05822491705
0.06137961165
0.06138630397
0.05776332993
0.05201097565
-0.06537743016
-0.06737172634
-0.06887711808
-0.06947643118
-0.06934493699
-0.06859820944
-0.06736666989
-0.06579920727
-0.06404291155
-0.06223139222
-0.0604791948
-0.05887968151
-0.05750529999
-0.05640931283
-0.0556282327
-0.05518445131
-0.05508874707
-0.05534249502
-0.05593947824
-0.05686741557
-0.05810909998
-0.05964308285
-0.06144430145
-0.06348449993
-0.06573237778
-0.0681537214
-0.07071141278
-0.0733654207
-0.07607275683
-0.07878742735
-0.0814603984
-0.084039585
-0.08646987499
-0.08869319945
-0.09064865976
-0.09227272215
-0.09349949513
-0.09426111096
-0.09448817102
-0.09411008253
-0.09305690262
-0.09125939758
-0.0886494997
-0.08516343358
-0.08074242033
-0.07533504551
-0.06889997399
-0.06140913286
-0.05285185004
-0.04324007691
-0.03261603227
-0.02106079011
-0.00870308251
0.004264147863
0.0175653335
0.03082542502
0.04355858479
0.05516944622
0.06498028163
0.07230041247
0.07655363609
0.07730076549
0.07390852361
0.0679763661
-0.07005105239
-0.07246118156
-0.0741792153
-0.07469338166
-0.07426629241
-0.07307663276
-0.07131019562
-0.06916445795
-0.06682473529
-0.06445216617
-0.06217946188
-0.06011059941
-0.05832293328
-0.05687057236
-0.05578815881
-0.05509452799
-0.0547959658
-0.05488893917
-0.0553622534
-0.05619885878
-0.05737699468
-0.05887097161
-0.06065188977
-0.06268794379
-0.06494460273
-0.06738468581
-0.069968347
-0.07265301866
-0.0753933278
-0.07814100843
-0.08084482728
-0.08345053463
-0.08590085125
-0.08813550185
-0.09009130544
-0.09170233303
-0.09290014678
-0.0936141413
-0.09377196964
-0.09329989887
-0.09212410709
-0.09017185568
-0.08737048786
-0.08365152665
-0.07895094449
-0.0732114783
-0.06638526256
-0.05843693973
-0.0493476342
-0.03912001614
-0.02778494275
-0.01541021724
-0.002114164161
0.01192158608
0.02643563897
0.04105873278
0.05529612319
0.06851879866
0.07997920924
0.08887298525
0.09447396857
0.09617017618
0.09312102879
0.08702256761
-0.07551844986
-0.07843776856
-0.08037445911
-0.08070551622
-0.07983178728
-0.0780279628
-0.07555712349
-0.07267914529
-0.06962457912
-0.06658422046
-0.06370801568
-0.06110795309
-0.05886297212
-0.0570245972
-0.05562240195
-0.05466886248
-0.05416341687
-0.05409566997
-0.05444804728
-0.05519754819
-0.05631690405
-0.05777557246
-0.05954028593
-0.06157533854
-0.06384271476
-0.06630209915
-0.06891080333
-0.07162365136
-0.07439284445
-0.07716782505
-0.07989515675
-0.08251843152
-0.0849782148
-0.08721203793
-0.08915444748
-0.09073712145
-0.09188906483
-0.09253690383
-0.09260527647
-0.09201718836
-0.09069489294
-0.08856176625
-0.0855402782
-0.08155677559
-0.07654135468
-0.07043006555
-0.06316744034
-0.05470946299
-0.04502735547
-0.03411244694
-0.02198263422
-0.008691127109
0.005661341667
0.02091069406
0.03680514031
0.05298764281
0.06896261548
0.08407119324
0.09749425529
0.1083024731
0.1155927296
0.118531322
0.1159898389
0.1097517759
-0.08214014846
-0.08566360399
-0.08778716326
-0.08776405105
-0.08621342253
-0.08355350317
-0.08015261412
-0.07634799744
-0.07242088528
-0.06859113582
-0.06502209058
-0.06182853844
-0.05908556078
-0.05683705959
-0.05510318902
-0.05388647508
-0.053176598
-0.05295430833
-0.05319398098
-0.05386529221
-0.05493466797
-0.05636607387
-0.05812145444
-0.0601609317
-0.0624428355
-0.0649236214
-0.06755771807
-0.07029734012
-0.07309228905
-0.07588976064
-0.07863417299
-0.08126702584
-0.08372680024
-0.08594890672
-0.08786569044
-0.08940650176
-0.09049784337
-0.09106361044
-0.09102542974
-0.09030299165
-0.08881464824
-0.08647955755
-0.08321508753
-0.07894193878
-0.07358366373
-0.06706868391
-0.0593326389
-0.05032111951
-0.03999316395
-0.02832582482
-0.01532033459
-0.001010662634
0.01452431776
0.03114384948
0.04862094074
0.06661073654
0.08462149435
0.1019765328
0.1177850503
0.1309778322
0.1404400687
0.1450500844
0.1432725853
0.1369551919
-0.09046855365
-0.09466788824
-0.09686706375
-0.09619592612
-0.09361722469
-0.08975931801
-0.08512894085
-0.08015418988
-0.07516799193
-0.07041353047
-0.06605901499
-0.06221303515
-0.05893851509
-0.0562646911
-0.05419664656
-0.05272249955
-0.05181916463
-0.05145607078
-0.05159757776
-0.05220498419
-0.05323762325
-0.05465345529
-0.0564093378
-0.05846106467
-0.06076325413
-0.06326914449
-0.06593033904
-0.06869653142
-0.07151523235
-0.07433151317
-0.07708777765
-0.07972357053
-0.08217542982
-0.08437678921
-0.08625793704
-0.08774603882
-0.08876523178
-0.08923680506
-0.08907947297
-0.08820965723
-0.08654192112
-0.08399097908
-0.08046899327
-0.07589062935
-0.07017227888
-0.06323379002
-0.05500052023
-0.04540569337
-0.03439344301
-0.02192286558
-0.007973622793
0.007446015875
0.02428727836
0.04244326807
0.06172278247
0.08181342681
0.1022363858
0.1223032648
0.1410653098
0.1572990425
0.1696321344
0.1765635726
0.1759722452
0.1697160033
-0.101370953
-0.1062329016
-0.108235073
-0.1064154354
-0.1022733012
-0.0967356952
-0.09048181548
-0.08403677077
-0.07777661541
-0.07195315135
-0.06672370068
-0.06217634378
-0.05834983975
-0.05524947967
-0.05285824899
-0.05114505417
-0.05007023781
-0.04958913761
-0.04965466083
-0.05021871355
-0.0512329272
-0.05264894805
-0.05441843556
-0.0564928724
-0.05882326414
-0.06135978199
-0.06405138433
-0.06684544166
-0.06968738129
-0.07252036262
-0.07528499073
-0.0779190736
-0.08035742725
-0.08253173281
-0.08437044946
-0.0857987881
-0.08673875131
-0.08710924933
-0.08682629669
-0.08580322091
-0.08395101494
-0.08117989143
-0.07739689236
-0.07251042406
-0.06642926161
-0.05906388127
-0.05032806359
-0.04014068701
-0.02842807369
-0.01512720261
-0.0001903259856
0.01640806145
0.03466031109
0.05450832618
0.07581622948
0.09832869281
0.1216118495
0.1449820125
0.1674467151
0.1876364983
0.2038673924
0.2141317013
0.2154526599
0.2095835645
-0.1162470648
-0.1215273162
-0.1227368226
-0.1189209462
-0.1124021352
-0.1045122664
-0.09612574719
-0.08785169717
-0.08008230487
-0.07304841419
-0.06687009119
-0.06159363165
-0.05721747174
-0.05371132373
-0.05102803754
-0.04911120486
-0.04790078784
-0.04733601349
-0.04735704403
-0.04790571496
-0.04892570349
-0.05036235234
-0.05216229062
-0.05427294714
-0.05664201906
-0.05921693532
-0.06194433922
-0.06476960503
-0.06763639724
-0.07048627721
-0.07325836
-0.07588902268
-0.0783116653
-0.08045652546
-0.08225054782
-0.08361731054
-0.08447701109
-0.08474651661
-0.08433947827
-0.08316644862
-0.08113518824
-0.07815157294
-0.07411784519
-0.0689361742
-0.062507544
-0.05473257922
-0.04551252652
-0.03475026508
-0.02235164636
-0.00822742984
0.00770370034
0.02551010614
0.04523847646
0.06689856029
0.09043671718
0.1156916473
0.1423242366
0.169715944
0.1968523405
0.2222499929
0.2438875671
0.2590779067
0.2635902281
0.2588509129
-0.1374354021
-0.1423139958
-0.1414867524
-0.1342472247
-0.1241297166
-0.1129680175
-0.1018147355
-0.09130828
-0.08179735673
-0.07343915343
-0.06627629037
-0.0602837612
-0.05539896978
-0.0515418965
-0.04862548797
-0.04656298202
-0.04527106845
-0.0446713319
-0.04469059486
-0.04526061127
-0.04631742081
-0.04780054702
-0.04965214632
-0.05181616943
-0.05423756848
-0.0568615665
-0.05963299589
-0.0624957071
-0.06539204611
-0.06826239774
-0.07104479167
-0.0736745682
-0.07608410107
-0.07820257538
-0.07995581892
-0.08126618583
-0.08205249172
-0.08223000068
-0.08171045753
-0.08040210499
-0.0782099404
-0.07503593429
-0.07077809675
-0.06533270139
-0.05859316363
-0.05045027389
-0.04079239686
-0.02950548229
-0.01647307159
-0.001576455946
0.0153046679
0.03429027003
0.05549522949
0.07901878354
0.1049228275
0.1331901504
0.1636492541
0.1958485802
0.2288698308
0.2611386348
0.2903597538
0.3129976511
0.3230144444
0.3210678077
-0.1690441753
-0.1712825085
-0.1658583293
-0.1528143297
-0.1373039227
-0.1216642583
-0.1070095001
-0.09387120536
-0.08244228043
-0.07272351404
-0.06462017401
-0.05799716167
-0.05270508284
-0.04859977792
-0.04554730484
-0.04342669894
-0.04213001883
-0.04156120187
-0.04163444795
-0.04227247815
-0.04340484892
-0.04496640426
-0.04689589436
-0.04913476139
-0.05162608156
-0.0543136473
-0.05714117308
-0.06005160954
-0.0629865525
-0.06588573557
-0.06868659716
-0.07132391416
-0.07372949643
-0.0758319368
-0.0775564123
-0.07882453256
-0.079554231
-0.07965969486
-0.07905132151
-0.07763563576
-0.07531548016
-0.07198963937
-0.06755267166
-0.06189566704
-0.05490518768
-0.046462864
-0.03644470542
-0.02471995184
-0.01114947607
0.004416296736
0.02213986993
0.04219915231
0.06478884478
0.09011824976
0.1184002772
0.1498214938
0.1844750993
0.2222269409
0.2624727815
0.3037794335
0.3436449806
0.3777584141
0.3976900914
0.4023662131
-0.2184556366
-0.2124912002
-0.1973354008
-0.1745996681
-0.1511645182
-0.1295771371
-0.1106862694
-0.09464426533
-0.08128839953
-0.07033647125
-0.06147629659
-0.05441802679
-0.04890528402
-0.04471932006
-0.04167573428
-0.03961961808
-0.03842037065
-0.03796690378
-0.03816351115
-0.0389264209
-0.04018096115
-0.04185924313
-0.04389826732
-0.04623836933
-0.04882193689
-0.05159234363
-0.054493057
-0.0574668876
-0.06045535504
-0.06339815096
-0.06623268464
-0.06889369984
-0.07131295386
-0.07341895128
-0.07513672582
-0.07638766358
-0.07708936064
-0.07715550674
-0.07649577742
-0.0750156583
-0.07261656794
-0.06919510792
-0.06464329989
-0.05884814454
-0.05169060776
-0.04304459059
-0.03277534885
-0.02073714674
-0.006769939161
0.009305216711
0.02769234188
0.048628536
0.07239366893
0.09932064589
0.1298027382
0.1642892333
0.2032500299
0.2470691975
0.2957943066
0.3486630587
0.403430765
0.4552392488
0.4931750161
0.5131728647
-0.2978547507
-0.2713169019
-0.2367314077
-0.1983383979
-0.1637247927
-0.1347138205
-0.1111558291
-0.09232054764
-0.07737458991
-0.0655885722
-0.05636120451
-0.04921441142
-0.0437740702
-0.0397485454
-0.03690906496
-0.03507416548
-0.03409773563
-0.03385994644
-0.03426044634
-0.03521325908
-0.03664293287
-0.0384816043
-0.04066673195
-0.04313932175
-0.04584251657
-0.0487204589
-0.05171736149
-0.05477673911
-0.0578407677
-0.06084974651
-0.06374164506
-0.0664517215
-0.06891220158
-0.07105200969
-0.07279654368
-0.07406748541
-0.07478263771
-0.07485577683
-0.07419649593
-0.07270994933
-0.07029690755
-0.06685301765
-0.06226871457
-0.05642833668
-0.04920901118
-0.04047908194
-0.03009577561
-0.01790179819
-0.003720438861
0.01265142547
0.03145325662
0.05297481031
0.07757546502
0.1057102733
0.1379632225
0.1750849184
0.2180223921
0.267904045
0.3258916508
0.3927441546
0.4677477395
0.5458858607
0.6135805639
0.6642956018
-0.4322096192
-0.353529362
-0.2802555167
-0.2185416183
-0.1700309061
-0.1332415368
-0.1057200379
-0.08508133423
-0.06950672786
-0.05771448657
-0.04879077636
-0.04208185685
-0.03712000755
-0.03356610433
-0.03116899971
-0.02973840488
-0.02912647036
-0.02921509316
-0.02990714599
-0.03112034858
-0.03278290458
-0.03483033276
-0.03720311651
-0.03984492095
-0.04270120972
-0.04571814903
-0.04884172267
-0.05201700576
-0.05518756131
-0.05829493406
-0.0612782238
-0.06407372467
-0.06661462012
-0.06883072503
-0.07064826662
-0.07198969565
-0.07277351758
-0.07291413001
-0.07232163259
-0.07090159986
-0.06855498715
-0.06517754024
-0.06065923458
-0.05488341905
-0.04772553186
-0.03905118485
-0.02871335941
-0.01654830893
-0.002369579686
0.01404072543
0.03294476091
0.05466783655
0.07962644946
0.1083700211
0.1416429062
0.1804751152
0.2263090605
0.2811567121
0.3477423242
0.4294706672
0.5293813688
0.6453617575
0.7633932721
0.875258815
-0.7304934282
-0.4694166096
-0.3095352288
-0.2190262803
-0.1585612748
-0.1172717107
-0.08927845559
-0.06970982098
-0.05562859566
-0.04535995046
-0.03783383982
-0.03234283045
-0.02841880528
-0.02574244369
-0.02408693718
-0.02328531391
-0.02321011059
-0.0237602301
-0.02485240795
-0.02641555883
-0.02838690969
-0.03070927279
-0.03332906383
-0.03619481538
-0.03925602736
-0.0424622534
-0.04576235734
-0.04910389681
-0.05243260489
-0.05569195025
-0.05882276213
-0.06176291008
-0.0644470307
-0.06680629462
-0.06876820691
-0.0702564333
-0.07119064244
-0.07148634907
-0.0710547146
-0.06980247447
-0.06763163309
-0.06443889658
-0.06011515306
-0.05454463055
-0.04760358171
-0.03915833956
-0.02906247077
-0.01715259842
-0.00324225874
0.01288718457
0.03150011554
0.05292724467
0.07759738403
0.1060875759
0.1392040224
0.1781156212
0.2245777224
0.2813098391
0.3526355062
0.4454710649
0.5699959024
0.7388548113
0.9742512968
1.301477024
-1.424917081
-0.6454776408
-0.3290777114
-0.2093458129
-0.1365313291
-0.09170894768
-0.06550190006
-0.04902926875
-0.03793417044
-0.03025820442
-0.02488159529
-0.02113053962
-0.01860726811
-0.01706351248
-0.01633187949
-0.01629237716
-0.01685379496
-0.01794267222
-0.01949677865
-0.02146112344
-0.02378536137
-0.0264220134
-0.02932518205
-0.03244957517
-0.03574973007
-0.03917937434
-0.04269088532
-0.04623482461
-0.04975953302
-0.05321077658
-0.05653143716
-0.05966124332
-0.06253653738
-0.06509007519
-0.0672508542
-0.0689439642
-0.07009045257
-0.0706071911
-0.07040676388
-0.06939732305
-0.06748228313
-0.06455995269
-0.06052304921
-0.05525793884
-0.04864347288
-0.04054926446
-0.03083315507
-0.01933749142
-0.005883641711
0.009736141398
0.02777096579
0.04853012413
0.07241289249
0.09995749336
0.1319252025
0.1694520698
0.2143362523
0.2696097457
0.3407454381
0.4382099896
0.5817940369
0.8108700113
1.250205703
2.170670056
)
;

boundaryField
{
    movingWall
    {
        type            zeroGradient;
    }
    fixedWalls
    {
        type            zeroGradient;
    }
    frontAndBack
    {
        type            empty;
    }
}


// ************************************************************************* //
