/*--------------------------------*- C++ -*----------------------------------*\
  =========                 |
  \\      /  F ield         | OpenFOAM: The Open Source CFD Toolbox
   \\    /   O peration     | Website:  https://openfoam.org
    \\  /    A nd           | Version:  11
     \\/     M anipulation  |
\*---------------------------------------------------------------------------*/
FoamFile
{
    format      ascii;
    class       volScalarField;
    location    "100";
    object      p;
}
// * * * * * * * * * * * * * * * * * * * * * * * * * * * * * * * * * * * * * //

dimensions      [0 2 -2 0 0 0 0];

internalField   nonuniform List<scalar> 
4096
(
-3.394315248e-06
-4.002822324e-05
-0.000117423477
-0.0002259646272
-0.0003487431658
-0.0004727059578
-0.0005880519157
-0.0006874752126
-0.0007656917513
-0.0008190116359
-0.0008449736729
-0.0008420524127
-0.0008094277946
-0.0007468067356
-0.0006542847784
-0.0005322418372
-0.0003812630671
-0.0002020824981
4.457670599e-06
0.0002374323725
0.0004958496541
0.0007786563512
0.001084738928
0.001412917676
0.001761939317
0.002130465616
0.002517062713
0.002920188377
0.00333818163
0.003769251647
0.00421147022
0.004662764478
0.005120914023
0.005583549213
0.006048153947
0.006512069259
0.006972504026
0.007426549818
0.007871202349
0.008303386358
0.008719987374
0.009117887033
0.009494005055
0.009845344576
0.01016904356
0.01046242901
0.0107230764
0.0109488712
0.01113807463
0.01128939135
0.01140204114
0.01147583369
0.01151124973
0.01150952993
0.01147277772
0.0114040816
0.01130766832
0.01118909855
0.01105551778
0.01091594995
0.01078160691
0.01066648187
0.01058809494
0.01055658609
2.662240317e-05
-7.404298372e-06
-7.383013719e-05
-0.000164506186
-0.0002666169504
-0.000369623898
-0.0004652597868
-0.0005471122144
-0.0006103394315
-0.0006514045522
-0.0006678233084
-0.0006579440533
-0.0006207656319
-0.0005557888498
-0.000462898793
-0.0003422717555
-0.0001943047753
-1.956199299e-05
0.0001812629396
0.000407373516
0.0006578858996
0.000931837919
0.00122819063
0.001545826658
0.001883543882
0.002240048365
0.002613944699
0.003003727409
0.003407771307
0.003824324253
0.004251500004
0.00468727446
0.005129482886
0.0055758217
0.006023851348
0.006471002413
0.006914585894
0.007351810739
0.007779804269
0.008195638693
0.008596361299
0.008979030667
0.009340756435
0.009678744611
0.009990346008
0.01027310939
0.01052483699
0.01074364373
0.01092801797
0.01107688522
0.01118967318
0.01126637982
0.01130764438
0.01131482379
0.01129007632
0.01123645676
0.01115802679
0.01105998536
0.01094881554
0.01083242852
0.01072031976
0.01062389718
0.01055639012
0.01052505731
0.0001030859804
5.856923568e-05
-8.105328848e-06
-8.955733522e-05
-0.0001778805994
-0.0002653329726
-0.0003453651929
-0.0004126721925
-0.0004630684091
-0.0004933598712
-0.0005011990143
-0.0004849388099
-0.000443500653
-0.000376260711
-0.0002829550496
-0.0001636028321
-1.844551021e-05
0.0001520996076
0.0003474738848
0.00056700141
0.0008099048672
0.001075314272
0.001362270587
0.001669724897
0.001996534881
0.002341458953
0.00270314957
0.003080145837
0.003470866718
0.003873604791
0.00428652175
0.004707645362
0.005134869054
0.005565954955
0.005998539106
0.006430136355
0.00685815231
0.007279901668
0.007692629856
0.008093538923
0.008479818422
0.008848680508
0.009197399715
0.009523356512
0.009824084889
0.0100973229
0.01034106624
0.01055362366
0.01073367421
0.01088032536
0.01099317194
0.01107235538
0.01111862369
0.01113339206
0.01111880496
0.01107779982
0.01101417198
0.01093263774
0.01083888296
0.01073958374
0.010642427
0.01055600007
0.0104886666
0.01044698527
0.0002124924928
0.0001494350721
7.241251677e-05
-9.784415872e-06
-9.360773292e-05
-0.0001736537037
-0.000244892632
-0.0003031342158
-0.0003449599192
-0.0003676694299
-0.000369210931
-0.0003480924517
-0.0003032926729
-0.0002341786672
-0.0001404344486
-2.200065763e-05
0.0001209739238
0.000288170693
0.0004791296351
0.0006932699883
0.0009299034948
0.001188242414
0.001467402458
0.00176640269
0.002084162318
0.002419496252
0.002771109167
0.003137589778
0.003517404893
0.003908894858
0.004310269832
0.004719608274
0.005134857076
0.005553837562
0.0059742513
0.006393682945
0.006809612298
0.007219435229
0.007620485156
0.008010059407
0.008385449652
0.00874397712
0.009083031468
0.0094001139
0.009692883226
0.009959205155
0.01019720339
0.01040531254
0.01058233137
0.01072747623
0.01084043329
0.01092140932
0.01097117988
0.0109911343
0.01098331636
0.0109504588
0.01089600897
0.01082413891
0.01073972384
0.01064829514
0.01055602284
0.0104692116
0.01039192837
0.01033224557
0.0003376849565
0.0002526582908
0.0001601389123
7.153744383e-05
-1.336933584e-05
-9.114240341e-05
-0.0001580676801
-0.0002109980971
-0.0002472911117
-0.0002647932859
-0.0002618219626
-0.0002371199713
-0.0001898003758
-0.0001192915501
-2.528652075e-05
9.230096185e-05
0.0002333729714
0.000397676335
0.0005848246433
0.0007943138439
0.001025532496
0.001277767337
0.001550205265
0.001841932323
0.0021519307
0.002479074204
0.00282212312
0.003179718778
0.003550378638
0.003932492155
0.00432431814
0.004723983528
0.005129484374
0.005538694943
0.005949374335
0.006359164083
0.006765601099
0.007166141287
0.007558181426
0.007939085287
0.00830621441
0.008656962951
0.008988796593
0.009299294921
0.009586197012
0.009847449355
0.01008125556
0.0102861267
0.01046093158
0.01060494546
0.01071789643
0.01080000774
0.01085203507
0.01087529668
0.01087169464
0.01084372399
0.01079446628
0.01072755844
0.01064712184
0.01055768285
0.01046415404
0.01037095175
0.01027846608
0.01019734841
0.000466196535
0.0003579547184
0.0002474323617
0.000149014428
5.932782078e-05
-1.97890044e-05
-8.572238865e-05
-0.0001362501018
-0.0001694584436
-0.0001837391191
-0.0001778043428
-0.0001506713618
-0.0001016329993
-3.0224246e-05
6.381045865e-05
0.0001805468651
0.0003199059373
0.0004816739011
0.0006655172464
0.0008709931467
0.001097555732
0.001344558923
0.001611256377
0.001896799276
0.002200232482
0.002520489703
0.002856388171
0.003206623372
0.003569764262
0.003944249512
0.004328385139
0.004720343503
0.005118164301
0.005519768609
0.005922965158
0.006325440072
0.006724770773
0.007118453648
0.007503925802
0.007878591313
0.008239852096
0.008585142966
0.008911970508
0.009217955438
0.009500877812
0.009758724398
0.009989737221
0.01019246226
0.01036579696
0.01050903531
0.01062190865
0.01070462088
0.01075787568
0.01078289394
0.01078141831
0.01075570199
0.01070847732
0.01064289546
0.01056242286
0.01047074731
0.01037178621
0.01026849452
0.01015822703
0.01005459596
0.0005883056881
0.0004570780385
0.0003276068153
0.000217356798
0.0001204101114
3.733926443e-05
-3.013115922e-05
-8.05682279e-05
-0.0001127106485
-0.0001254623846
-0.0001179258069
-8.940570945e-05
-3.939751593e-05
3.242974557e-05
0.0001262520122
0.0002421076453
0.0003799124058
0.0005394711793
0.0007204863153
0.0009225626967
0.001145209864
0.001387841625
0.001649773605
0.001930219246
0.002228284689
0.002542963062
0.002873128558
0.003217530797
0.003574789804
0.00394339215
0.004321688564
0.004707892618
0.005100081349
0.005496216129
0.0058941477
0.006291594386
0.006686157805
0.007075355659
0.007456643294
0.00782743999
0.008185160155
0.008527248722
0.008851220369
0.009154702167
0.009435478956
0.009691540619
0.009921130149
0.01012279126
0.01029541406
0.01043827707
0.01055108376
0.01063399158
0.01068763109
0.01071311276
0.01071201851
0.01068637486
0.0106386039
0.01057144349
0.01048782459
0.01039078244
0.01028349783
0.01016782401
0.01003879885
0.009913012604
0.0006966190435
0.000543329377
0.0003949340625
0.0002718388606
0.0001660906895
7.728086871e-05
6.431413551e-06
-4.567973378e-05
-7.835687721e-05
-9.096571275e-05
-8.297490379e-05
-5.397074598e-05
-3.657026446e-06
6.815063259e-05
0.0001615324584
0.0002764723019
0.0004128640718
0.0005705161633
0.0007491536532
0.0009484182517
0.001167866282
0.001406964897
0.001665086992
0.001941505053
0.002235384451
0.002545776402
0.002871611113
0.003211691318
0.00356468671
0.003929129542
0.004303411956
0.004685783837
0.00507435264
0.005467113527
0.005861952044
0.006256606567
0.006648686919
0.007035713572
0.007415138872
0.007784373349
0.008140817401
0.008481897237
0.008805104802
0.009108041085
0.009388462188
0.009644327057
0.009873845772
0.01007552681
0.01024822172
0.01039116513
0.01050400814
0.01058684266
0.01064021432
0.01066512115
0.01066299553
0.01063566617
0.01058529761
0.01051429929
0.01042519375
0.01032053712
0.01020300547
0.01007371824
0.009925931561
0.009779090054
0.0007853232579
0.0006113068935
0.0004445577817
0.0003082634199
0.0001928466658
9.714164325e-05
2.162426e-05
-3.346215857e-05
-6.790114628e-05
-8.146355275e-05
-7.394987249e-05
-4.521016925e-05
4.849613306e-06
7.626557099e-05
0.0001690157549
0.0002830203919
0.000418141394
0.0005741805877
0.0007508764338
0.0009478993266
0.001164845535
0.001401230141
0.001656479098
0.001929920868
0.002220777741
0.002528157322
0.002851044298
0.003188292964
0.003538620626
0.003900602519
0.004272668371
0.004653099135
0.00504002546
0.005431469976
0.005825346348
0.006219401436
0.006611237689
0.006998360496
0.007378198778
0.007748131429
0.008105519532
0.008447743205
0.008772242454
0.009076561683
0.009358396889
0.009615644583
0.009846450928
0.01004925959
0.01022285627
0.01036640791
0.0104794941
0.01056212843
0.0106147669
0.01063830119
0.01063403373
0.01060363269
0.01054906486
0.01047249873
0.01037617017
0.01026232278
0.01013333032
0.009989818448
0.009823795014
0.009657326952
0.0008500081713
0.0006566311072
0.0004723620074
0.0003229227623
0.0001974260875
9.41242523e-05
1.307185561e-05
-4.591914874e-05
-8.303327105e-05
-9.839011399e-05
-9.208394534e-05
-6.420444222e-05
-1.484632606e-05
5.588397879e-05
0.0001478627733
0.0002609436981
0.0003949517608
0.0005496763904
0.0007248635042
0.000920206549
0.001135336822
0.001369813113
0.001623111094
0.001894612476
0.002183594391
0.002489219013
0.002810523897
0.003146413036
0.003495649165
0.003856847488
0.004228471447
0.00460882767
0.004996062789
0.005388220749
0.005783237549
0.006178857618
0.006572661056
0.006962120888
0.007344623021
0.007717492614
0.008078027163
0.008423534318
0.008751374188
0.009059005356
0.009344033911
0.009604264094
0.009837749223
0.01004284089
0.01021823454
0.01036300887
0.0104766568
0.01055910516
0.01061072076
0.01063230007
0.01062504036
0.01059049067
0.01053048132
0.01044702544
0.01034218642
0.0102180319
0.01007679819
0.009918878248
0.009735334141
0.009550642688
0.0008871275312
0.000675746888
0.0004748662741
0.0003125573654
0.0001768609079
6.557605806e-05
-2.156662618e-05
-8.510268847e-05
-0.0001255496161
-0.0001433243469
-0.000138777115
-0.0001122110018
-6.389227147e-05
5.940326763e-06
9.706642468e-05
0.0002092745419
0.0003423518276
0.0004960729679
0.0006701882076
0.0008644107857
0.001078403811
0.001311767
0.001564023269
0.001834605627
0.00212284431
0.002427954639
0.002749025492
0.003085008943
0.003434710955
0.003796783947
0.004169721243
0.004551850049
0.004941325982
0.005336208509
0.005734450952
0.006133785642
0.00653175582
0.006925785604
0.007313198861
0.007691245698
0.008057136318
0.0084080803
0.008741330493
0.009054231221
0.009344269565
0.009609128653
0.009846741036
0.01005534039
0.01023350905
0.01038021904
0.01049486376
0.01057727779
0.01062774207
0.01064697212
0.01063608725
0.01059655984
0.01053014383
0.01043877649
0.01032444864
0.01018917911
0.01003520581
0.009862813531
0.009662466843
0.009460820771
0.0008939179669
0.0006656965781
0.000449084069
0.0002742859221
0.0001284431352
8.998948002e-06
-8.456672813e-05
-0.0001530699524
-0.0001973051751
-0.0002179416621
-0.0002155510759
-0.0001906240574
-0.0001435800429
-7.47776343e-05
1.547397878e-05
0.0001269025669
0.0002592593692
0.0004123045469
0.0005857919455
0.0007794532251
0.0009929818456
0.001226016895
0.001478127259
0.001748796026
0.002037405624
0.002343223517
0.002665389
0.003002900908
0.003354606809
0.003719193876
0.004095182097
0.004480914585
0.004874549513
0.005274156219
0.005677701679
0.006082897731
0.006487237046
0.006888078792
0.007282666497
0.007668154271
0.008041641852
0.008400215309
0.008740993171
0.009061177061
0.009358106121
0.009629313483
0.009872583244
0.01008600551
0.01026802724
0.01041749603
0.01053369404
0.01061635931
0.01066569164
0.01068234098
0.01066737643
0.01062223512
0.01054865116
0.01044855899
0.01032396675
0.01017694039
0.01000982675
0.009822984526
0.009606401757
0.009388760295
0.0008680439411
0.0006240045405
0.000392433426
0.00020554089
4.969181049e-05
-7.795932511e-05
-0.0001781289683
-0.0002518626831
-0.000300186736
-0.0003239854204
-0.0003240216078
-0.0003009499693
-0.0002553252462
-0.0001876128485
-9.820165209e-05
1.258149642e-05
0.0001444556929
0.0002971687757
0.0004704791665
0.0006641373457
0.0008778670118
0.001111346504
0.001364190392
0.001635931774
0.001926005077
0.002233729888
0.002558295594
0.002898747382
0.003253973373
0.003622693955
0.004003453168
0.004394606282
0.004794308347
0.005200633263
0.005611559097
0.006024770958
0.006437697817
0.006847618671
0.007251678799
0.007646915896
0.008030296056
0.008398756482
0.008749253881
0.009078818365
0.009384611399
0.009663986571
0.009914550886
0.01013422452
0.01032129605
0.01047447044
0.01059290657
0.01067624148
0.0107245985
0.01073857709
0.01071922278
0.01066797671
0.01058660575
0.01047710646
0.01034158025
0.01018223354
0.01000161522
0.009800202517
0.009567734879
0.009334772996
0.0008075996574
0.0005485113979
0.0003026214655
0.0001039977192
-6.168965557e-05
-0.0001975255603
-0.0003043836832
-0.0003835006167
-0.0004360997487
-0.0004632503121
-0.0004658813721
-0.0004447912082
-0.0004006537098
-0.0003340286362
-0.0002453751436
-0.0001350678718
-3.414914555e-06
0.0001493226091
0.0003229101421
0.0005171185839
0.0007317032048
0.0009663825401
0.001220817886
0.001494593193
0.001787195927
0.002097998603
0.002426241578
0.002771016794
0.003131253099
0.003505703402
0.003892934456
0.004291310957
0.004698980302
0.00511401558
0.005534405324
0.005957803894
0.006381564516
0.006802871346
0.00721875425
0.007626114176
0.008021760534
0.008402455727
0.008764966549
0.009106121531
0.00942287346
0.009712365026
0.009971995809
0.01019948769
0.01039294602
0.01055091311
0.01067241091
0.01075696958
0.01080463919
0.01081598222
0.01079204519
0.01073430963
0.01064462276
0.01052510217
0.0103780119
0.01020576436
0.01001118105
0.009794996834
0.009546704638
0.009298695954
0.0007108505174
0.0004373182875
0.000177585012
-3.248106413e-05
-0.0002078536761
-0.0003518264498
-0.0004654032337
-0.0005499844397
-0.0006069646288
-0.0006375749982
-0.0006428908823
-0.0006238374195
-0.0005811938612
-0.0005156031463
-0.0004275859173
-0.0003175576312
-0.0001858482593
-3.272360941e-05
0.0001415920269
0.0003368927928
0.0005529678062
0.0007895780764
0.001046433629
0.00132317148
0.001619334146
0.001934349281
0.0022675101
0.002617957195
0.002984661396
0.003366409028
0.00376178939
0.004169175459
0.004586703775
0.005012441458
0.005444388477
0.005880167889
0.006317045988
0.006752098518
0.007182223179
0.007604164311
0.008014551204
0.008409945051
0.008786893281
0.009141991277
0.009471949834
0.009773667001
0.01004430159
0.01028134587
0.01048269391
0.01064670233
0.01077223947
0.01085871994
0.01090612115
0.01091497936
0.01088636396
0.01082182972
0.01072334775
0.01059320916
0.01043389889
0.01024810759
0.0100389975
0.009807558154
0.009543198796
0.009280095665
0.0005762845405
0.0002886603952
1.539981269e-05
-0.0002059059447
-0.0003908513889
-0.0005429176244
-0.000663220583
-0.0007533057662
-0.0008147208094
-0.0008488420967
-0.0008568763273
-0.0008398625244
-0.0007986741708
-0.0007340280893
-0.0006464985567
-0.0005365354497
-0.0004044851402
-0.0002506136515
-7.513095397e-05
0.000121783795
0.000339957001
0.0005791952787
0.0008392607546
0.001119846715
0.001420554253
0.001740869498
0.002080142086
0.002437564412
0.002812152385
0.003202728026
0.003607904971
0.004026065045
0.004455332535
0.004893762979
0.005339371584
0.005789753136
0.006242077414
0.006693299051
0.00714016788
0.007579251861
0.008006976715
0.008419674937
0.008813643815
0.009185211604
0.00953081112
0.009847058405
0.01013083438
0.01037936599
0.01059030361
0.01076179048
0.01089252038
0.01098177953
0.01102946929
0.01103610698
0.01100280313
0.01093121483
0.01082347638
0.01068210101
0.01050985069
0.01030974297
0.01008533386
0.009837991081
0.009556969926
0.009278291897
0.0004024033212
0.0001008888991
-0.000185754635
-0.0004182034335
-0.0006126695927
-0.000772812625
-0.0008998500505
-0.0009954613431
-0.001061335627
-0.001098983384
-0.001109732427
-0.001094726348
-0.001054924646
-0.0009911106621
-0.000903905965
-0.0007937890838
-0.0006611178099
-0.000506153644
-0.0003290880091
-0.000130069061
9.077092788e-05
0.000333288536
0.0005973022434
0.0008825663177
0.001188745078
0.001515388222
0.001861906714
0.002227549925
0.002611383512
0.003012269727
0.003428850144
0.003859518366
0.004302387031
0.004755494495
0.005216877291
0.005684110269
0.006154258574
0.00662414476
0.007090355922
0.007549264658
0.007997069255
0.008429845306
0.008843607148
0.009234379469
0.009598277362
0.009931593333
0.01023088807
0.01049308205
0.01071554345
0.01089616859
0.01103344968
0.01112652608
0.01117521455
0.011180016
0.01114209602
0.01106323944
0.01094577983
0.01079249653
0.01060647749
0.01039113103
0.01015046662
0.009886203011
0.009587576538
0.00929250957
0.0001878042051
-0.0001276314042
-0.0004276675566
-0.0006712647691
-0.0008752684357
-0.00104351224
-0.00117731008
-0.001278470022
-0.001348816757
-0.001389988751
-0.001403428899
-0.001390379674
-0.001351881079
-0.001288777922
-0.001201734093
-0.001091252216
-0.0009576968589
-0.0008013206415
-0.000622291792
-0.0004207229488
-0.0001967000646
4.968840574e-05
0.0003183229241
0.0006090244459
0.0009215268932
0.001255449948
0.001610272898
0.001985308911
0.0023796805
0.00279229664
0.003221833147
0.0036667009
0.004125004206
0.004594757582
0.005074028958
0.005560387078
0.0060507869
0.006541909625
0.0070301666
0.007511716675
0.007982507171
0.008438327421
0.008874874306
0.009287829205
0.009672945786
0.01002614602
0.01034362201
0.01062193941
0.01085813844
0.01104982699
0.01119526113
0.01129340741
0.01134398285
0.01134746836
0.01130509356
0.01121879229
0.01109112961
0.01092519353
0.01072444919
0.0104927385
0.01023457455
0.009952153854
0.009634581154
0.009321847665
-6.900308563e-05
-0.0003985163342
-0.0007121148179
-0.0009669774924
-0.001180612393
-0.001357031747
-0.001497645759
-0.001604390959
-0.001679226607
-0.001723917448
-0.001740019437
-0.001728871456
-0.001691591419
-0.001629082544
-0.001542047934
-0.001431010676
-0.001296338427
-0.001138270627
-0.0009569479102
-0.0007524422751
-0.0005247880544
-0.0002740126011
-1.670884527e-07
0.0002966434182
0.0006162299976
0.0009582907581
0.001322381906
0.001707889717
0.002114002711
0.002539686023
0.002983658556
0.003444357306
0.00391988449
0.004408224032
0.004907488198
0.005415261091
0.005928384704
0.006443392632
0.006956509365
0.007463663382
0.007960527695
0.008442575661
0.008905150009
0.009343546025
0.009753107267
0.01012933227
0.01046798856
0.0107652304
0.01101771468
0.01122270989
0.01137819145
0.01148291802
0.01153648288
0.01153933602
0.01149277385
0.01139889581
0.01126052796
0.0110811069
0.01086452145
0.01061511249
0.01033796075
0.01003570436
0.009697446539
0.00936540611
-0.0003694939659
-0.0007134500262
-0.001040918882
-0.001307264998
-0.001530702067
-0.001715427658
-0.001862951461
-0.001975342513
-0.002054697851
-0.002102910883
-0.002121652068
-0.002112357551
-0.002076223031
-0.002014209484
-0.00192705756
-0.001815308692
-0.001679330484
-0.001519345646
-0.001335462621
-0.00112770776
-0.0008960576715
-0.0006404720561
-0.0003609260064
-5.74424068e-05
0.0002698763766
0.0006208167403
0.0009950227963
0.001391965213
0.001810910657
0.002250892394
0.002710684782
0.00318876339
0.00368323882
0.004192056204
0.004713389644
0.005244867577
0.005783221061
0.006324833235
0.006865734072
0.007401606986
0.007927828831
0.008439526834
0.008931651515
0.009399065657
0.00983664916
0.01023941704
0.01060264785
0.01092201749
0.0111937332
0.01141466084
0.01158243872
0.01169557051
0.01175349103
0.01175659885
0.01170625245
0.01160472756
0.01145513712
0.01126130609
0.01102759885
0.01075890141
0.0104609201
0.01013687616
0.009775734892
0.009422223792
-0.000715298829
-0.001074164073
-0.001415955135
-0.001694109569
-0.001927599659
-0.002120821842
-0.002275392436
-0.002393520948
-0.00247744945
-0.002529205943
-0.002550580414
-0.002543109909
-0.002508070622
-0.002446482515
-0.002359124147
-0.002246554175
-0.002109138265
-0.001947079072
-0.00176044883
-0.001549222815
-0.001313313805
-0.001052606298
-0.0007669910492
-0.0004563990069
-0.0001208354795
0.0002395862342
0.0006246108737
0.001033807622
0.001466535871
0.001921912575
0.002398783186
0.002895678803
0.003410733426
0.003941847
0.0044872737
0.005044724308
0.005610827956
0.006181819939
0.006753531902
0.007321391177
0.007880458458
0.008425485719
0.008950991831
0.009451357869
0.009920940929
0.01035420509
0.01074586546
0.01109104102
0.01138540928
0.01162535589
0.01180811031
0.01193185948
0.01199583112
0.01200034001
0.01194679187
0.01183764279
0.01167631481
0.01146705868
0.01121476353
0.01092493506
0.01060398222
0.010255675
0.009868977564
0.009491400583
-0.001108086981
-0.001482516292
-0.001839203779
-0.002129585547
-0.002373456055
-0.002575425415
-0.002737225956
-0.0028612191
-0.002949802623
-0.003005148731
-0.00302917495
-0.00302352605
-0.002989563678
-0.002928370488
-0.002840764725
-0.002727322894
-0.002588407477
-0.002424198817
-0.002234728904
-0.002019916967
-0.001779605241
-0.001513595378
-0.001221684363
-0.0009037007769
-0.0005595405761
-0.0001892034003
0.000207171358
0.0006292676474
0.001076555556
0.001548254292
0.002043300173
0.0025603011
0.003097436496
0.003652559498
0.004224019462
0.004809653309
0.005406011892
0.006009191491
0.006614827347
0.007218084004
0.007813689928
0.008395994346
0.008959045326
0.009496690262
0.01000269945
0.01047091031
0.01089538938
0.01127060628
0.01159161303
0.01185421965
0.01205515666
0.01219221388
0.012264346
0.01227173595
0.01221580944
0.01209919775
0.01192564827
0.011699875
0.01142734852
0.0111142496
0.01076776394
0.01039237423
0.009976891738
0.009572024629
-0.001549729512
-0.001940460944
-0.002312749151
-0.002615876909
-0.002870532484
-0.003081560246
-0.003250821497
-0.003380844364
-0.003474196768
-0.00353320789
-0.003559934294
-0.003556137868
-0.003523273567
-0.003462492259
-0.003374655861
-0.003260360407
-0.003119965503
-0.002953627303
-0.002761334464
-0.002542945009
-0.002298224314
-0.0020268828
-0.001728614088
-0.001403132632
-0.001050211929
-0.0006697225515
-0.0002616711599
0.0001737601708
0.0006361728175
0.001124910799
0.001639024613
0.002177224547
0.00273776332
0.003318469094
0.003917780054
0.004533701552
0.00516276117
0.005800932138
0.006443660959
0.007085849435
0.007721882809
0.008345684238
0.008950793024
0.009530469998
0.01007782985
0.01058599985
0.01104830078
0.01145844539
0.01181074561
0.01210031952
0.01232328579
0.01247693385
0.01255985719
0.01257203891
0.01251488092
0.01239117227
0.0122049952
0.01196156095
0.01166697529
0.01132818304
0.01095324444
0.01054732929
0.0100992417
0.009663307662
-0.002042175002
-0.002450122344
-0.002838827056
-0.003155306894
-0.003421224862
-0.003641681079
-0.003818680688
-0.003954936734
-0.004053204929
-0.004115987935
-0.004145495725
-0.004143620028
-0.004111919176
-0.004051620458
-0.003963634926
-0.003848581853
-0.00370681907
-0.003538478111
-0.003343501438
-0.003121681617
-0.002872700572
-0.002596169513
-0.002291668293
-0.001958785288
-0.00159715696
-0.001206508451
-0.0007866944762
-0.0003377419359
0.0001401059636
0.0006463439523
0.001180164571
0.001740409563
0.002325439796
0.002933106308
0.003561909195
0.004210057371
0.004874150617
0.005550061862
0.006233065024
0.006917807727
0.007598329518
0.008268110131
0.008920146415
0.009547060108
0.0101412387
0.01069500796
0.01120083384
0.01165154743
0.01204058497
0.0123622311
0.0126118524
0.01278610589
0.01288310765
0.0129025473
0.0128457374
0.01271559049
0.01251652233
0.01225427257
0.01193564371
0.01156841428
0.01116161633
0.01072129806
0.01023608951
0.00976452202
-0.002587609238
-0.003013761396
-0.003419821256
-0.00375035336
-0.004028084013
-0.004258396012
-0.00444345694
-0.004586186313
-0.004689549313
-0.004756241823
-0.004788645393
-0.004788796964
-0.004758371529
-0.004698682927
-0.004610699349
-0.004495068239
-0.004352148694
-0.004182047841
-0.003984660515
-0.003759709755
-0.003506788418
-0.003225400249
-0.002915001417
-0.002575041457
-0.002205005049
-0.001804453951
-0.00137307059
-0.0009107027776
-0.0004174116491
0.0001064785451
0.0006603349007
0.001243165676
0.001853480165
0.002489209735
0.003148888165
0.003830971247
0.004532248483
0.005248526499
0.005974934578
0.0067058878
0.00743508872
0.008155566497
0.00885974864
0.009539569299
0.01018661597
0.01079231582
0.01134815856
0.01184595109
0.01227809401
0.01263786805
0.01291971416
0.01311948972
0.01323468166
0.0132645593
0.01321025116
0.0130747367
0.01286274936
0.01258058005
0.01223578512
0.01183708353
0.01139460461
0.0109152648
0.01038766742
0.009875168437
-0.003188328113
-0.003633847037
-0.004058309506
-0.004403677944
-0.004693839871
-0.004934488851
-0.005127975567
-0.0052774515
-0.005386116487
-0.005456883636
-0.005492327407
-0.005494649145
-0.00546565623
-0.005406762306
-0.005319002399
-0.005203059526
-0.00505929816
-0.004887803184
-0.004688420988
-0.004460802558
-0.004204446314
-0.00391874145
-0.003603010382
-0.003256551707
-0.00287868284
-0.002468784088
-0.002026343565
-0.00155100474
-0.00104261685
-0.0005012895062
7.255700509e-05
0.0006781387756
0.00131416293
0.001978696929
0.002670287076
0.003387696449
0.004128035627
0.004887093705
0.005659900284
0.006440675604
0.007222810032
0.007998888743
0.008760755015
0.009499614338
0.01020618456
0.01087089329
0.01148412222
0.01203649264
0.01251918351
0.01292426733
0.01324504654
0.01347636807
0.01361489361
0.01365930218
0.01361040557
0.0134711627
0.01324658664
0.01294353285
0.01257037395
0.01213685517
0.01165433163
0.01113081138
0.01055468026
0.009994945737
-0.003846896833
-0.004313024378
-0.004757061625
-0.005118142847
-0.005421423313
-0.00567294101
-0.005875254724
-0.006031777264
-0.006145973154
-0.006221000521
-0.006259652605
-0.006264317447
-0.006236954371
-0.006179092338
-0.006091845984
-0.005975942836
-0.005831759344
-0.005659361338
-0.00545854803
-0.005228896546
-0.004969807301
-0.00468054831
-0.004360299656
-0.004008197005
-0.003623375979
-0.003205016816
-0.0027523913
-0.002264911563
-0.001742183551
-0.001184064969
-0.0005907212194
3.732017046e-05
0.0006990215655
0.001392650331
0.002116746865
0.002870450211
0.003651341113
0.004455262595
0.005277209708
0.006111266465
0.006950555799
0.007787245406
0.008612596327
0.009417058218
0.01019041723
0.0109220016
0.01160094495
0.01221650418
0.01275842226
0.01321732152
0.0135851063
0.01385534977
0.01402363618
0.01408782938
0.01404824129
0.01390768099
0.01367137321
0.01334673253
0.01294299977
0.0124710717
0.01194369104
0.01136997051
0.01073821102
0.01012397293
-0.004566026092
-0.005054186923
-0.005519087782
-0.005896843206
-0.006213993575
-0.006476956961
-0.006688527992
-0.006852415183
-0.006972382162
-0.007051865212
-0.007093906138
-0.007101106676
-0.007075600643
-0.00701905166
-0.006932668844
-0.006817236261
-0.006673150402
-0.006500463853
-0.00629893105
-0.006068055817
-0.005807137982
-0.005515319978
-0.005191631828
-0.004835036244
-0.004444473063
-0.004018905223
-0.003557365916
-0.003059009166
-0.002523164501
-0.001949398642
-0.001337575729
-0.0006879134515
-1.126433952e-06
0.0007213292626
0.001477982362
0.002268401872
0.00309080489
0.003941197008
0.004814629266
0.005705132044
0.006605631726
0.007507930578
0.008402734287
0.009279730083
0.01012772605
0.01093485815
0.01168886923
0.01237745763
0.0129886881
0.01351144903
0.01393593358
0.01425411435
0.01446017685
0.01455087447
0.01452577021
0.01438733697
0.01414089987
0.01379440206
0.01335800164
0.01284384851
0.01226624188
0.01163566203
0.01094009451
0.01026281798
-0.005348733089
-0.005860452374
-0.006347643362
-0.006743129833
-0.007074965692
-0.007349990994
-0.00757126941
-0.007742844593
-0.007868819985
-0.007952948097
-0.007998554892
-0.008008486774
-0.007985079402
-0.007930153252
-0.007845030624
-0.00773056613
-0.007587187541
-0.007414941525
-0.007213543022
-0.006982424508
-0.006720785477
-0.006427639825
-0.006101862627
-0.005742235087
-0.005347489916
-0.004916356689
-0.004447609753
-0.003940118496
-0.003392903446
-0.002805199641
-0.002176521726
-0.001506719911
-0.0007961130031
-4.578574934e-05
0.0007428266952
0.001569708934
0.002433881608
0.003331697892
0.004258381222
0.005208018501
0.006173441411
0.007146172761
0.008116422614
0.009073140169
0.0100041338
0.01089627119
0.01173576625
0.01250855529
0.01320075606
0.01379919582
0.01429198281
0.01466908745
0.01492289024
0.01504865
0.01504484532
0.01491335081
0.01465942116
0.01429145637
0.01382055761
0.01326026662
0.01262664738
0.01193159721
0.01116288086
0.01041279894
-0.00619822848
-0.006735239316
-0.007246284065
-0.007660649602
-0.008008045658
-0.008295779747
-0.008527221849
-0.008706797043
-0.008838995304
-0.008927930555
-0.008977253764
-0.008990093061
-0.008969017209
-0.008916030539
-0.008832589916
-0.008719638349
-0.008577648063
-0.008406670499
-0.008206388081
-0.00797616721
-0.007715109144
-0.007422099795
-0.007095856553
-0.006734974253
-0.006337969473
-0.005903325961
-0.005429541029
-0.004915175758
-0.004358910045
-0.00375960752
-0.003116383763
-0.002428663456
-0.00169629604
-0.0009198865934
-0.0001006821721
0.0007615954052
0.001666896181
0.002612231347
0.003593137505
0.004603897653
0.005637389052
0.006684982885
0.007736497448
0.008780210383
0.009802946917
0.0107902594
0.01172671147
0.01259627319
0.01338282616
0.0140707658
0.01464567592
0.01509503641
0.01540891419
0.01558057784
0.01560697499
0.01548901806
0.0152316367
0.01484356005
0.01433683577
0.01372650374
0.01303061312
0.01226279479
0.01141030191
0.01057610194
-0.007118082135
-0.007682258225
-0.008218884342
-0.008653380198
-0.009017268924
-0.009318378579
-0.009560430075
-0.009748283339
-0.009886870265
-0.009980718268
-0.01003385195
-0.01004972362
-0.01003117258
-0.00998041773
-0.009899076637
-0.009788201054
-0.009648324736
-0.009479516556
-0.009281437097
-0.009053394009
-0.008794396363
-0.008503205172
-0.008178381829
-0.007818333069
-0.007421355174
-0.006985677112
-0.006509505825
-0.005991073691
-0.005428692301
-0.004820815873
-0.004166112528
-0.003463522163
-0.002712353607
-0.001912619236
-0.001065159175
-0.0001695460295
0.0007751635986
0.001767036178
0.002802095788
0.003875000506
0.004978859921
0.006105073985
0.007243228425
0.008381052802
0.009504459155
0.01059768379
0.01164355126
0.01262387537
0.01352000178
0.0143134852
0.01498687672
0.01552458037
0.01591371931
0.01614493902
0.01621306744
0.01611755671
0.01586264363
0.01545717398
0.01491409184
0.01425006742
0.01348539955
0.01263555999
0.01168732086
0.01075618932
-0.008112130328
-0.008705597952
-0.009269705703
-0.00972568524
-0.01010704963
-0.01042220675
-0.01067527949
-0.01087162591
-0.01101668398
-0.01111545657
-0.01117239799
-0.01119133529
-0.01117542103
-0.01112712546
-0.01104825637
-0.01093999922
-0.01080296871
-0.01063726783
-0.01044254813
-0.01021807001
-0.00996275899
-0.009675259086
-0.009353980867
-0.008997146862
-0.008602833338
-0.008169011874
-0.007693590782
-0.007174459844
-0.006609539546
-0.00599684195
-0.00533454147
-0.004621034713
-0.003855017406
-0.003035795427
-0.002163598394
-0.001237906968
-0.0002567578458
0.0007793542576
0.00186717656
0.003001970849
0.004177320328
0.005384895214
0.006614276553
0.007852841579
0.00908573213
0.01029593459
0.01146450057
0.01257093188
0.0135937456
0.01451121913
0.01530229701
0.01594761692
0.01643058815
0.01673843397
0.01686309501
0.01680188934
0.01655783826
0.01613957486
0.01556082406
0.01483996381
0.01399981966
0.01305809696
0.01200071692
0.01095804244
-0.009184650847
-0.009809741966
-0.01040343809
-0.01088236961
-0.01128223789
-0.0116121001
-0.01187654266
-0.01208149576
-0.01223298009
-0.01233654613
-0.01239714472
-0.0124190358
-0.01240573598
-0.01236000851
-0.01228388667
-0.01217871757
-0.01204522072
-0.01188355212
-0.01169337131
-0.01147390535
-0.01122400975
-0.01094222275
-0.01062681518
-0.01027583402
-0.009887142958
-0.009458459731
-0.008987394045
-0.008471486352
-0.007908251966
-0.007295235161
-0.006630077591
-0.005910577655
-0.00513474877
-0.004301082417
-0.00340900137
-0.002457819183
-0.001444642626
-0.0003681845725
0.0007693754335
0.00196418059
0.003210583021
0.004500833021
0.005824814875
0.007169839059
0.008520514092
0.00985873534
0.01116382988
0.01241289499
0.01358135888
0.01464377788
0.01557486076
0.01635068185
0.01695001048
0.0173556522
0.01755567073
0.01754435089
0.01732276952
0.01689884964
0.01628686572
0.01550697129
0.01458483582
0.01354059301
0.01235925715
0.01118871141
-0.01034030298
-0.01099967306
-0.01162529116
-0.01212875928
-0.01254819236
-0.01289337682
-0.01316943471
-0.01338295722
-0.01354063787
-0.01364866115
-0.01371255224
-0.01373707324
-0.01372616276
-0.01368292636
-0.01360966219
-0.01350791225
-0.01337852711
-0.01322173898
-0.01303723453
-0.012824226
-0.01258151519
-0.01230755153
-0.01200048158
-0.01165819267
-0.01127834973
-0.01085842928
-0.01039575077
-0.00988750938
-0.009330811114
-0.008722718638
-0.008060311997
-0.00734074678
-0.006561294659
-0.005719542719
-0.004813914108
-0.003843264728
-0.002804064429
-0.001693025254
-0.0005107008322
0.0007402491423
0.002055292394
0.003427641585
0.00484788349
0.006303653322
0.007779380487
0.009256149444
0.01071172789
0.01212081533
0.0134555601
0.01468637787
0.0157830797
0.01671628118
0.01745902039
0.01798846428
0.01828754217
0.01834632016
0.01816292755
0.01774385227
0.01710353187
0.01626385238
0.01525364078
0.01409595301
0.01277443544
0.01145773011
-0.01158431999
-0.01228092904
-0.01294107234
-0.01347078999
-0.01391086773
-0.01427191598
-0.01455968069
-0.01478151984
-0.01494490869
-0.01505676777
-0.01512328984
-0.01514981932
-0.0151407856
-0.01509969204
-0.01502914788
-0.01493092627
-0.01480603977
-0.01465482177
-0.01447700939
-0.01427182059
-0.01403802476
-0.01377400294
-0.01347779956
-0.01314716385
-0.01277958468
-0.01237231831
-0.01192241377
-0.011426736
-0.01088199151
-0.01028476097
-0.009631549354
-0.008918838038
-0.008143111947
-0.007300988198
-0.0063897216
-0.005407290764
-0.004349805792
-0.003211983994
-0.00199208136
-0.0006911877524
0.0006876841602
0.002139169712
0.003655056608
0.005223817221
0.006830195348
0.008454897089
0.01007445106
0.01166131071
0.01318427056
0.01460925676
0.01590052603
0.01702226524
0.01794052714
0.01862537217
0.01905302214
0.01920778446
0.01908348378
0.0186841327
0.01802370451
0.01712567953
0.01602236272
0.01474003702
0.01326082111
0.01177785895
-0.01292249933
-0.0136597396
-0.01435731662
-0.01491512724
-0.01537692445
-0.0157542554
-0.01605359618
-0.0162832009
-0.01645145693
-0.01656614444
-0.01663423364
-0.01666174704
-0.01665368349
-0.01661400924
-0.01654569554
-0.01645078849
-0.01633049539
-0.01618527959
-0.01601495309
-0.01581876404
-0.01559547289
-0.01534341807
-0.01506056818
-0.01474456372
-0.01439274729
-0.01400218666
-0.01356969081
-0.01309182381
-0.01256491672
-0.01198508559
-0.01134826425
-0.0106502467
-0.009886701157
-0.009053231832
-0.008145797247
-0.007161131611
-0.006094964104
-0.004940263073
-0.003692400415
-0.00235041142
-0.000915324958
0.0006094511947
0.002217504775
0.003898787352
0.005639008782
0.007419111154
0.009214901033
0.0109969343
0.01273075508
0.01437758461
0.01589553257
0.01724135711
0.01837273125
0.01925088582
0.01984340484
0.02012686855
0.02008898741
0.01972984144
0.01906198546
0.01811011878
0.01691027717
0.01549256549
0.01383701375
0.01216574647
-0.01436142678
-0.01514314297
-0.01588142279
-0.01646930828
-0.01695386393
-0.01734771
-0.01765818536
-0.01789459774
-0.01806640681
-0.0181824007
-0.01825045989
-0.01827739695
-0.01826887319
-0.01822939089
-0.01816234174
-0.01807008928
-0.01795407212
-0.01781491272
-0.0176525252
-0.01746621284
-0.01725475421
-0.01701647306
-0.01674929431
-0.01645078397
-0.01611817716
-0.01574839356
-0.01533804544
-0.01488343847
-0.01438056984
-0.01382512659
-0.0132124979
-0.01253779932
-0.01179587456
-0.01098129807
-0.01008866399
-0.009113168638
-0.00804976396
-0.006890189927
-0.005626590313
-0.004255239235
-0.002774685049
-0.001185790569
0.0005075218794
0.002297454758
0.004171504355
0.006111669013
0.008093786214
0.01008711512
0.01205430007
0.01395185556
0.01573129709
0.01734099689
0.01872876411
0.01984503792
0.02064644996
0.02109938547
0.02118307125
0.02089164518
0.02023481985
0.01923785727
0.01794067909
0.01637759694
0.01452626138
0.01264295268
-0.01590854297
-0.0167391789
-0.01752184768
-0.0181419272
-0.01865019707
-0.01906051849
-0.01938125804
-0.01962297362
-0.01979639315
-0.01991149496
-0.01997722856
-0.02000133084
-0.01999023268
-0.01994905709
-0.01988167971
-0.01979083079
-0.01967821696
-0.01954465077
-0.01939017438
-0.01921417279
-0.01901546932
-0.01879240422
-0.01854289283
-0.01826446709
-0.01795429892
-0.01760921039
-0.01722567058
-0.01679978432
-0.01632727242
-0.01580344984
-0.01522321075
-0.01458102903
-0.01387094252
-0.01308650981
-0.01222095496
-0.01126773758
-0.01022043792
-0.009069988883
-0.007805401102
-0.006419361812
-0.004907400213
-0.003267204346
-0.001499440443
0.0003912354783
0.002395093869
0.0044962282
0.006671526812
0.008889857846
0.01111163857
0.01328898262
0.01536661624
0.01728371722
0.01897674561
0.02038320122
0.02144606699
0.02211850807
0.02236822212
0.02218069389
0.02156074344
0.02053304587
0.01914132588
0.01742469964
0.01535773983
0.01323698158
-0.01757242532
-0.01845710133
-0.0192883361
-0.0199428629
-0.02047565438
-0.02090202194
-0.02123157094
-0.02147635524
-0.0216486161
-0.02175974487
-0.02181995413
-0.02183806365
-0.02182140019
-0.02177580222
-0.02170570042
-0.02161424212
-0.02150344009
-0.02137432517
-0.02122709297
-0.02106123355
-0.0208756419
-0.02066870436
-0.0204383634
-0.02018215877
-0.01989724959
-0.01958041664
-0.01922805015
-0.01883612314
-0.01840015458
-0.01791516295
-0.01737562237
-0.01677542991
-0.01610786692
-0.01536551783
-0.01454028224
-0.01362380223
-0.01260779845
-0.01148227152
-0.01023365789
-0.008850402226
-0.007324383345
-0.005649462973
-0.003822238316
-0.001843241259
0.0002817090635
0.002540053074
0.004911031395
0.007364371886
0.00985933026
0.01234433465
0.01475750672
0.01702831133
0.01908050882
0.02083643144
0.02222238442
0.02317470504
0.0236457378
0.0236087246
0.02306069757
0.02202395874
0.02054560099
0.01866982057
0.01636759605
0.01398273303
-0.01936297301
-0.02030767074
-0.02119222502
-0.02188357138
-0.02244144801
-0.02288288396
-0.02321899499
-0.02346364483
-0.02363089503
-0.0237338279
-0.02378415427
-0.023791968
-0.02376563744
-0.02371182497
-0.02363559155
-0.0235405543
-0.02342906668
-0.0233024035
-0.0231609332
-0.02300427109
-0.02283140525
-0.02264079621
-0.02243044714
-0.02219794889
-0.0219404987
-0.02165489779
-0.02133752743
-0.02098430883
-0.02059064569
-0.02015135404
-0.01966058433
-0.01911175109
-0.01849746
-0.01780939427
-0.01703821661
-0.01617379157
-0.01520567689
-0.01412232466
-0.01290837874
-0.01154781571
-0.01002808747
-0.00833860523
-0.006471086891
-0.004420911167
-0.002188742975
0.000217639798
0.002781400875
0.005474740212
0.008257263382
0.01107493441
0.01385997407
0.0165320796
0.01900128279
0.02117261036
0.02295244607
0.02425614083
0.0250160068
0.02518840459
0.02475860263
0.02374378806
0.02219337432
0.02015689133
0.01760073034
0.01492410241
-0.02129179685
-0.02230352409
-0.02324682948
-0.02397745535
-0.02456060089
-0.02501535912
-0.02535471399
-0.02559474265
-0.02575171824
-0.02584076013
-0.02587536757
-0.02586713605
-0.02582564669
-0.02575850544
-0.02567148464
-0.02556872088
-0.02545293903
-0.02532567473
-0.02518748186
-0.02503811143
-0.02487665989
-0.02470168188
-0.02451127099
-0.02430310715
-0.02407447607
-0.02382225984
-0.02354290446
-0.0232323634
-0.02288602169
-0.02249859849
-0.02206403598
-0.02157538428
-0.02102468661
-0.02040282845
-0.01969935722
-0.01890249328
-0.01799953253
-0.0169767256
-0.01581719349
-0.01450087848
-0.01301011182
-0.01132925587
-0.009444380644
-0.00734469229
-0.005024411753
-0.002484977304
0.0002624921851
0.003194621657
0.006273343581
0.009443957259
0.01263413929
0.0157544207
0.01870063375
0.02135869722
0.02361182314
0.02534978612
0.02647932422
0.02693407163
0.02668219606
0.02573179373
0.02413267915
0.02193932801
0.01911250227
0.01611608599
-0.02337259769
-0.02445964833
-0.02546794024
-0.02624033734
-0.02684835845
-0.02731362177
-0.02765145578
-0.02788067904
-0.02802027714
-0.02808784383
-0.0280990227
-0.02806718527
-0.0280033221
-0.02791611634
-0.0278121331
-0.02769607435
-0.02757105585
-0.02743888042
-0.02730028546
-0.0271551568
-0.02700270075
-0.02684157631
-0.02666998572
-0.02648572904
-0.02628622232
-0.02606848531
-0.02582909801
-0.02556413106
-0.02526904848
-0.02493858539
-0.02456660058
-0.02414591651
-0.02366815189
-0.02312352758
-0.02250062038
-0.02178619601
-0.02096538562
-0.02002186746
-0.01893673275
-0.01768681057
-0.01624898362
-0.0146019866
-0.01272557525
-0.01060184701
-0.00821732766
-0.005565524268
-0.002649907853
0.0005127964109
0.003889257246
0.007426511978
0.01104980318
0.01466194136
0.01814491339
0.02136438196
0.02417744573
0.02644352268
0.02803746608
0.02886304641
0.02886436866
0.02803479138
0.0264212901
0.02408232954
0.02097127608
0.01762722269
-0.02562176407
-0.02679402372
-0.02787448118
-0.02869106972
-0.0293227089
-0.02979416558
-0.03012375906
-0.03033374563
-0.03044647281
-0.03048256118
-0.03046023935
-0.03039498168
-0.03029941541
-0.03018344355
-0.03005450437
-0.0299178985
-0.02977713766
-0.02963427825
-0.02949022175
-0.02934496758
-0.02919781706
-0.02904752556
-0.02889240839
-0.02873040113
-0.02855908095
-0.0283756493
-0.0281768812
-0.02795904019
-0.02771776274
-0.0274479087
-0.02714338053
-0.02679691536
-0.02639986188
-0.02594193057
-0.02541089059
-0.02479226539
-0.02406925417
-0.02322288256
-0.02223151701
-0.0210694901
-0.01970848019
-0.01812118347
-0.01628052753
-0.01416072118
-0.01173947763
-0.009000863023
-0.005938759577
-0.002560869966
0.001106953707
0.005016444592
0.009093310934
0.01323507699
0.01731133013
0.02116735412
0.02463192566
0.02752952484
0.02969629624
0.03099773954
0.03134507414
0.03070920703
0.02912925034
0.02666534824
0.02326111577
0.01954265411
-0.02805909175
-0.02932844131
-0.03048936064
-0.03135232148
-0.03200503673
-0.03247628773
-0.03278827202
-0.03296761458
-0.03304087025
-0.03303238957
-0.03296352832
-0.03285225347
-0.03271308418
-0.03255729316
-0.03239326066
-0.03222690112
-0.03206210093
-0.03190113104
-0.03174500898
-0.03159380187
-0.03144686493
-0.03130302026
-0.03116067745
-0.03101790419
-0.03087244893
-0.03072172222
-0.03056273661
-0.03039200961
-0.03020542759
-0.02999807215
-0.02976400457
-0.02949601361
-0.02918533224
-0.02882132577
-0.02839112692
-0.02787923058
-0.02726719143
-0.02653355575
-0.02565364263
-0.02459895301
-0.02333680605
-0.02183381824
-0.02005576413
-0.01796839974
-0.01553973743
-0.01274310166
-0.009560991181
-0.005989739253
-0.002044815467
0.00223358372
0.006775256048
0.01147591846
0.01619550792
0.02076021141
0.02496951858
0.02860914201
0.03146963154
0.03336875898
0.0341740643
0.03382375225
0.03234158881
0.0297854399
0.02608544219
0.02196775627
-0.03070880096
-0.03208965471
-0.03334062602
-0.0342516087
-0.03492095096
-0.03538266967
-0.03566407698
-0.03579741955
-0.035814568
-0.03574449533
-0.03561235107
-0.03543905085
-0.03524128762
-0.03503184843
-0.03482010344
-0.0346125619
-0.03441342761
-0.03422510721
-0.03404865019
-0.03388410867
-0.03373081909
-0.03358760846
-0.0334529346
-0.03332496533
-0.03320160583
-0.03308047648
-0.0329588464
-0.03283352217
-0.03270069436
-0.03255573808
-0.03239296661
-0.03220533474
-0.03198409887
-0.03171843584
-0.03139501123
-0.03099749002
-0.03050606736
-0.02989714193
-0.02914303248
-0.02821167151
-0.02706686426
-0.02566948533
-0.02397813776
-0.02194983815
-0.01954232262
-0.01671720514
-0.01344411828
-0.009705913413
-0.005504849274
-0.0008694974313
0.004138188444
0.009416558509
0.01482004405
0.02015873612
0.02520365588
0.02969935944
0.03338454384
0.03601921809
0.03741455615
0.03746292433
0.03616214558
0.033561156
0.02957115003
0.02503253853
-0.03360091389
-0.03511088482
-0.03646298938
-0.03742263999
-0.03810132707
-0.03854006487
-0.03877301995
-0.03883976145
-0.03877892962
-0.03862525182
-0.03840847968
-0.03815300237
-0.03787798096
-0.03759784132
-0.03732294815
-0.03706033595
-0.03681441231
-0.03658758797
-0.03638080816
-0.03619398169
-0.03602630934
-0.03587652325
-0.03574304557
-0.03562407918
-0.03551763711
-0.03542151916
-0.03533323643
-0.03524988793
-0.03516798756
-0.03508324214
-0.03499027334
-0.03488228172
-0.03475065096
-0.03458449905
-0.0343701717
-0.03409067546
-0.03372508506
-0.03324800281
-0.0326290349
-0.03183237499
-0.03081811329
-0.02954208061
-0.02795628351
-0.02600897845
-0.02364739382
-0.02082088331
-0.01748518956
-0.01360801349
-0.009175922135
-0.004202442305
0.001263095997
0.007126825926
0.01324311598
0.01941083755
0.02537561363
0.03084065721
0.03548808455
0.03901032721
0.04114801249
0.04173143383
0.04071795549
0.03813743947
0.0338738656
0.02889692999
-0.03677317196
-0.03843398721
-0.03989993855
-0.04090710016
-0.04158362302
-0.0419800955
-0.04214000992
-0.04211257333
-0.04194510222
-0.04167949927
-0.04135108347
-0.04098829726
-0.04061305417
-0.04024149054
-0.03988489901
-0.0395506884
-0.0392432781
-0.03896487527
-0.03871611776
-0.03849658051
-0.03830515839
-0.03814033866
-0.03800038048
-0.03788341371
-0.03778747173
-0.03771046328
-0.03765008906
-0.03760370244
-0.03756811877
-0.03753936917
-0.03751239484
-0.03748067231
-0.03743576764
-0.03736682032
-0.03725996215
-0.03709767023
-0.03685807803
-0.03651428267
-0.03603358711
-0.03537677898
-0.03449939015
-0.03335304959
-0.03188402491
-0.03003214171
-0.02773425138
-0.02492736057
-0.02155285395
-0.01756223
-0.01292449072
-0.007635183591
-0.001726839431
0.004719891097
0.01156572545
0.01860496763
0.02556343283
0.03210570324
0.0378551691
0.04242821581
0.04548004772
0.04675966414
0.04616490582
0.04369156669
0.03918414527
0.03375711584
-0.04027381255
-0.04211240849
-0.04370660193
-0.04475700577
-0.04541352116
-0.04574014168
-0.0457932159
-0.04563474583
-0.0453232072
-0.04490943772
-0.04443543969
-0.04393431211
-0.04343094644
-0.04294316114
-0.04248299033
-0.04205794682
-0.04167215518
-0.04132731023
-0.0410234482
-0.04075954244
-0.04053394243
-0.04034468217
-0.04018967625
-0.04006682587
-0.03997405012
-0.03990925332
-0.0398702285
-0.03985450092
-0.03985911569
-0.03988037014
-0.03991348073
-0.03995217403
-0.03998819172
-0.04001071173
-0.04000569413
-0.03995515669
-0.039836399
-0.03962120532
-0.03927493671
-0.03875545271
-0.03801341462
-0.03699640722
-0.03564576078
-0.03389374041
-0.03166725833
-0.02889131429
-0.02549303751
-0.02140737784
-0.01658469898
-0.01100043358
-0.004666782596
0.002353990926
0.009935773108
0.01787631225
0.02588965406
0.03360782174
0.04059694299
0.04639162819
0.05054736771
0.0527102375
0.05269438544
0.05044036217
0.04573521487
0.03985334815
-0.04416556103
-0.04621553035
-0.04795378154
-0.04903784801
-0.04964696185
-0.04986427189
-0.04976404123
-0.04942535353
-0.04892104073
-0.04831299823
-0.04765114078
-0.0469737774
-0.04630886499
-0.04567569599
-0.04508667339
-0.04454896534
-0.04406593721
-0.04363832392
-0.04326515009
-0.04294442007
-0.04267361638
-0.04245003986
-0.04227101908
-0.04213401496
-0.04203664794
-0.04197665678
-0.04195178474
-0.04195959763
-0.04199724681
-0.04206118081
-0.04214678877
-0.0422479606
-0.04235654254
-0.04246169455
-0.04254916887
-0.04260051609
-0.04259222822
-0.04249485628
-0.04227202519
-0.04187910532
-0.04126256095
-0.04036501019
-0.03912342242
-0.03746396092
-0.03530420484
-0.03255779675
-0.02913820203
-0.02496415965
-0.01996719142
-0.01410147722
-0.007356368743
0.000228606549
0.008547019904
0.0174087084
0.02652593403
0.03550761076
0.04386845257
0.05105978524
0.05652539532
0.05978554515
0.06054136214
0.05864924703
0.05381259948
0.04747960225
-0.04853169652
-0.05083487716
-0.05273356826
-0.05383275674
-0.0543525936
-0.05440408979
-0.05408665979
-0.05350223854
-0.05274204362
-0.05188148702
-0.05097963106
-0.05008036632
-0.04921452965
-0.04840238306
-0.0476560398
-0.046981621
-0.04638104942
-0.04585347196
-0.04539634195
-0.04500620707
-0.04467926125
-0.04441171277
-0.04419999509
-0.04404085796
-0.04393138486
-0.04386894172
-0.04385103759
-0.04387510088
-0.04393821212
-0.04403679715
-0.04416625573
-0.04432049747
-0.04449134342
-0.04466780715
-0.04483531325
-0.04497485004
-0.04506204357
-0.04506619446
-0.04494925107
-0.04466439938
-0.04415471839
-0.04335702731
-0.04220425825
-0.04061772632
-0.03850641762
-0.03577345674
-0.03231957117
-0.02804817572
-0.02287253697
-0.01672544932
-0.009572077861
-0.001426116144
0.007631196343
0.0174301491
0.02769223582
0.03801554168
0.04787384095
0.05663914316
0.06363584566
0.06823609432
0.06999390863
0.06864325679
0.06376643612
0.05699623217
-0.05348524939
-0.05609344755
-0.05816735293
-0.05924801561
-0.05961461447
-0.05941924427
-0.05879675715
-0.05787957196
-0.05678220076
-0.05559622331
-0.05439087118
-0.05321557218
-0.05210337666
-0.0510745404
-0.05013980828
-0.04930319493
-0.04856420635
-0.04791953899
-0.04736433239
-0.04689304495
-0.04650004668
-0.04618000716
-0.04592808676
-0.04573998996
-0.04561196859
-0.04554076768
-0.04552344634
-0.04555707959
-0.04563844911
-0.04576372635
-0.04592810096
-0.04612531406
-0.04634698963
-0.04658180593
-0.04681466236
-0.04702580557
-0.04718985284
-0.04727475092
-0.0472407086
-0.04703882073
-0.04660931616
-0.04588315539
-0.04478909757
-0.04324417784
-0.04114965409
-0.03839898463
-0.03488119073
-0.03048557051
-0.02510828658
-0.01866139115
-0.01108558629
-0.002367038189
0.007442192233
0.01820007568
0.02964824257
0.04138795115
0.05286664774
0.06338715718
0.07215304093
0.07836894965
0.08140421035
0.08082133594
0.07602795076
0.06884698332
-0.0591836414
-0.06215964027
-0.06441717759
-0.06542023211
-0.06553579282
-0.0649771018
-0.06392887052
-0.06256381408
-0.06102538142
-0.05942380622
-0.05783888436
-0.05632474099
-0.05491517474
-0.05362874504
-0.05247314817
-0.05144875013
-0.05055128825
-0.04977385641
-0.04910832131
-0.0485462539
-0.04807953783
-0.04770077153
-0.047403403
-0.04718169184
-0.04703070159
-0.04694627665
-0.04692480389
-0.04696277035
-0.04705639367
-0.04720131285
-0.04739224029
-0.04762254027
-0.04788344859
-0.04816307038
-0.04844551665
-0.04871004396
-0.04893004481
-0.04907193338
-0.04909401803
-0.048945185
-0.04856301396
-0.04787341779
-0.04680009
-0.04525567448
-0.04313468963
-0.04032158061
-0.03669454115
-0.03212998477
-0.02650830232
-0.01972174481
-0.01168693377
-0.002362088223
0.008232265926
0.01998743382
0.03267498547
0.04591368984
0.059142224
0.07161030784
0.08240688999
0.09055537411
0.09520125129
0.0956743136
0.0911319291
0.08358357095
-0.06585226722
-0.06926872459
-0.0717019765
-0.07252541976
-0.07224011137
-0.07115064525
-0.06951132903
-0.06754718908
-0.06543643655
-0.06330953825
-0.06125591061
-0.05933214393
-0.05757006559
-0.0559838051
-0.05457550285
-0.05333970433
-0.05226655583
-0.05134405162
-0.05055958446
-0.04990086035
-0.04935647215
-0.04891634271
-0.04857173882
-0.04831502099
-0.04813964962
-0.04804028602
-0.04801246287
-0.04805185335
-0.04815384138
-0.04831326105
-0.04852415914
-0.04877939253
-0.04906954308
-0.04938174447
-0.0496989143
-0.04999895338
-0.05025370826
-0.05042778775
-0.05047735898
-0.05034886194
-0.04997717956
-0.04928423868
-0.0481877767
-0.04659554557
-0.04439621637
-0.04146572326
-0.03767196549
-0.03287918583
-0.02695273405
-0.01976561081
-0.01121090038
-0.001219387057
0.01022108639
0.02303946487
0.03704544569
0.05188888118
0.06701878415
0.08165273892
0.09477948743
0.1052354586
0.1119043042
0.1138088211
0.1097491208
0.1019025487
-0.07382402071
-0.07775607065
-0.08032051975
-0.08078980713
-0.07987369693
-0.07801286644
-0.07555714079
-0.07279733751
-0.06995109915
-0.06716841914
-0.0645448859
-0.06213504451
-0.05996415168
-0.05803771226
-0.05634871102
-0.05488291519
-0.05362249767
-0.05254845794
-0.05164227683
-0.05088665939
-0.05026597063
-0.04976685338
-0.0493779966
-0.04908943318
-0.04889275303
-0.04878141087
-0.0487499267
-0.04879276747
-0.04890412483
-0.04907785107
-0.04930704939
-0.04958337861
-0.04989603591
-0.05023076469
-0.05056903213
-0.05088713618
-0.05115511699
-0.05133552378
-0.05138215734
-0.0512388015
-0.0508375248
-0.05009685644
-0.04892863958
-0.04723536255
-0.04490042666
-0.0417920731
-0.03776845032
-0.03268090336
-0.02637868209
-0.01871556168
-0.009561061985
0.001181814129
0.01355959469
0.02754224544
0.0429837809
0.05957775176
0.07680332512
0.09387058572
0.1096903206
0.122916243
0.1321362899
0.1359779681
0.1327336397
0.1247041295
-0.08360708383
-0.08810961768
-0.09068337212
-0.09050113141
-0.08860118025
-0.08562451834
-0.08204813019
-0.0782411504
-0.07446140862
-0.07087304264
-0.06757005286
-0.06459689764
-0.06196497104
-0.05966500342
-0.05767583024
-0.05597057413
-0.0545204684
-0.05329724406
-0.05227495098
-0.05143020432
-0.05074246846
-0.05019486673
-0.04977307423
-0.04946440247
-0.04925823385
-0.04914596688
-0.04912015212
-0.04917368096
-0.04929948642
-0.04949024153
-0.04973778562
-0.0500323363
-0.05036155647
-0.05070963022
-0.05105636852
-0.0513762288
-0.05163718074
-0.05179944656
-0.05181420576
-0.05162231643
-0.05115273748
-0.0503205939
-0.04903208785
-0.04718389505
-0.04465380063
-0.04130262498
-0.03697932645
-0.03152354586
-0.02476945635
-0.01655167463
-0.006714618285
0.004873140225
0.01829936496
0.03357850231
0.05061504251
0.06915888134
0.0887387578
0.1085857376
0.1275625833
0.1441563007
0.1566328035
0.1631221168
0.1611963801
0.1531907051
-0.09600475169
-0.1010529437
-0.1033554289
-0.1020164183
-0.09859160193
-0.09400964571
-0.08890800303
-0.08373992588
-0.07879509592
-0.07423782141
-0.07014579196
-0.06654010789
-0.06340735342
-0.06071492901
-0.05842093593
-0.05648123797
-0.05485304146
-0.05349679421
-0.05237783026
-0.05146554121
-0.05073333871
-0.050159247
-0.04972482654
-0.04941441398
-0.04921500777
-0.04911582303
-0.04910747998
-0.04918131628
-0.04932892299
-0.04954163892
-0.04980987056
-0.05012228328
-0.05046490654
-0.05082021347
-0.05116616453
-0.05147516531
-0.05171290011
-0.0518370582
-0.05179601231
-0.05152751049
-0.05095717226
-0.04999657341
-0.04854663071
-0.0464977388
-0.04372136501
-0.04007064943
-0.03538494021
-0.02949166717
-0.02220936821
-0.01335275025
-0.002740575622
0.009792487772
0.02437896397
0.04109316034
0.05991302276
0.08066017894
0.1029310133
0.1260126471
0.1487599063
0.1695254925
0.1862394312
0.1964179059
0.1966153938
0.1890350274
-0.112331039
-0.1176766608
-0.1191068556
-0.1157556213
-0.109982024
-0.1031091604
-0.0959577222
-0.08905211638
-0.08268738224
-0.07699930307
-0.07202403179
-0.06773887744
-0.06409027056
-0.06101167279
-0.05843317723
-0.05628842328
-0.0545167121
-0.05306398804
-0.05188421879
-0.05093822761
-0.05019303616
-0.04962141847
-0.04920082624
-0.04891254755
-0.04874113087
-0.04867366549
-0.04869897071
-0.04880686264
-0.04898754097
-0.04923093661
-0.04952597429
-0.04985973895
-0.05021658816
-0.05057720606
-0.05091760708
-0.05120804722
-0.05141183955
-0.05148406858
-0.05137025213
-0.05100499636
-0.05031052005
-0.04919479605
-0.04755387152
-0.04527168211
-0.04221290723
-0.03822285986
-0.03313089063
-0.02675149569
-0.01888631818
-0.009327909234
0.002134235125
0.01570436133
0.03156635362
0.04986172646
0.07065522012
0.09387990526
0.1192544814
0.1461526429
0.1734812501
0.1995191812
0.2218732035
0.2373173647
0.2409826609
0.2346507175
-0.1348184761
-0.1396466766
-0.1389569014
-0.132154199
-0.1227947768
-0.1126954013
-0.1028431541
-0.09377870913
-0.08574329763
-0.07879229349
-0.07288101561
-0.06791544833
-0.06378206306
-0.06036657356
-0.05756133052
-0.055271118
-0.05341386718
-0.05191973903
-0.0507305136
-0.04979796916
-0.0490825063
-0.04855184225
-0.0481796365
-0.04794433326
-0.04782821867
-0.04781649657
-0.04789639955
-0.04805636597
-0.04828530221
-0.04857182931
-0.04890349405
-0.0492659079
-0.04964184484
-0.05001026898
-0.05034531056
-0.05061514765
-0.05078081118
-0.05079488942
-0.05060018151
-0.0501283148
-0.04929827091
-0.04801457173
-0.04616887177
-0.04363884996
-0.04028239766
-0.0359371655
-0.03042249165
-0.02353957675
-0.01507223134
-0.004788847869
0.007554059016
0.02220594431
0.03941242795
0.05939866549
0.08234087909
0.1083170132
0.1372232989
0.1686337937
0.2015922372
0.2343915186
0.2644025648
0.2875544036
0.2970370772
0.2936959628
-0.1674565967
-0.1695425559
-0.1641699602
-0.1515204921
-0.136766129
-0.1222206339
-0.1089201173
-0.09728427906
-0.08738879895
-0.07912774919
-0.07231676226
-0.06675142418
-0.06223280851
-0.05858446436
-0.05565422895
-0.0533142763
-0.05145896773
-0.05000192712
-0.04887309875
-0.04801591389
-0.04738481942
-0.04694324669
-0.04666174953
-0.046516532
-0.04648815053
-0.04656044472
-0.04671948923
-0.04695271919
-0.04724805154
-0.04759310043
-0.04797430281
-0.04837607134
-0.04877983676
-0.04916309362
-0.04949832579
-0.04975190626
-0.04988286728
-0.04984163029
-0.04956862892
-0.04899292293
-0.04803068905
-0.04658346257
-0.04453911584
-0.04176976489
-0.03812714465
-0.03344192251
-0.02752404579
-0.0201618564
-0.01112135556
-0.0001459723462
0.01304309343
0.02874550225
0.04727830134
0.06896796485
0.09413309877
0.123048157
0.1558708243
0.1925012443
0.2323287264
0.2738600056
0.3143992021
0.3491417015
0.3688368275
0.3723834366
-0.2175151387
-0.2113162593
-0.1961258801
-0.1737320043
-0.1510451807
-0.1305803804
-0.1130942866
-0.09861282668
-0.08684567637
-0.07739914242
-0.06987034594
-0.06390231037
-0.05919120156
-0.05548754098
-0.05258995456
-0.05033764737
-0.04860301693
-0.04728511573
-0.04630425003
-0.04559750558
-0.04511520405
-0.04481805788
-0.04467488622
-0.04466075104
-0.04475546107
-0.04494228984
-0.0452068754
-0.04553622197
-0.04591780225
-0.04633868203
-0.04678465784
-0.04723935658
-0.04768330436
-0.04809293459
-0.04843953881
-0.04868814072
-0.04879629283
-0.04871279335
-0.04837632781
-0.04771405623
-0.0466401027
-0.04505384113
-0.04284022517
-0.03986705641
-0.03598129088
-0.03100799865
-0.02474930103
-0.01698237332
-0.007457107969
0.004106591532
0.01802220301
0.03464080381
0.0543559897
0.07760844462
0.1048870103
0.1367181592
0.1736258015
0.216022225
0.2639555944
0.3166331747
0.3717410801
0.4241025864
0.462021038
0.4811903333
-0.2971092479
-0.2702781091
-0.2355813387
-0.1974839472
-0.1636251316
-0.1357801742
-0.1136852391
-0.09647096228
-0.08316797632
-0.07293604656
-0.0650849223
-0.05907071509
-0.05447328598
-0.05097128098
-0.04831951412
-0.04633077823
-0.04486188586
-0.04380290699
-0.043069228
-0.04259542914
-0.0423308152
-0.04223587984
-0.04227972012
-0.04243786869
-0.04269071377
-0.04302205595
-0.0434180236
-0.04386597561
-0.0443536442
-0.04486818154
-0.04539535314
-0.04591858145
-0.0464180778
-0.04686980583
-0.0472444945
-0.04750647652
-0.04761254646
-0.04751065083
-0.04713858359
-0.04642253586
-0.04527562028
-0.04359625929
-0.04126766233
-0.03815508545
-0.03410278952
-0.02893242242
-0.02244093451
-0.01439756654
-0.004540020003
0.007430688813
0.02185742401
0.03913722105
0.05973594072
0.08420868459
0.1132266547
0.147608226
0.1883431783
0.2365751515
0.2934562385
0.3597187658
0.4346118045
0.5130027493
0.5807737313
0.6309630247
-0.4312393392
-0.3522341971
-0.2788056181
-0.217379995
-0.1696569736
-0.1340902102
-0.1080910595
-0.08913090131
-0.0752550355
-0.06507112286
-0.05757856951
-0.05205898727
-0.04799893961
-0.0450293115
-0.04288178952
-0.04135947851
-0.04031650535
-0.03964388475
-0.03925949651
-0.03910110778
-0.0391212209
-0.03928343299
-0.03955958394
-0.03992770619
-0.04037028913
-0.04087300082
-0.041423485
-0.04201043207
-0.0426226117
-0.04324807243
-0.04387323596
-0.04448208268
-0.04505519951
-0.04556887148
-0.04599402487
-0.04629517984
-0.04642925516
-0.04634435939
-0.04597844597
-0.04525794142
-0.04409623617
-0.04239224533
-0.04002909462
-0.03687173474
-0.03276428922
-0.02752793126
-0.02095815846
-0.01282113179
-0.002848739097
0.009268361543
0.02389097294
0.04144677821
0.0624539299
0.08755735285
0.1175844
0.1536286038
0.1971696506
0.2502257738
0.3154970723
0.3963442045
0.4957630072
0.611591864
0.7296065207
0.8411951923
-0.729084492
-0.4676750045
-0.3076205851
-0.2174152912
-0.1577708184
-0.117748192
-0.09133212033
-0.0735026701
-0.06118830316
-0.05260392572
-0.04659187141
-0.04237798889
-0.03944601243
-0.03744419934
-0.0361264353
-0.03531735411
-0.03489012344
-0.0347517608
-0.03483334979
-0.03508340563
-0.03546322027
-0.03594353969
-0.03650209939
-0.0371217709
-0.03778909326
-0.0384930971
-0.03922429021
-0.03997377779
-0.04073243221
-0.04149011196
-0.04223486278
-0.04295211261
-0.04362380861
-0.04422751609
-0.04473543804
-0.04511337777
-0.04531961174
-0.04530369695
-0.04500518823
-0.04435228831
-0.04326040983
-0.04163076059
-0.03934875021
-0.03628186023
-0.03227729967
-0.02715964012
-0.02072793344
-0.01275191932
-0.002966827554
0.008934092072
0.02331078798
0.04059380258
0.06131196994
0.08613751452
0.1159609931
0.1520179892
0.1961055682
0.250953262
0.3208591288
0.4126819675
0.5365277058
0.7049794939
0.9401550643
1.267197591
-1.423179299
-0.643417006
-0.3268140562
-0.2073667562
-0.1353668487
-0.09181852567
-0.06721987569
-0.05254295935
-0.04329398236
-0.03739893043
-0.03364408275
-0.03128286404
-0.02986427086
-0.02910368356
-0.02881157424
-0.02885762692
-0.02915005181
-0.02962281185
-0.03022771467
-0.03092929638
-0.03170136667
-0.03252454591
-0.03338447115
-0.03427040303
-0.03517413291
-0.03608905489
-0.0370093742
-0.03792936701
-0.03884269233
-0.03974169433
-0.04061670317
-0.04145528589
-0.04224146055
-0.04295483716
-0.04356970094
-0.04405401064
-0.044368328
-0.04446466012
-0.04428523166
-0.04376117648
-0.04281117272
-0.04134002784
-0.03923710793
-0.03637442967
-0.03260449236
-0.02775797118
-0.02164102734
-0.01403185364
-0.004675982541
0.006720443024
0.02050081566
0.03707402581
0.05694056426
0.08073688697
0.1093139688
0.1438825175
0.1862930156
0.2395999481
0.3092625218
0.4056949721
0.5486009617
0.7772464676
1.216290628
2.136544553
)
;

boundaryField
{
    movingWall
    {
        type            zeroGradient;
    }
    fixedWalls
    {
        type            zeroGradient;
    }
    frontAndBack
    {
        type            empty;
    }
}


// ************************************************************************* //
