/*--------------------------------*- C++ -*----------------------------------*\
  =========                 |
  \\      /  F ield         | OpenFOAM: The Open Source CFD Toolbox
   \\    /   O peration     | Website:  https://openfoam.org
    \\  /    A nd           | Version:  11
     \\/     M anipulation  |
\*---------------------------------------------------------------------------*/
FoamFile
{
    format      ascii;
    class       volScalarField;
    location    "700";
    object      p;
}
// * * * * * * * * * * * * * * * * * * * * * * * * * * * * * * * * * * * * * //

dimensions      [0 2 -2 0 0 0 0];

internalField   nonuniform List<scalar> 
4096
(
1.871165393e-08
-3.436872741e-05
-0.000146256098
-0.0003282096678
-0.0005553017468
-0.0008070730333
-0.001067036898
-0.001322081323
-0.00156214474
-0.001779723464
-0.001969353237
-0.002127149137
-0.002250418022
-0.002337342179
-0.002386729066
-0.00239782044
-0.002370153803
-0.002303469231
-0.002197655002
-0.002052725805
-0.001868827626
-0.001646263819
-0.001385537134
-0.001087402854
-0.000752928437
-0.000383555398
1.884063661e-05
0.0004518954364
0.000912710787
0.001397821434
0.001903177285
0.002424143428
0.002955520668
0.003491587062
0.00402615986
0.004552681824
0.005064330766
0.005554148853
0.006015189959
0.006440681636
0.006824197366
0.00715983394
0.007442388273
0.007667527555
0.007831946618
0.00793350665
0.00797135008
0.007945987441
0.007859353395
0.007714830744
0.007517243051
0.007272818401
0.006989128552
0.00667500904
0.006340466269
0.005996576318
0.005655374384
0.005329726906
0.005033150295
0.004779451382
0.00458200288
0.004452999003
0.004401847606
0.004412415323
3.409852572e-05
-5.046916705e-07
-9.818762255e-05
-0.0002545186711
-0.0004493755746
-0.0006661244984
-0.0008911021245
-0.001113080022
-0.001323134739
-0.001514379698
-0.001681622138
-0.001821028859
-0.001929827489
-0.00200605167
-0.002048332465
-0.002055734715
-0.002027635139
-0.001963638016
-0.001863523877
-0.001727226455
-0.001554833222
-0.001346604868
-0.001103009321
-0.000824766016
-0.0005128963902
-0.0001687767165
0.0002058103479
0.0006086289737
0.001036951351
0.001487529877
0.001956583
0.002439797159
0.002932347747
0.003428938918
0.003923861131
0.004411071868
0.00488429765
0.005337153676
0.005763279895
0.006156490361
0.006510931754
0.006821246338
0.007082734026
0.007291507904
0.007444637523
0.007540274502
0.007577755613
0.007557679413
0.007481953697
0.007353812492
0.007177802864
0.006959743302
0.006706656795
0.006426682474
0.006128969541
0.005823555418
0.005521226433
0.00523335081
0.004971655386
0.004747848174
0.004573013527
0.004457576676
0.0044117449
0.00442274447
0.0001465525037
9.656923124e-05
-2.168862279e-06
-0.000145371955
-0.0003185185727
-0.0005089683494
-0.0007059100111
-0.0009001617609
-0.001084184941
-0.001251974431
-0.001398859382
-0.001521280419
-0.001616573735
-0.001682776751
-0.001718462738
-0.001722607258
-0.001694486334
-0.001633604563
-0.001539650399
-0.001412475281
-0.00125209302
-0.001058695765
-0.0008326828336
-0.000574698821
-0.0002856774434
3.311227305e-05
0.0003800207287
0.0007529765357
0.001149452326
0.001566440356
0.002000440399
0.002447462212
0.002903045862
0.003362298934
0.003819949509
0.004270421577
0.004707930175
0.005126592583
0.00552055494
0.00588413127
0.006211951035
0.006499110733
0.006741324479
0.006935068184
0.007077711874
0.007167634909
0.007204319412
0.007188418057
0.007121793456
0.00700752771
0.006849902024
0.006654347662
0.00642737053
0.006176452291
0.005909930666
0.005636860039
0.005366850782
0.005109882494
0.004876074818
0.004675344683
0.00451693962
0.00440990269
0.004365074832
0.004372477026
0.0003315860224
0.0002535297447
0.0001383791437
-6.813397895e-06
-0.0001729831341
-0.0003507291722
-0.0005315866871
-0.0007082589684
-0.0008746369292
-0.001025749808
-0.001157650573
-0.001267267204
-0.001352247183
-0.001410811173
-0.001441624823
-0.001443693222
-0.001416279568
-0.001358847715
-0.001271027037
-0.001152597302
-0.001003490857
-0.0008238091502
-0.000613850551
-0.0003741463952
-0.000105502206
0.0001909589078
0.0005137536005
0.0008609992429
0.001230381227
0.001619129252
0.002024004947
0.002441303089
0.002866870134
0.003296138501
0.003724174486
0.004145749416
0.00455542984
0.004947682919
0.005316997025
0.005658014587
0.005965673443
0.006235352293
0.006463015251
0.00664535014
0.006779895048
0.006865147848
0.006900653901
0.00688706794
0.00682618723
0.006720954349
0.006575429293
0.006394731929
0.006184956922
0.005953063981
0.005706746411
0.005454280217
0.005204354852
0.004965886599
0.0047478102
0.004558801626
0.004406955516
0.004300398017
0.004249369546
0.004246086336
0.0005659218653
0.0004513758119
0.0003097514911
0.0001527642858
-1.595519509e-05
-0.0001898745597
-0.0003625845029
-0.0005285512632
-0.0006830891199
-0.0008223273877
-0.0009431490037
-0.001043092341
-0.001120239816
-0.001173109285
-0.001200557015
-0.001201697149
-0.001175839954
-0.001122449273
-0.001041118387
-0.0009315626943
-0.000793627108
-0.0006273058317
-0.0004327719618
-0.0002104143233
3.912110237e-05
0.0003148878006
0.0006155960359
0.0009395734693
0.001284731669
0.001648541025
0.002028016367
0.002419715552
0.002819755192
0.003223841651
0.00362731373
0.004025210092
0.00441235573
0.004783463304
0.005133250001
0.005456567037
0.005748538049
0.006004701973
0.006221155345
0.006394688515
0.006522910115
0.006604354257
0.006638565401
0.006626156647
0.006568838271
0.006469414646
0.006331749104
0.006160697742
0.00596201443
0.00574223032
0.00550851171
0.005268500178
0.005030138824
0.004801489486
0.00459054331
0.004404999294
0.004252047114
0.004138848813
0.004073890908
0.004052178343
0.000830043543
0.0006739074469
0.0004993754407
0.0003238170595
0.0001456906182
-3.10102347e-05
-0.0002016840197
-0.0003624218277
-0.0005099066905
-0.0006413724414
-0.0007545748989
-0.0008477271064
-0.0009194190853
-0.0009685377823
-0.0009941951351
-0.0009956688672
-0.0009723584131
-0.0009237567045
-0.000849437406
-0.0007490564336
-0.0006223661169
-0.000469240064
-0.0002897066138
-8.398864644e-05
0.0001474525426
0.0004038716572
0.0006841944974
0.0009869761727
0.001310364896
0.001652073813
0.002009363137
0.002379034939
0.002757445174
0.003140531158
0.003523848823
0.00390263674
0.004271899914
0.004626508403
0.004961312265
0.00527126994
0.005551586285
0.00579785576
0.006006205535
0.006173432774
0.0062971301
0.006375793385
0.006408906404
0.006396997746
0.006341666488
0.006245574521
0.006112404998
0.005946787978
0.005754195871
0.005540812611
0.00531338147
0.005079037067
0.004845127586
0.004619034021
0.004407991642
0.004218908498
0.004058223605
0.003932109379
0.003846719794
0.003800440653
0.001107367181
0.0009069739789
0.0006956227291
0.0004968235018
0.0003042592228
0.0001197095717
-5.379982006e-05
-0.0002138355119
-0.0003583656803
-0.0004856950242
-0.0005944538092
-0.0006835537502
-0.0007521286544
-0.0007994751542
-0.0008250002849
-0.0008281798412
-0.000808529669
-0.0007655906128
-0.0006989268311
-0.0006081365382
-0.000492873796
-0.0003528797187
-0.0001880212723
1.664261507e-06
0.0002159211874
0.0004542257798
0.0007157373569
0.0009992523432
0.001303163713
0.001625428252
0.001963543932
0.002314539874
0.002674983876
0.003041006251
0.003408331196
0.003772337517
0.004128140709
0.004470689861
0.004794882142
0.005095691873
0.00536831034
0.005608291714
0.005811699594
0.00597524811
0.006096431196
0.006173633691
0.006206218362
0.006194583769
0.006140189083
0.006045543489
0.005914159547
0.005750471697
0.005559722933
0.005347824278
0.005121193038
0.004886576861
0.004650871241
0.004420938007
0.004203430722
0.004004641905
0.003830421432
0.003686037481
0.003575171196
0.003500032713
0.001383523512
0.001137850775
0.0008875728169
0.0006625221576
0.0004520076554
0.0002558786849
7.578629674e-05
-8.71689489e-05
-0.0002321467308
-0.0003584682889
-0.0004656133937
-0.0005531879313
-0.0006208779414
-0.0006684051245
-0.0006954893242
-0.0007018210863
-0.000687046026
-0.0006507615321
-0.0005925254894
-0.0005118761473
-0.0004083619132
-0.0002815796234
-0.0001312196939
4.288356351e-05
0.0002406982818
0.0004619399779
0.0007060171606
0.0009719798204
0.001258473159
0.001563699029
0.00188538743
0.002220780716
0.002566635829
0.002919244367
0.003274457532
0.003627743341
0.003974267703
0.004308990322
0.004626779725
0.004922544418
0.005191376181
0.005428700714
0.005630429868
0.005793109024
0.00591405275
0.005991461869
0.006024515457
0.006013432165
0.005959496493
0.005865047346
0.005733428081
0.005568899367
0.00537651826
0.005161988843
0.004931491414
0.004691498496
0.00444858666
0.004209251719
0.00397973315
0.003765883281
0.003573140252
0.003406030918
0.003265868697
0.00315899889
0.001646046193
0.001355120494
0.001065053095
0.0008119867218
0.0005812056974
0.0003708582423
0.0001813853698
1.268084075e-05
-0.0001355145244
-0.0002634754856
-0.0003714910694
-0.0004598380671
-0.0005287434018
-0.0005783501299
-0.0006086913452
-0.0006196742266
-0.0006110754713
-0.0005825483708
-0.0005336410948
-0.0004638253069
-0.0003725339648
-0.0002592069849
-0.0001233433266
3.544205204e-05
0.000217358038
0.0004223758151
0.000650167903
0.0009000499459
0.001170927616
0.001461251157
0.001768980023
0.002091560455
0.002425921578
0.002768491437
0.003115215043
0.003461607302
0.003802833685
0.004133805383
0.004449295525
0.004744073381
0.005013052437
0.005251447385
0.005454933999
0.005619805021
0.005743114672
0.005822804338
0.00585780229
0.005848091205
0.005794738577
0.005699886904
0.005566702671
0.005399285474
0.005202541044
0.004982024143
0.004743759228
0.004494048301
0.004239276055
0.003985719686
0.003739368971
0.00350581346
0.003290268234
0.003096721438
0.002924338052
0.002783798682
0.001883984361
0.001548488381
0.001218610175
0.0009366707696
0.0006842149329
0.0004578656753
0.0002569823722
8.035772731e-05
-7.328312783e-05
-0.0002051045875
-0.0003161575034
-0.0004073552003
-0.0004794410741
-0.0005329623118
-0.0005682528168
-0.0005854267431
-0.0005843833902
-0.0005648234323
-0.0005262759053
-0.0004681350399
-0.0003897058355
-0.0002902571444
-0.0001690809412
-2.555635637e-05
0.0001407830764
0.000330180672
0.0005425882578
0.0007776003954
0.001034393554
0.001311672843
0.001607628894
0.001919907966
0.002245600972
0.002581254993
0.002922884056
0.003266016375
0.003605774995
0.00393697209
0.004254226592
0.004552101992
0.00482526012
0.00506862579
0.005277556009
0.005448006462
0.005576687341
0.005661200378
0.005700149268
0.005693216473
0.005641200853
0.00554601246
0.005410623171
0.005238974452
0.005035846213
0.004806693282
0.004557458185
0.004294370689
0.004023745279
0.003751783699
0.003484388009
0.003227062723
0.00298499255
0.002761843076
0.002554881108
0.002379252908
0.002087538822
0.001708569581
0.001339428111
0.001028412977
0.000753555444
0.0005100830001
0.0002963693238
0.000110191117
-5.066958122e-05
-0.0001882067057
-0.00030418377
-0.000400110745
-0.000477215283
-0.0005364225987
-0.0005783459494
-0.0006032883231
-0.0006112556278
-0.000601981092
-0.0005749601695
-0.0005294950098
-0.0004647474234
-0.0003797991967
-0.0002737185369
-0.0001456313379
5.204180226e-06
0.0001793210904
0.0003769675037
0.0005980325814
0.0008419772526
0.001107772339
0.001393846833
0.001698049689
0.002017630726
0.002349246754
0.002688965026
0.003032302499
0.003374306692
0.003709648595
0.004032741485
0.00433788248
0.004619412568
0.004871889904
0.005090269855
0.005270084077
0.005407610143
0.005500022866
0.005545518685
0.005543405269
0.00549414996
0.005399382689
0.005261851527
0.005085331929
0.004874493692
0.004634732548
0.004371975766
0.00409247318
0.00380258582
0.00350857914
0.003216426279
0.002931722051
0.002659811015
0.002404246899
0.002160637412
0.001948695365
0.002247783701
0.001826706874
0.001419241028
0.001079420435
0.0007819422397
0.0005207312526
0.0002932443643
9.630858212e-05
-7.317634251e-05
-0.0002179798656
-0.0003405306089
-0.0004428936254
-0.0005267447136
-0.0005933558138
-0.000643592319
-0.0006779221518
-0.0006964364795
-0.0006988815501
-0.0006847008456
-0.0006530866093
-0.0006030397369
-0.0005334369773
-0.0004431043417
-0.0003308955233
-0.0001957739865
-3.689716914e-05
0.0001462990227
0.0003540175673
0.0005860220098
0.0008415652717
0.001119328506
0.001417373672
0.001733115204
0.00206331926
0.002404100358
0.00275094922
0.003098814017
0.003442190851
0.003775243083
0.004091946361
0.004386255048
0.004652284864
0.004884505054
0.005077931991
0.005228315168
0.00533230597
0.005387599683
0.005393041917
0.005348692057
0.005255838451
0.005116962789
0.004935654211
0.004716477071
0.00446479944
0.004186592293
0.003888211651
0.003576176892
0.003256952149
0.002936736367
0.002621385219
0.002316586864
0.002025980925
0.001743718717
0.001494188363
0.002356462515
0.001894832387
0.001450259223
0.001082247618
0.000762306788
0.0004831242781
0.0002412880027
3.272595118e-05
-0.0001464944443
-0.0002998708888
-0.0004304529523
-0.0005408199966
-0.0006330587396
-0.0007087541557
-0.0007689934311
-0.0008143820995
-0.0008450718386
-0.0008607992223
-0.0008609345673
-0.000844539965
-0.0008104355777
-0.0007572732706
-0.0006836166117
-0.0005880261775
-0.0004691489394
-0.0003258102716
-0.0001571068106
3.75019515e-05
0.0002581058611
0.0005042629564
0.0007749280694
0.001068395226
0.001382258963
0.001713404267
0.002057997864
0.002411499757
0.002768744967
0.003124030057
0.003471231774
0.003803954777
0.004115704199
0.004400077966
0.004650972147
0.004862790938
0.005030651669
0.005150574455
0.005219645935
0.005236147121
0.005199636757
0.005110983713
0.00497234482
0.004787087937
0.00455966372
0.004295433158
0.00400046117
0.00368128933
0.003344701927
0.002997492343
0.002646235572
0.002297213274
0.001956633424
0.001628401665
0.001305371889
0.001016753032
0.002405850934
0.001905367387
0.001425112893
0.001029779613
0.0006878140191
0.0003907129395
0.0001342277012
-8.657415228e-05
-0.000276416632
-0.000439484826
-0.0005794092074
-0.0006992449001
-0.0008014530726
-0.0008878977156
-0.0009598564106
-0.001018043489
-0.001062644701
-0.001093362524
-0.001109471244
-0.001109880958
-0.00109320972
-0.001057863059
-0.001002120062
-0.0009242251353
-0.0008224843606
-0.0006953651028
-0.0005415971937
-0.0003602736063
-0.0001509480978
8.627310584e-05
0.0003506488083
0.0006407340224
0.0009543298978
0.001288460678
0.001639362473
0.002002471787
0.002372507892
0.002743553285
0.003109169875
0.003462548097
0.003796684809
0.004104585218
0.004379482173
0.004615064237
0.004805702441
0.004946664509
0.005034304916
0.00506621945
0.005041354202
0.004960060993
0.004824094241
0.004636547895
0.004401735104
0.004125017345
0.003812593422
0.003471262059
0.003108173337
0.002730576055
0.0023455673
0.001960014702
0.001580815556
0.00121230657
0.0008461545471
0.0005165929166
0.002388666528
0.001851158585
0.001336816414
0.000915224284
0.0005518803071
0.0002371252393
-3.410427317e-05
-0.0002675712616
-0.0004687573525
-0.0006424996773
-0.0007929737128
-0.0009236747484
-0.001037403875
-0.001136271219
-0.001221713876
-0.001294526236
-0.00135490145
-0.001402483041
-0.001436425803
-0.00145546526
-0.001457995062
-0.001442151754
-0.001405906328
-0.001347161857
-0.001263856328
-0.001154069487
-0.001016132138
-0.0008487359039
-0.0006510409401
-0.0004227786915
-0.0001643463606
0.0001231118895
0.0004376426211
0.0007764419325
0.001135846253
0.001511289084
0.001897384122
0.002287996997
0.002676356565
0.003055203436
0.003416971815
0.003754000419
0.004058766065
0.004324131325
0.004543595729
0.004711538509
0.004823440054
0.004876069214
0.004867624591
0.004797819902
0.004667906576
0.004480630532
0.004240124558
0.003951742226
0.003621843601
0.00325754693
0.002866462618
0.002456416768
0.002035171196
0.001610336083
0.001189663436
0.0007780721488
0.0003661079629
-6.694323225e-06
0.002298021594
0.00172544185
0.001178750655
0.0007321146629
0.0003481953519
1.620585554e-05
-0.000269716299
-0.0005161404964
-0.0007292771773
-0.0009145845855
-0.001076751095
-0.001219679759
-0.0013464797
-0.001459476429
-0.001560237368
-0.001649609539
-0.001727767809
-0.001794272586
-0.001848136144
-0.001887896984
-0.001911701838
-0.001917394973
-0.001902614472
-0.001864895032
-0.001801776624
-0.001710918047
-0.001590213985
-0.001437913702
-0.001252738982
-0.001033998387
-0.0007816945518
-0.0004966191273
-0.0001804282244
0.0001642933171
0.0005340276586
0.0009242411295
0.00132946683
0.001743364567
0.002158824102
0.002568110356
0.002963047066
0.003335235377
0.003676301534
0.003978165217
0.004233317768
0.004435097542
0.004577948306
0.004657646095
0.004671480513
0.004618378226
0.004498959344
0.004315521397
0.004071950431
0.003773563858
0.003426894729
0.00303943187
0.002619333214
0.002175119913
0.001715359
0.001248558416
0.0007834894192
0.0003257964774
-0.0001350734243
-0.0005539213046
0.002127402636
0.001521831731
0.0009446629481
0.0004743221368
7.07496101e-05
-0.0002779426087
-0.000578403618
-0.0008379880215
-0.001063609468
-0.001261319656
-0.001436291006
-0.001592805093
-0.001734250184
-0.001863139218
-0.001981143301
-0.002089136942
-0.002187253045
-0.002274946453
-0.002351065257
-0.002413929483
-0.002461416977
-0.002491056442
-0.002500127589
-0.002485768246
-0.00244508805
-0.002375288014
-0.00227378482
-0.002138338171
-0.001967178937
-0.001759135282
-0.00151375356
-0.001231408637
-0.0009133943441
-0.0005620096603
-0.0001805682933
0.0002264828644
0.00065363852
0.001094380215
0.001541267573
0.001986076581
0.002419982019
0.002833781571
0.003218156624
0.00356396181
0.003862532484
0.004105996769
0.004287576822
0.004401862809
0.004445043099
0.004415075518
0.004311787245
0.004136895056
0.003893942754
0.003588158443
0.003226240134
0.002816084078
0.002366474094
0.001886739903
0.001386393407
0.000874997073
0.0003625092689
-0.0001445614129
-0.0006578807061
-0.001126127974
0.001870677387
0.001234328177
0.0006286804541
0.0001360791469
-0.0002861324867
-0.0006509155661
-0.0009656938011
-0.00123858688
-0.001477187701
-0.001688115986
-0.001877002034
-0.002048479688
-0.002206190632
-0.002352810493
-0.002490090599
-0.002618910849
-0.002739341357
-0.002850711525
-0.002951685859
-0.003040346306
-0.003114281221
-0.003170681214
-0.003206442204
-0.003218275839
-0.003202827263
-0.003156799838
-0.003077085971
-0.002960902659
-0.0028059297
-0.002610447911
-0.002373474283
-0.002094888953
-0.001775543866
-0.001417368501
-0.001023395866
-0.0005979119553
-0.0001463989312
0.000324493587
0.000807022486
0.001292477847
0.001771360063
0.002233606196
0.002668861882
0.003066791709
0.003417417572
0.003711471248
0.003940744644
0.004098419166
0.004179354868
0.004180320747
0.00410014986
0.003939807037
0.003702362389
0.003392870324
0.003018160675
0.002586555759
0.002107532471
0.001591337895
0.001048568883
0.000490003373
-7.303784502e-05
-0.0006330409756
-0.001202832878
-0.001724410469
0.001522115575
0.0008573403109
0.0002253360943
-0.0002879894937
-0.0007277537792
-0.001107959241
-0.001436790737
-0.001723112294
-0.001975172495
-0.002200135021
-0.002404064025
-0.002591922133
-0.002767581934
-0.002933860506
-0.003092569575
-0.00324457599
-0.003389869798
-0.003527638454
-0.003656346547
-0.003773821033
-0.003877342366
-0.003963742149
-0.004029507961
-0.004070895956
-0.004084051581
-0.004065138408
-0.00401047461
-0.003916676039
-0.003780804158
-0.003600516438
-0.003374216421
-0.003101198224
-0.002781773529
-0.002417403058
-0.002010746951
-0.001565829523
-0.00108802659
-0.0005840491963
-6.189347286e-05
0.0004692684486
0.000999254873
0.001517098533
0.002011326244
0.002470288517
0.002882529441
0.003237183019
0.003524378438
0.00373563361
0.003864214515
0.003905437576
0.003856894011
0.003718578823
0.003492912824
0.003184653238
0.002800696566
0.002349786268
0.001842144886
0.001289039591
0.0007022934865
9.406811158e-05
-0.0005227659292
-0.001139542707
-0.001770324766
-0.002349756093
0.001076427446
0.000385719502
-0.000270397462
-0.0008028288973
-0.001259001214
-0.001653920758
-0.001996517154
-0.002296376187
-0.002562378017
-0.002802206894
-0.003022338522
-0.003228043395
-0.003423405728
-0.003611366508
-0.003793782034
-0.00397149181
-0.004144392703
-0.004311517762
-0.004471119161
-0.004620755461
-0.004757383888
-0.004877458629
-0.004977036204
-0.005051888945
-0.005097627367
-0.005109831873
-0.005084193789
-0.005016665073
-0.004903615403
-0.004741994554
-0.004529497742
-0.004264728878
-0.003947347641
-0.003578222724
-0.003159531906
-0.002694913279
-0.002189527589
-0.001650051106
-0.001084656571
-0.0005029288919
8.428380322e-05
0.0006650855922
0.001226815099
0.00175639112
0.002240713204
0.002667103945
0.003023774776
0.003300292679
0.003488021945
0.003580513529
0.003573815182
0.003466678679
0.003260646168
0.002960005515
0.002571613995
0.00210460057
0.001569966412
0.0009800929872
0.0003481722772
-0.0003120730906
-0.0009860190497
-0.001663686995
-0.00236047377
-0.003002882619
0.0005288073504
-0.0001851973233
-0.0008630664444
-0.001412911459
-0.001884299489
-0.002293196383
-0.002649256226
-0.002962761286
-0.003243197985
-0.003498747952
-0.003736277564
-0.003961346708
-0.004178235185
-0.004389994223
-0.004598513157
-0.004804594409
-0.005008033227
-0.005207700465
-0.005401627926
-0.005587096665
-0.005760729298
-0.005918587665
-0.006056277378
-0.006169060729
-0.006251979246
-0.00629998685
-0.006308094092
-0.00627152338
-0.006185874342
-0.006047297714
-0.005852675948
-0.005599806262
-0.005287569557
-0.00491610174
-0.004486966038
-0.004003264599
-0.003469807058
-0.002893108991
-0.0022814122
-0.001644633707
-0.0009942426324
-0.0003430614153
0.0002950121248
0.0009053610473
0.001473077777
0.001983452825
0.002422505538
0.002777532658
0.00303764541
0.003194262453
0.003241525121
0.003176603448
0.002999866807
0.002714901414
0.002328367813
0.001849704824
0.001290698697
0.0006649267793
-1.290720577e-05
-0.0007273307005
-0.001461741924
-0.002204672054
-0.002972966289
-0.003684075623
-0.0001250119094
-0.0008595414928
-0.00155669184
-0.002122191947
-0.002607563385
-0.003029679337
-0.003398893362
-0.003726155694
-0.004021532071
-0.004293678238
-0.004549831634
-0.004795825456
-0.005036122375
-0.005273874206
-0.005510996346
-0.00574824931
-0.005985323418
-0.006220924751
-0.006452861961
-0.006678134539
-0.006893023901
-0.007093189054
-0.007273768816
-0.007429492568
-0.007554801362
-0.007643980882
-0.007691307337
-0.007691206768
-0.007638427529
-0.007528224834
-0.007356556223
-0.007120284926
-0.006817372944
-0.006447065942
-0.006010156193
-0.005509036319
-0.004947999383
-0.004333241579
-0.003672930832
-0.002977198718
-0.00225805317
-0.001529206431
-0.0008058110225
-0.0001041008312
0.0005590598051
0.00116670933
0.001702387203
0.002150771966
0.002498326665
0.002733913453
0.002849336064
0.002839769216
0.002704038459
0.002444722589
0.002068063069
0.001583681029
0.00100411828
0.0003442108311
-0.0003796853873
-0.001150147196
-0.001948346786
-0.002761122804
-0.003606896003
-0.004393021598
-0.0008887064486
-0.001640862074
-0.002354723074
-0.002934062083
-0.00343215062
-0.003866708833
-0.004248759683
-0.004589889294
-0.004900713976
-0.005190340174
-0.005466358041
-0.005734860465
-0.006000483715
-0.006266474762
-0.006534772896
-0.006806097138
-0.007080035092
-0.007355131181
-0.007628973877
-0.007898282764
-0.008158997072
-0.008406367874
-0.008635056373
-0.008839240798
-0.009012734265
-0.00914911573
-0.009241875731
-0.009284578074
-0.009271037909
-0.009195515735
-0.009052926766
-0.008839064303
-0.008550820508
-0.008186386563
-0.007745582226
-0.007229911525
-0.006642952435
-0.005990387581
-0.005280128777
-0.004522362273
-0.003729508747
-0.002916090171
-0.002098491844
-0.001294611922
-0.0005233968878
0.0001957309685
0.0008435389484
0.00140171714
0.001853644429
0.002185143608
0.002385175791
0.002446422059
0.002365703119
0.002144195929
0.00178741985
0.001304984006
0.0007101078291
1.892100319e-05
-0.0007504351597
-0.001578374811
-0.002443568607
-0.003330932448
-0.004260594219
-0.005128630181
-0.001765303912
-0.002532078281
-0.003259994191
-0.003851307587
-0.004360817592
-0.004807022434
-0.005201579057
-0.005556673758
-0.00588344291
-0.00619142019
-0.006488531545
-0.006781118596
-0.007073985597
-0.007370473711
-0.007672549027
-0.007980895023
-0.00829500467
-0.008613269935
-0.008933068328
-0.009250847483
-0.009562209769
-0.009861999466
-0.01014439546
-0.01040301248
-0.01063101377
-0.01082123809
-0.0109663433
-0.01105896837
-0.01109191527
-0.0110583507
-0.01095202797
-0.01076752865
-0.01050051176
-0.01014794751
-0.009708463618
-0.009182463187
-0.008572583291
-0.007883765734
-0.007123442402
-0.006301647459
-0.005431037679
-0.004526812372
-0.003606516449
-0.00268971301
-0.001797518053
-0.000951998123
-0.0001754421289
0.0005104693256
0.001085560768
0.001532076161
0.001835551895
0.001985583821
0.001976423598
0.001807346614
0.001482748007
0.001011945612
0.0004086940376
-0.0003095884668
-0.001122856969
-0.002009142587
-0.002944310233
-0.003911087794
-0.004931443715
-0.005888842681
-0.002757133878
-0.003535433224
-0.004274683174
-0.00487606968
-0.005395680252
-0.005852713944
-0.006259420868
-0.006628548276
-0.006971720564
-0.007298875427
-0.007618259443
-0.007936455014
-0.008258432759
-0.008587631849
-0.008926053459
-0.009274357304
-0.009631955976
-0.009997104621
-0.01036698561
-0.01073778936
-0.01110479359
-0.01146244391
-0.01180443922
-0.01212382541
-0.01241310094
-0.01266433768
-0.01286932017
-0.01301970583
-0.01310720831
-0.01312380502
-0.01306196973
-0.01291493126
-0.01267694828
-0.01234357104
-0.01191202132
-0.01138139798
-0.01075310829
-0.01003109694
-0.009222052155
-0.008335600013
-0.007384400734
-0.006384137895
-0.005353380327
-0.004313296174
-0.003287204333
-0.002299956971
-0.001377158254
-0.0005442387476
0.0001745788275
0.0007573700351
0.001185587839
0.001445051862
0.00152676493
0.001427478261
0.001149940745
0.0007027929184
0.0001000974132
-0.0006395007325
-0.001493961069
-0.002438708323
-0.003446468479
-0.004497479005
-0.005615675584
-0.006670419856
-0.003865779263
-0.004652456201
-0.005400279177
-0.006009814218
-0.006538182813
-0.007005199336
-0.007423660926
-0.007806833366
-0.008166795947
-0.008513867932
-0.008856603658
-0.00920182186
-0.009554662387
-0.009918671421
-0.01029589925
-0.01068699974
-0.01109132579
-0.01150701804
-0.01193108644
-0.01235948599
-0.01278718926
-0.01320825882
-0.01361592368
-0.01400266356
-0.01436030541
-0.01468013593
-0.01495303417
-0.01516962751
-0.01532047403
-0.01539627327
-0.01538810716
-0.01528771353
-0.01508778569
-0.0147822639
-0.01436671506
-0.01383872446
-0.01319816781
-0.0124477011
-0.01159296381
-0.01064286746
-0.009609783304
-0.008509618384
-0.007361756576
-0.006188836303
-0.005016341231
-0.003871988428
-0.002784910435
-0.001784643901
-0.0008999570572
-0.0001575699576
0.0004191573305
0.000811475704
0.001006333612
0.0009971952733
0.0007844987255
0.0003756892157
-0.0002151992879
-0.000968434852
-0.001859931818
-0.00286229159
-0.003944741665
-0.005084684327
-0.006308139977
-0.007468705507
-0.005092041292
-0.005883931981
-0.006637558371
-0.007253310602
-0.007789076755
-0.008265193255
-0.008694953039
-0.009092095291
-0.009469120647
-0.00983670899
-0.01020371259
-0.0105771863
-0.0109624472
-0.01136316323
-0.01178145398
-0.01221799188
-0.0126720975
-0.01314182612
-0.01362404498
-0.01411450272
-0.0146078937
-0.0150979209
-0.01557736169
-0.01603814103
-0.01647141677
-0.01686768188
-0.017216888
-0.01750859462
-0.01773214768
-0.01787689088
-0.01793241184
-0.01788882729
-0.01773710532
-0.01746938953
-0.01707936319
-0.01656283464
-0.0159178609
-0.01514548838
-0.01424996559
-0.01323913459
-0.01212472467
-0.01092253339
-0.009652468833
-0.008338416622
-0.007007897495
-0.005691488589
-0.00442199325
-0.003233361638
-0.002159387183
-0.00123223082
-0.0004808533981
7.053707808e-05
0.0004038973314
0.0005084858839
0.0003815992514
2.880900339e-05
-0.0005363554101
-0.001293320297
-0.002215968806
-0.003273882158
-0.004432408796
-0.005665729349
-0.00700204953
-0.008277358588
-0.006435911151
-0.00722988413
-0.007986573149
-0.008606623713
-0.009148412973
-0.009632698787
-0.01007321387
-0.01048412368
-0.01087831711
-0.01126681624
-0.01165876553
-0.012061461
-0.01248041089
-0.01291942617
-0.01338072268
-0.01386502265
-0.01437164861
-0.01489860657
-0.01544265782
-0.01599938076
-0.01656322594
-0.01712756795
-0.01768475909
-0.01822618982
-0.01874236117
-0.01922297445
-0.01965704355
-0.02003303473
-0.02033903873
-0.02056297925
-0.02069286134
-0.02071706424
-0.02062468169
-0.02040587981
-0.02005226022
-0.01955755743
-0.01891773471
-0.01813188506
-0.01720249751
-0.01613594731
-0.01494291121
-0.01363867135
-0.01224328178
-0.01078155287
-0.009282808103
-0.007780372928
-0.006310765628
-0.004912578034
-0.003625059026
-0.002486445804
-0.001532124415
-0.0007927375992
-0.0002923891138
-4.711245791e-05
-6.377206707e-05
-0.0003395394895
-0.0008620391934
-0.001610239434
-0.002556097868
-0.003666018631
-0.004901079739
-0.006231811148
-0.007688686121
-0.009088049875
-0.007896560609
-0.008689570892
-0.00944665544
-0.01006912105
-0.01061554958
-0.01110701306
-0.01155762366
-0.01198192486
-0.01239316249
-0.01280268622
-0.01321993242
-0.01365244987
-0.01410595914
-0.01458444288
-0.01509024763
-0.01562418402
-0.01618561795
-0.01677254926
-0.01738167683
-0.01800845192
-0.01864712263
-0.01929077375
-0.01993136707
-0.02055978765
-0.02116590169
-0.02173863197
-0.02226605674
-0.02273553766
-0.02313388253
-0.02344754794
-0.02366288603
-0.02376644124
-0.02374530276
-0.02358749029
-0.02328233754
-0.02282122359
-0.02219777586
-0.0214087458
-0.0204544852
-0.01933947504
-0.01807287936
-0.01666899038
-0.01514754167
-0.01353383958
-0.01185865533
-0.01015782233
-0.008471490809
-0.006843008709
-0.005317423695
-0.003939637971
-0.002752292058
-0.001793502473
-0.001094623975
-0.0006782411438
-0.0005566071082
-0.0007307283665
-0.001190244719
-0.001914228497
-0.002872944825
-0.004029530431
-0.005340406045
-0.006771985766
-0.008357069155
-0.009890116022
-0.009472344762
-0.01026150032
-0.0110164387
-0.01163949824
-0.01218917813
-0.0126867513
-0.01314664525
-0.01358373339
-0.01401159037
-0.01444188456
-0.01488435128
-0.01534681189
-0.01583522919
-0.01635379494
-0.01690502919
-0.01748987754
-0.01810779817
-0.01875683472
-0.01943367387
-0.0201336891
-0.02085097383
-0.02157836831
-0.02230748556
-0.02302874239
-0.02373140145
-0.02440363087
-0.02503258786
-0.02560453266
-0.02610497924
-0.02651888881
-0.02683091154
-0.02702568286
-0.02708818264
-0.02700414234
-0.02676045323
-0.02634586836
-0.0257514897
-0.02497132585
-0.02400320884
-0.02284928044
-0.02151669479
-0.02001822066
-0.01837272185
-0.01660546465
-0.01474818345
-0.01283883261
-0.01092095669
-0.009042624078
-0.007254894927
-0.005609833093
-0.004158124686
-0.002946427201
-0.002014636863
-0.001393316235
-0.001101556456
-0.001145542796
-0.001518045053
-0.002199026321
-0.003157463173
-0.004353236608
-0.005737750593
-0.007272809585
-0.008993576204
-0.01067016683
-0.01116082858
-0.01194346334
-0.01269389941
-0.01331582507
-0.01386737074
-0.01436989168
-0.01483806367
-0.01528704364
-0.01573071233
-0.01618105588
-0.01664812525
-0.01714004485
-0.01766306031
-0.01822162027
-0.01881847083
-0.01945474785
-0.02013005848
-0.02084254707
-0.0215889444
-0.0223646012
-0.02316350939
-0.02397831537
-0.02480033112
-0.02561954913
-0.02642466785
-0.02720313434
-0.0279412112
-0.02862407468
-0.02923595098
-0.02976029773
-0.03018003706
-0.03047784706
-0.03063652187
-0.03063939592
-0.03047078015
-0.03011657005
-0.02956512323
-0.02880738632
-0.02783828725
-0.02665718038
-0.02526869228
-0.02368349136
-0.02191895179
-0.0199996633
-0.01795770797
-0.01583261605
-0.01367091088
-0.01152516058
-0.009452476175
-0.007512435139
-0.005764467835
-0.004264818951
-0.003063279697
-0.002199966716
-0.001702483072
-0.00158381307
-0.001841266112
-0.002456758842
-0.003398606745
-0.004623593578
-0.006077805553
-0.007717932008
-0.009581513779
-0.01141163916
-0.01295883057
-0.01373259088
-0.01447642235
-0.01509561511
-0.01564765057
-0.01615384334
-0.01662904839
-0.01708866351
-0.0175468609
-0.01801595455
-0.01850634066
-0.01902649058
-0.01958298674
-0.02018059494
-0.02082235107
-0.02150964636
-0.0222423018
-0.02301862621
-0.02383545634
-0.02468817989
-0.02557074452
-0.02647565747
-0.02739398155
-0.02831533385
-0.02922789411
-0.03011842986
-0.03097234568
-0.03177376418
-0.03250564601
-0.03314995684
-0.03368788837
-0.03410014093
-0.03436727861
-0.03447016274
-0.03439041369
-0.03411093615
-0.03361707969
-0.03289650835
-0.031940865
-0.03074629288
-0.0293143759
-0.02765308354
-0.02577763003
-0.02371120729
-0.02148550727
-0.01914093102
-0.01672637227
-0.0142984631
-0.01192018394
-0.009658776171
-0.007582956561
-0.005759518567
-0.004249510673
-0.003104292662
-0.002361866213
-0.002043926227
-0.00215406497
-0.002677546553
-0.00358293709
-0.004824284187
-0.00634215574
-0.008087630663
-0.01010062974
-0.0120942935
-0.01486249452
-0.01562543421
-0.01636089083
-0.01697592115
-0.01752708821
-0.01803553955
-0.01851623965
-0.01898479109
-0.01945565453
-0.01994149699
-0.02045310624
-0.02099936186
-0.02158725364
-0.02222194002
-0.02290682361
-0.02364362711
-0.02443245901
-0.02527186303
-0.02615884873
-0.02708890391
-0.02805599174
-0.02905253691
-0.03006940695
-0.03109589496
-0.03211971114
-0.03312699033
-0.03410232341
-0.03502882025
-0.03588821235
-0.03666100323
-0.0373266747
-0.03786395691
-0.03825117368
-0.0384666749
-0.0384893142
-0.03829894356
-0.03787764198
-0.03720970635
-0.03628309639
-0.03509037155
-0.03362958784
-0.03190542305
-0.02993023805
-0.02772504623
-0.02532030904
-0.02275644361
-0.02008390978
-0.01736273289
-0.01466132269
-0.01205447647
-0.009620512429
-0.007437572827
-0.005579261708
-0.004109926839
-0.003080036376
-0.002522198493
-0.002448396242
-0.00284902163
-0.003694155388
-0.004935739543
-0.006508777081
-0.008358285537
-0.01052656476
-0.01269364755
-0.01686738314
-0.01761807426
-0.01834380616
-0.01895345957
-0.01950242626
-0.020011558
-0.02049586054
-0.02097111534
-0.02145208503
-0.02195183501
-0.02248161309
-0.02305079043
-0.02366685551
-0.02433545333
-0.02506044576
-0.02584397551
-0.02668652167
-0.02758693978
-0.02854248307
-0.02954880466
-0.03059994345
-0.03168829786
-0.03280459327
-0.03393784982
-0.03507535781
-0.03620266836
-0.0373036072
-0.03836031971
-0.03935335548
-0.04026180103
-0.04106346918
-0.0417351537
-0.04225296046
-0.04259273003
-0.04273052421
-0.04264312356
-0.0423091142
-0.04170942931
-0.04082801329
-0.03965352236
-0.03818005151
-0.03640842926
-0.03434747955
-0.03201523095
-0.02944000288
-0.02666124886
-0.02373000697
-0.02070878504
-0.01767069683
-0.01469767897
-0.01187766727
-0.009300704695
-0.007054094669
-0.00521689323
-0.003854227958
-0.003012092799
-0.002713351409
-0.002955741751
-0.003712548189
-0.004934585368
-0.00655146622
-0.008501784118
-0.01083023534
-0.01318034321
-0.01896860398
-0.01970626007
-0.02042143831
-0.02102476653
-0.02157023494
-0.0220782702
-0.02256385546
-0.02304294055
-0.02353062634
-0.02404044901
-0.02458421353
-0.02517189407
-0.02581159503
-0.02650956426
-0.02727023383
-0.02809626911
-0.02898861287
-0.02994651566
-0.03096754814
-0.03204759421
-0.03318082699
-0.03435967172
-0.03557476093
-0.03681488897
-0.03806697272
-0.03931602673
-0.04054516045
-0.04173560601
-0.04286678503
-0.04391642317
-0.04486072143
-0.04567459318
-0.04633197764
-0.0468062463
-0.04707069425
-0.04709904725
-0.04686629267
-0.04634996327
-0.04552982895
-0.04439037535
-0.04292137823
-0.04111932488
-0.03898886475
-0.0365442504
-0.03381071896
-0.03082569468
-0.02763965261
-0.02431644651
-0.02093287488
-0.0175772523
-0.01434678428
-0.01134362811
-0.00866967123
-0.006420270136
-0.004677445625
-0.003503271035
-0.002934358663
-0.002978488745
-0.003614336947
-0.004793004289
-0.006439191485
-0.008484852699
-0.01097714496
-0.01351944219
-0.02116096317
-0.02188558265
-0.02259001315
-0.02318639011
-0.02372710156
-0.02423202169
-0.02471605587
-0.02519533424
-0.02568536334
-0.02620025837
-0.02675251567
-0.02735285944
-0.02801015905
-0.02873140859
-0.0295217427
-0.03038446797
-0.03132109435
-0.03233135622
-0.03341321694
-0.03456285471
-0.03577463088
-0.03704104422
-0.03835267643
-0.03969813548
-0.04106400411
-0.04243480123
-0.04379296454
-0.04511886243
-0.04639084401
-0.04758533594
-0.04867699531
-0.04963892775
-0.050442981
-0.05106013065
-0.05146096644
-0.0516162031
-0.05149729694
-0.05107823766
-0.05033470614
-0.04924675771
-0.04779960108
-0.04598498826
-0.04380283959
-0.0412629003
-0.0383864065
-0.03520765413
-0.03177530894
-0.0281532445
-0.02442064611
-0.02067108571
-0.01701027686
-0.01355228169
-0.01041408499
-0.00770868397
-0.005537153337
-0.003980478931
-0.003092235543
-0.00289344257
-0.003370922003
-0.004478005812
-0.006135359998
-0.008268306472
-0.01092661641
-0.01366964624
-0.02343915763
-0.02415168698
-0.02484594041
-0.0254351228
-0.02596985768
-0.02646934543
-0.02694837378
-0.02742329723
-0.02791013792
-0.02842374555
-0.02897748967
-0.02958303599
-0.0302502071
-0.0309869188
-0.0317991655
-0.03269103089
-0.03366470626
-0.03472050319
-0.03585685247
-0.03707028552
-0.03835539814
-0.03970479951
-0.0411090511
-0.04255660216
-0.04403372878
-0.04552448447
-0.04701067041
-0.04847183375
-0.04988530248
-0.05122626581
-0.05246790912
-0.05358161291
-0.05453722541
-0.05530342494
-0.05584818825
-0.05613929921
-0.0561448778
-0.05583514704
-0.05518201536
-0.05416088495
-0.05275226355
-0.05094289309
-0.0487275259
-0.046110772
-0.04310902363
-0.03975237804
-0.03608640505
-0.03217354159
-0.028093826
-0.02394462237
-0.01983895301
-0.01590208428
-0.0122661309
-0.009062681919
-0.0064138116
-0.004422272718
-0.003162093411
-0.002671224677
-0.002948013398
-0.003950596056
-0.005596991467
-0.007806211205
-0.01063093991
-0.01358243703
-0.02579800518
-0.02650053102
-0.02718609087
-0.02776828146
-0.02829584897
-0.02878721115
-0.02925702333
-0.02972195423
-0.03019870897
-0.03070308907
-0.03124957979
-0.03185103524
-0.0325184665
-0.0332609244
-0.03408544808
-0.03499705276
-0.0359987352
-0.03709148021
-0.0382742575
-0.03954400256
-0.04089558031
-0.04232173303
-0.04381301707
-0.04535773426
-0.04694186536
-0.04854901306
-0.05016036309
-0.05175467142
-0.05330828653
-0.05479521504
-0.05618724022
-0.05745410227
-0.05856375019
-0.05948267911
-0.06017637266
-0.06060980988
-0.06074797248
-0.06055723554
-0.0600060186
-0.05906502997
-0.05771003896
-0.05592263038
-0.05369208959
-0.05101740483
-0.04790940982
-0.04439302756
-0.04050948132
-0.03631826392
-0.03189856847
-0.0273497903
-0.02279063462
-0.01835634142
-0.01419361412
-0.01045305612
-0.007279308283
-0.004799610934
-0.003112101944
-0.002275809957
-0.002304643068
-0.003164839553
-0.004773791215
-0.007044947996
-0.01003442818
-0.01320112898
-0.02823272638
-0.0289287
-0.02960813227
-0.03018404342
-0.03070325428
-0.03118331419
-0.03163877118
-0.03208676273
-0.03254492174
-0.03303029939
-0.0335588158
-0.03414482813
-0.0348008274
-0.03553725581
-0.03636241259
-0.03728241746
-0.03830120499
-0.03942052901
-0.04063996233
-0.04195688299
-0.0433664434
-0.04486152293
-0.04643266754
-0.04806802209
-0.04975326239
-0.05147153475
-0.05320341133
-0.05492686962
-0.05661730467
-0.05824758263
-0.05978814453
-0.0612071695
-0.06247080662
-0.06354348731
-0.06438833887
-0.06496768879
-0.06524356075
-0.06517857128
-0.06473786092
-0.06388758142
-0.06259880644
-0.06084795381
-0.0586186982
-0.05590408842
-0.05270885775
-0.04905193724
-0.04496906978
-0.04051533928
-0.03576732737
-0.03082448841
-0.02580921122
-0.02086495144
-0.0161518248
-0.01183921702
-0.0080953502
-0.005074351568
-0.002902133184
-0.001663312969
-0.001392055869
-0.002066806089
-0.003607111837
-0.005922168701
-0.009072367698
-0.01245982619
-0.03073928557
-0.03143379221
-0.0321109396
-0.03268185196
-0.03319146347
-0.03365640916
-0.03409121666
-0.03451373772
-0.03494288154
-0.03539735092
-0.03589491583
-0.03645183307
-0.03708243025
-0.03779884516
-0.038610884
-0.03952596084
-0.04054908515
-0.0416828704
-0.04292754417
-0.04428094737
-0.04573851647
-0.04729324778
-0.0489356463
-0.05065366461
-0.05243263863
-0.05425522806
-0.05610136998
-0.05794825393
-0.0597703273
-0.06153933933
-0.06322443266
-0.06479229124
-0.06620735377
-0.06743210265
-0.06842744849
-0.06915322124
-0.06956865552
-0.0696329337
-0.06930777584
-0.06855537639
-0.06734206895
-0.06563924001
-0.06342497214
-0.06068623995
-0.05742133768
-0.05364259678
-0.04937933871
-0.04468091468
-0.03961957501
-0.03429276575
-0.02882428406
-0.0233635693
-0.01808232416
-0.01316773658
-0.008811905385
-0.005197713599
-0.002482318028
-0.0007806621961
-0.000152480483
-0.0005933950656
-0.002028790955
-0.004365627841
-0.007669850205
-0.01128226859
-0.03331481449
-0.0340148965
-0.03469510085
-0.03526290917
-0.03576152695
-0.03620669565
-0.03661310354
-0.0369996894
-0.03738712566
-0.03779630226
-0.03824737233
-0.03875898615
-0.0393477384
-0.04002781767
-0.04081081419
-0.04170563897
-0.04271851207
-0.04385298507
-0.04510997197
-0.04648777164
-0.0479820727
-0.04958593797
-0.05128977022
-0.05308126403
-0.05494535083
-0.05686414501
-0.05881689982
-0.0607799816
-0.06272687134
-0.06462820198
-0.06645183998
-0.06816302025
-0.06972454289
-0.07109704117
-0.07223933772
-0.07310890793
-0.07366236218
-0.07385590703
-0.07364753222
-0.07299620293
-0.07186356803
-0.07021621233
-0.06802678287
-0.06527622262
-0.061956263
-0.05807227187
-0.05364646192
-0.04872136066
-0.04336333354
-0.03766579452
-0.03175153556
-0.02577338239
-0.01991219735
-0.01437120101
-0.009365807841
-0.005108781999
-0.001791563362
0.0004358146037
0.00148221509
0.001328970051
4.01510426e-05
-0.002291866573
-0.00574045985
-0.009580546286
-0.03595814312
-0.03667319425
-0.03736354954
-0.03793078219
-0.03841669533
-0.03883626619
-0.03920466617
-0.03954247108
-0.03987278705
-0.04021939621
-0.04060551226
-0.04105278557
-0.04158058902
-0.04220556807
-0.04294139935
-0.04379869816
-0.04478501982
-0.04590491022
-0.04715997169
-0.04854892192
-0.05006763331
-0.0517091479
-0.05346366853
-0.05531853098
-0.05725816419
-0.05926404689
-0.06131466976
-0.06338551217
-0.06544904278
-0.06747475252
-0.06942922855
-0.07127627809
-0.07297711065
-0.07449058722
-0.0757735505
-0.07678125692
-0.07746786103
-0.07778685592
-0.0776926082
-0.07714121137
-0.07608989799
-0.07450073838
-0.07234121007
-0.06958642357
-0.06622162916
-0.06224512042
-0.05767160504
-0.05253600054
-0.04689751116
-0.0408436846
-0.03449392258
-0.02800163441
-0.0215539274
-0.01536752498
-0.009679656267
-0.004733155948
-0.0007560947796
0.002061860118
0.003591974176
0.003785787187
0.002690977735
0.0003952814252
-0.003184781072
-0.007253646365
-0.03867048382
-0.03941273147
-0.04012236832
-0.04069215906
-0.04116307456
-0.04154963049
-0.04186801438
-0.04214123441
-0.04239574234
-0.04265913054
-0.0429585227
-0.04331930281
-0.04376421672
-0.04431281852
-0.04498118868
-0.04578184551
-0.04672377919
-0.04781255008
-0.04905040836
-0.0504364062
-0.05196648591
-0.05363353707
-0.05542742294
-0.05733498035
-0.05934000118
-0.0614232043
-0.06356220749
-0.06573150952
-0.06790249222
-0.07004345115
-0.0721196634
-0.07409350218
-0.07592460613
-0.07757011192
-0.07898496116
-0.08012230291
-0.0809339796
-0.08137096029
-0.08138418415
-0.08092713526
-0.07995296251
-0.07841951788
-0.07628945883
-0.07353238457
-0.0701273204
-0.06606561124
-0.06135436099
-0.05602043682
-0.05011496805
-0.04371812592
-0.03694374277
-0.02994300154
-0.02290603298
-0.01605988478
-0.009661155118
-0.003981861087
0.0007118911797
0.004186765918
0.006270094731
0.006876073074
0.006028899503
0.003806413537
0.0001113293442
-0.004185780376
-0.04145633027
-0.04224142969
-0.0429818277
-0.04355780542
-0.04401043117
-0.04435433489
-0.04460756294
-0.04479668873
-0.04495273635
-0.04510828995
-0.04529543312
-0.04554415403
-0.0458812461
-0.04632965676
-0.04690818455
-0.04763142115
-0.04850984612
-0.04955000022
-0.05075468299
-0.05212313857
-0.05365120944
-0.05533144917
-0.05715319421
-0.05910259942
-0.06116264641
-0.06331313512
-0.06553066834
-0.06778864107
-0.07005724571
-0.07230350156
-0.07449131713
-0.07658159668
-0.0785323977
-0.08029914825
-0.08183493358
-0.08309087161
-0.08401658837
-0.08456065581
-0.0846710171
-0.08429819484
-0.08339211256
-0.08190648448
-0.07979954284
-0.07703577553
-0.07358836442
-0.06944202417
-0.06459642616
-0.05907029396
-0.05290617618
-0.04617578329
-0.03898556821
-0.03148188486
-0.02385459107
-0.01633742644
-0.009203060843
-0.002750669123
0.002715359289
0.006914797685
0.009624845528
0.01071413076
0.01017498301
0.008068579409
0.004278786407
-0.0002444085451
-0.04432466928
-0.0451724352
-0.04595775148
-0.04654379316
-0.04697319494
-0.04726170169
-0.04743051296
-0.04751136068
-0.04754147367
-0.04755992897
-0.04760504609
-0.04771242668
-0.04791365181
-0.04823555563
-0.04869993765
-0.04932357597
-0.0501184226
-0.0510918874
-0.05224714368
-0.0535834121
-0.05509619895
-0.05677747854
-0.05861582122
-0.06059647144
-0.06270138802
-0.06490925861
-0.06719549864
-0.06953224852
-0.07188838255
-0.07422953777
-0.07651816976
-0.07871365173
-0.08077242036
-0.08264817844
-0.08429216329
-0.08565349713
-0.08667963808
-0.08731683324
-0.08751048589
-0.08720767368
-0.08635588459
-0.08490479583
-0.08280858333
-0.08002703661
-0.07652793747
-0.07228981705
-0.06730529643
-0.06158516733
-0.05516329354
-0.04810231571
-0.04049998843
-0.03249563972
-0.02427574026
-0.01607690054
-0.008183910754
-0.0009199945575
0.005373217982
0.01036648409
0.01378112756
0.01543151027
0.01526837405
0.01332770956
0.00946776505
0.004722163724
-0.04729064793
-0.04822595317
-0.04907333995
-0.04967310003
-0.05007172148
-0.05028771914
-0.05034739265
-0.05028984776
-0.05016066514
-0.05000729358
-0.0498758074
-0.04980855714
-0.04984268602
-0.05000937747
-0.05033364178
-0.05083446016
-0.05152513439
-0.05241372675
-0.05350350985
-0.05479337644
-0.05627818257
-0.05794901387
-0.05979337983
-0.06179533992
-0.06393557907
-0.06619144744
-0.06853697296
-0.07094286357
-0.07337652428
-0.07580208652
-0.07818044765
-0.08046936467
-0.08262358818
-0.08459504992
-0.08633311351
-0.08778490212
-0.08889572269
-0.08960953338
-0.08986931801
-0.08961880039
-0.08880317563
-0.08736831196
-0.08526462022
-0.08244756923
-0.07887998171
-0.07453470117
-0.06939780424
-0.06347258593
-0.05678446482
-0.04938686361
-0.04136806443
-0.03285872431
-0.02403923519
-0.01514537167
-0.006469730948
0.001644426607
0.008820577777
0.01467965412
0.01888213707
0.02117919359
0.0214689358
0.01975160348
0.0158508172
0.01088781264
-0.0503779144
-0.05143178337
-0.05236163903
-0.05297771615
-0.05333389605
-0.05345411799
-0.05337266206
-0.05313905313
-0.05281001077
-0.05244366468
-0.05209560407
-0.05181615356
-0.05164877311
-0.05162936651
-0.05178623335
-0.05214042686
-0.05270632786
-0.05349229609
-0.05450130613
-0.0557315131
-0.05717672142
-0.05882674713
-0.0606676869
-0.06268209253
-0.06484908607
-0.06714442938
-0.06954054052
-0.07200648708
-0.07450803915
-0.07700769845
-0.07946468506
-0.08183503884
-0.08407174024
-0.08612488139
-0.08794189884
-0.08946787935
-0.09064595912
-0.09141780016
-0.09172398825
-0.09150496929
-0.09070368668
-0.0892623153
-0.08712768553
-0.08425124956
-0.0805912491
-0.07611527559
-0.07080335912
-0.06465185079
-0.05767821083
-0.04992687353
-0.04147639419
-0.03244773118
-0.02301310627
-0.01340415301
-0.00391694835
0.005089820472
0.0132082519
0.02001005611
0.02509095879
0.02813003642
0.02896043652
0.02753371069
0.023626906
0.0184525423
-0.05362196356
-0.05483287814
-0.05586892481
-0.05650144274
-0.05679718032
-0.05678967075
-0.056525376
-0.05606837521
-0.05549008735
-0.05486209524
-0.05425146981
-0.05371775218
-0.0533113659
-0.05307312747
-0.05303449475
-0.05321824938
-0.05363938212
-0.05430602036
-0.05522029563
-0.0563790954
-0.05777467511
-0.05939512046
-0.06122470559
-0.06324410132
-0.0654305428
-0.06775794891
-0.07019691464
-0.07271472183
-0.07527535424
-0.07783945974
-0.08036442724
-0.08280446048
-0.08511066706
-0.08723120799
-0.08911150973
-0.09069454713
-0.09192121741
-0.09273081242
-0.093061444
-0.09285047321
-0.09203808497
-0.09056348274
-0.08837004104
-0.08540508148
-0.08162246178
-0.07698481215
-0.07146650836
-0.06505747142
-0.05776773232
-0.04963315325
-0.04072273358
-0.03114729828
-0.02106949503
-0.01071413512
-0.0003767750967
0.009573291641
0.01870117381
0.02653130606
0.03259196115
0.03648149294
0.03795447664
0.03689803487
0.03302678383
0.0276478154
-0.05707500097
-0.05849040533
-0.0596593908
-0.06030363061
-0.06051122062
-0.06033173789
-0.05982987315
-0.05908979548
-0.05820208066
-0.05725498958
-0.05632915828
-0.05549447805
-0.05480874282
-0.0543175743
-0.05405514708
-0.05404533651
-0.05430301872
-0.05483534563
-0.05564288893
-0.05672060172
-0.05805858973
-0.0596426553
-0.06145480933
-0.06347352782
-0.06567386936
-0.06802758682
-0.07050313274
-0.07306569415
-0.07567726259
-0.078296586
-0.08087913978
-0.08337719311
-0.08573988947
-0.08791337547
-0.08984098965
-0.09146352125
-0.09271955713
-0.09354593424
-0.09387819085
-0.09365087793
-0.09280074147
-0.09126391622
-0.08897983359
-0.0858921741
-0.08195039461
-0.07711278598
-0.07134881011
-0.06464185679
-0.05699461871
-0.04843475884
-0.03902198836
-0.02885689532
-0.01809179141
-0.006942742316
0.004298592073
0.01525693718
0.02547526918
0.03443377247
0.04159176202
0.04645861181
0.04869539039
0.04810565004
0.04432037509
0.03874399388
-0.06081313701
-0.06249104593
-0.06382169211
-0.06446418048
-0.064541139
-0.06412804514
-0.06331640129
-0.0622177474
-0.06094724744
-0.05961342482
-0.0583125031
-0.05712554602
-0.05611769352
-0.05533880377
-0.05482489013
-0.05459990458
-0.05467756719
-0.05506305958
-0.05575447956
-0.05674402465
-0.05801897124
-0.0595623317
-0.06135337155
-0.06336783624
-0.06557814655
-0.06795362163
-0.07046043684
-0.0730616002
-0.07571695666
-0.07838315044
-0.08101360795
-0.08355855909
-0.08596509019
-0.08817724585
-0.09013619031
-0.09178043854
-0.09304617373
-0.09386767144
-0.09417776344
-0.09390816863
-0.09299191917
-0.09136238767
-0.08895491654
-0.08570916855
-0.08157021201
-0.07649095891
-0.07043504701
-0.06338000746
-0.05532277509
-0.0462835979
-0.03631208057
-0.02549812209
-0.01398306895
-0.001972810341
0.0102474823
0.02230055857
0.03371211766
0.04392178123
0.05231934088
0.05831719802
0.06146641256
0.06146351989
0.05782716735
0.05206105586
-0.06494722528
-0.06695765074
-0.06847813786
-0.06909020131
-0.06897158859
-0.06823857647
-0.06702146844
-0.0654685318
-0.06372588646
-0.06192602461
-0.06018240657
-0.05858747082
-0.05721298196
-0.05611179639
-0.05532030104
-0.05486102397
-0.0547451086
-0.05497448182
-0.05554363929
-0.05644113661
-0.05765065637
-0.05915171121
-0.06092019281
-0.06292875253
-0.06514697257
-0.06754145865
-0.07007584172
-0.07271074464
-0.07540373338
-0.07810925638
-0.08077860169
-0.08335988243
-0.08579805807
-0.08803500461
-0.09000964397
-0.09165814317
-0.09291419846
-0.09370942535
-0.09397381836
-0.09363611052
-0.09262552436
-0.09087229198
-0.08830744982
-0.08486635757
-0.0804893553
-0.07512415544
-0.06872858656
-0.06127377402
-0.05274833083
-0.04316357994
-0.03256142383
-0.02102251463
-0.008675390168
0.004286615686
0.01758744577
0.03085113002
0.04359042658
0.05520817252
0.06502454145
0.07234682139
0.07659740147
0.07733661412
0.07393118434
0.06798449345
-0.06963953808
-0.07206500444
-0.07379764364
-0.07432476337
-0.07391151707
-0.07273724731
-0.07098747241
-0.06885882299
-0.06653540684
-0.0641770334
-0.06191516424
-0.05985274231
-0.05806638055
-0.05660976662
-0.05551743498
-0.0548083996
-0.05448936568
-0.05455740163
-0.05500212213
-0.05580738512
-0.05695237541
-0.05841240003
-0.0601595396
-0.06216294143
-0.06438898579
-0.0668013375
-0.06936091603
-0.07202582307
-0.07475125038
-0.07748938253
-0.08018931529
-0.08279700257
-0.08525524132
-0.08750370523
-0.08947903754
-0.09111501353
-0.09234278631
-0.0930912366
-0.0932874128
-0.09285690959
-0.0917250622
-0.0898185718
-0.0870638926
-0.08339167574
-0.07873700188
-0.07304172091
-0.06625710548
-0.05834697704
-0.04929171099
-0.03909330979
-0.02778209581
-0.01542543139
-0.002141615259
0.01188777859
0.02640104935
0.04102811185
0.05527289947
0.068504683
0.07997363964
0.08887292051
0.09447430745
0.09616466864
0.09310296934
0.08698957034
-0.07513004609
-0.07806345997
-0.08001396347
-0.08035810063
-0.07949922591
-0.07771256769
-0.07526071144
-0.07240241302
-0.06936675024
-0.06634297094
-0.0634796164
-0.06088754939
-0.05864493255
-0.05680287685
-0.05539088592
-0.05442167481
-0.05389515004
-0.05380162439
-0.05412441249
-0.05484146954
-0.05592651672
-0.05735004069
-0.05907979143
-0.06108104954
-0.06331673374
-0.06574739215
-0.06833111505
-0.07102340647
-0.07377703959
-0.07654191264
-0.07926492252
-0.08188986844
-0.08435739544
-0.08660498732
-0.0885670187
-0.09017487592
-0.0913571593
-0.0920399856
-0.09214739229
-0.09160171618
-0.09032437058
-0.0882381467
-0.08526463171
-0.0813292994
-0.07636134961
-0.07029593783
-0.06307672368
-0.05465885848
-0.04501279583
-0.03412917458
-0.02202531101
-0.0087539465
0.005584453145
0.0208258019
0.03671822192
0.05290421285
0.06888687062
0.08400582087
0.09743968958
0.1082563814
0.115550107
0.1184852395
0.1159322871
0.1096792897
-0.08177901199
-0.08531485531
-0.08745114919
-0.08744119927
-0.08590649982
-0.08326560595
-0.07988605639
-0.07610365602
-0.07219788199
-0.06838683238
-0.06483230938
-0.06164791269
-0.05890794037
-0.05665591316
-0.0549119719
-0.05367896404
-0.05294712032
-0.05269798938
-0.05290690029
-0.05354450548
-0.05457827752
-0.05597324508
-0.05769240001
-0.05969687335
-0.0619459456
-0.0643969476
-0.06700509426
-0.06972328536
-0.07250189752
-0.0752885842
-0.07802809843
-0.08066214893
-0.08312929852
-0.08536491315
-0.08730116975
-0.08886713163
-0.08998890206
-0.09058987255
-0.09059107497
-0.08991153568
-0.08846877832
-0.08618135413
-0.08296575333
-0.07874180705
-0.07343217323
-0.06696437889
-0.05927319014
-0.05030336308
-0.04001316093
-0.02837893846
-0.01540133198
-0.001113829153
0.01440502102
0.03101460917
0.04848800848
0.0664797699
0.08449752142
0.101863161
0.11768377
0.1308873222
0.1403558686
0.1449649949
0.1431775309
0.1368456385
-0.09013824646
-0.09434781976
-0.09655840535
-0.09590049498
-0.0933388509
-0.08950185992
-0.08489512694
-0.07994496405
-0.07498226036
-0.07024824781
-0.0659094953
-0.06207337366
-0.05880204766
-0.0561244325
-0.05404569693
-0.05255434364
-0.05162794335
-0.0512368008
-0.0513462438
-0.0519186069
-0.05291430609
-0.05429239134
-0.05601078743
-0.0580263108
-0.06029453876
-0.06276958952
-0.06540385431
-0.06814771202
-0.07094924756
-0.07375398884
-0.07650467385
-0.07914105644
-0.08159975768
-0.08381416919
-0.08571441497
-0.08722737853
-0.08827680391
-0.08878348362
-0.08866554414
-0.08783874923
-0.08621685228
-0.08371394204
-0.08024130732
-0.07571275179
-0.07004377968
-0.063153351
-0.05496595622
-0.04541399145
-0.03444082145
-0.0220048514
-0.00808514955
0.007310495002
0.0241336529
0.04227762048
0.06155125081
0.08164187386
0.1020701943
0.122146825
0.1409211292
0.1571669782
0.1695087039
0.1764418201
0.1758423956
0.1695725286
-0.1010739911
-0.1059436639
-0.1079557333
-0.1061493753
-0.1020254307
-0.09651057012
-0.0902824712
-0.08386409958
-0.07762920618
-0.07182748501
-0.06661455859
-0.06207729
-0.05825373799
-0.05514898694
-0.05274617087
-0.0510146763
-0.04991560217
-0.04940518496
-0.04943734023
-0.04996505102
-0.0509410567
-0.05231810906
-0.05404894426
-0.05608607174
-0.05838145654
-0.06088614757
-0.06354988741
-0.06632072748
-0.06914466506
-0.07196531262
-0.07472360714
-0.07735756487
-0.07980208575
-0.08198881145
-0.08384604114
-0.08529870964
-0.08626843363
-0.08667363519
-0.0864297497
-0.08544945429
-0.0836429554
-0.08091982434
-0.07718623512
-0.07234974268
-0.06631824635
-0.05900134548
-0.05031196583
-0.0401681718
-0.0284955319
-0.01523035123
-0.000324306739
0.01624856793
0.03448095533
0.0543149515
0.0756147337
0.0981248238
0.1214110127
0.1447889824
0.1672649527
0.1874670525
0.2037080672
0.2139763677
0.2152913569
0.2094099341
-0.1159843524
-0.1212695848
-0.1224873532
-0.1186847583
-0.1121851771
-0.1043197016
-0.09596080918
-0.08771512717
-0.07997230693
-0.07296097153
-0.06679947913
-0.06153292536
-0.05715917277
-0.05364781807
-0.05095193345
-0.04901569698
-0.04777985961
-0.04718458672
-0.04717108287
-0.04768228241
-0.04866298166
-0.05005963276
-0.05181994043
-0.05389235566
-0.05622552829
-0.05876775716
-0.06146646179
-0.06426768998
-0.06711566992
-0.0699524113
-0.07271735819
-0.07534709511
-0.0777751073
-0.07993159629
-0.08174335212
-0.0831336841
-0.08402241258
-0.08432592675
-0.08395730929
-0.08282647195
-0.08084041492
-0.07790436023
-0.07391969107
-0.06878773846
-0.06240862581
-0.05468211594
-0.04550861709
-0.03479021253
-0.02243202049
-0.008344149986
0.007555263342
0.0253350117
0.04504208306
0.06668638871
0.09021431734
0.1154644516
0.1420974169
0.1694942106
0.1966396503
0.2220486105
0.2436966599
0.2588927511
0.2634013348
0.2586513691
-0.1372055988
-0.142086388
-0.1412656948
-0.1340393127
-0.1239418616
-0.1128059102
-0.101681729
-0.09120490744
-0.08172141771
-0.07338615603
-0.06624007235
-0.06025705647
-0.0553740128
-0.05151090516
-0.04858098414
-0.04649812231
-0.04517983658
-0.04454867886
-0.04453252901
-0.04506424473
-0.0460809823
-0.04752336744
-0.04933462207
-0.05145970756
-0.05384451686
-0.0564351316
-0.05917715023
-0.06201508821
-0.06489184867
-0.06774826038
-0.07052268003
-0.07315065576
-0.07556464928
-0.07769381469
-0.07946383235
-0.08079679669
-0.08161115701
-0.08182171175
-0.08133965028
-0.0800725867
-0.07792478482
-0.07479755207
-0.07058805358
-0.0651917402
-0.05850118438
-0.05040633282
-0.04079473077
-0.02955155263
-0.0165596289
-0.001699625255
0.01514928162
0.03410745866
0.05529004486
0.07879639428
0.104688381
0.132948646
0.1634054421
0.1956068567
0.2286340743
0.2609118113
0.290142498
0.3127870382
0.3228022018
0.3208468885
-0.1688431129
-0.1710810185
-0.1656616227
-0.152630396
-0.1371405837
-0.1215276976
-0.1069031631
-0.09379541195
-0.08239445948
-0.0726988145
-0.06461211384
-0.05799823307
-0.05270736879
-0.04859541409
-0.04552881093
-0.0433872536
-0.04206364693
-0.0414629025
-0.04150027397
-0.04209957628
-0.04319146871
-0.0447118819
-0.04660061561
-0.04880010748
-0.0512543608
-0.05390801476
-0.05670554032
-0.05959054594
-0.06250517997
-0.06538961793
-0.06818162576
-0.07081619121
-0.07322521758
-0.07533727436
-0.077077401
-0.07836695898
-0.07912352876
-0.07926084658
-0.07868876998
-0.07731321046
-0.07503630299
-0.07175616229
-0.06736652369
-0.06175767134
-0.05481534355
-0.04642034683
-0.03644789138
-0.02476646255
-0.01123624376
0.004292942798
0.02198409607
0.04201549387
0.06458206336
0.08989318092
0.1181616793
0.1495739131
0.1842227761
0.2219737656
0.2622222543
0.3035343625
0.3434074702
0.3775272553
0.3974589487
0.4021285123
-0.2182760324
-0.2123088783
-0.1971560688
-0.1744324963
-0.15101827
-0.1294584947
-0.1105987821
-0.09458809848
-0.08126071724
-0.07033213733
-0.06148860192
-0.05443935421
-0.04892768014
-0.04473492385
-0.04167710235
-0.03959997418
-0.038373781
-0.03788839599
-0.0380491484
-0.03877334002
-0.0399873815
-0.0416244516
-0.04362258343
-0.04592309371
-0.04846928572
-0.05120537121
-0.05407556829
-0.05702334244
-0.0599907655
-0.06291797328
-0.06574270735
-0.0683999294
-0.07082149932
-0.0729359096
-0.07466806926
-0.07593913086
-0.07666635335
-0.07676299256
-0.07613820202
-0.07469687228
-0.07233974029
-0.06896272943
-0.06445706992
-0.05870897406
-0.05159860258
-0.0429990527
-0.03277480065
-0.02077937508
-0.006852059625
0.009186674305
0.0275413269
0.04844935013
0.07219082107
0.09909869296
0.1295661205
0.1640421191
0.2029961964
0.2468119807
0.2955366256
0.3484074209
0.4031794846
0.4549928084
0.4929294804
0.5129228091
-0.2976866551
-0.2711442459
-0.2365600886
-0.1981786321
-0.1635863901
-0.1346039968
-0.1110782029
-0.09227512986
-0.07735830708
-0.06559612779
-0.05638581888
-0.04924846716
-0.04380964409
-0.03977781799
-0.0369246312
-0.03506926947
-0.03406643923
-0.03379724599
-0.03416234746
-0.03507681744
-0.03646626653
-0.03826388275
-0.04040814509
-0.0428410322
-0.04550659761
-0.0483498203
-0.05131566491
-0.05434830494
-0.05739047472
-0.06038292611
-0.06326397117
-0.06596909807
-0.06843064877
-0.07057755065
-0.07233509311
-0.07362474181
-0.07436398055
-0.07446617041
-0.07384040174
-0.07239125357
-0.07001884395
-0.06661812497
-0.06207878203
-0.056284381
-0.04911126025
-0.04042697787
-0.03008799761
-0.01793630477
-0.003794529744
0.01254102663
0.03131029911
0.05280339273
0.0773798924
0.1054948971
0.137732269
0.1748423158
0.2177716183
0.2676480334
0.3256327997
0.392484452
0.4674890235
0.5456294717
0.6133251044
0.6640373848
-0.4320422405
-0.3533561739
-0.2800826653
-0.2183803948
-0.1698919419
-0.1331323958
-0.1056442624
-0.08503881749
-0.06949434192
-0.0577269301
-0.04882131108
-0.04212292297
-0.03716372599
-0.03360467029
-0.0311949862
-0.02974499478
-0.02910762836
-0.02916568797
-0.02982303182
-0.03099841233
-0.03262108447
-0.03462761256
-0.03695949934
-0.03956138538
-0.04237965102
-0.04536130758
-0.04845310164
-0.0516007797
-0.05474847737
-0.05783820735
-0.06080942849
-0.06359868214
-0.06613928605
-0.06836107652
-0.07019019135
-0.07154888416
-0.0723553608
-0.07252362334
-0.0719632898
-0.07057936613
-0.06827218211
-0.06493679881
-0.06046246229
-0.05473176128
-0.04761935899
-0.03899009456
-0.02869619726
-0.0165732077
-0.002434018047
0.01393984454
0.03281101199
0.05450515369
0.07943898922
0.1081620076
0.1414184613
0.1802380797
0.2260628213
0.2809040621
0.3474854036
0.429211047
0.5291203313
0.6451004632
0.7631320521
0.874996103
-0.7303190354
-0.4692358261
-0.3093544103
-0.2188578013
-0.1584161233
-0.1171576503
-0.08919924139
-0.06966547707
-0.05561614225
-0.04537421579
-0.03786816197
-0.03238965376
-0.02847017892
-0.02579042311
-0.02412390081
-0.02330420931
-0.02320464022
-0.02372498593
-0.02478296316
-0.02630852326
-0.02823995472
-0.03052113046
-0.03309950405
-0.03592460461
-0.03894687149
-0.04211672728
-0.04538382308
-0.04869641259
-0.05200082621
-0.05524102505
-0.05835822143
-0.06129055567
-0.06397282139
-0.06633623265
-0.06830822605
-0.06981229015
-0.07076781262
-0.07108992992
-0.07068933757
-0.06947221503
-0.06733995199
-0.06418858307
-0.05990827538
-0.05438250278
-0.04748674756
-0.03908657226
-0.02903479051
-0.01716730811
-0.003296998544
0.01279536363
0.03137465886
0.05277198252
0.07741640157
0.1058850657
0.1389841216
0.1778822369
0.2243343545
0.2810594179
0.3523802768
0.4452125709
0.5697351397
0.738592521
0.9739880102
1.30121269
-1.424735367
-0.6452895915
-0.3288891833
-0.2091697622
-0.1363791148
-0.09158869837
-0.06541795725
-0.04898218762
-0.03792135964
-0.03027470407
-0.02492077747
-0.02118473016
-0.01866828135
-0.01712308915
-0.01638203488
-0.01632567216
-0.016863541
-0.01792307988
-0.01944305931
-0.0213695515
-0.02365330357
-0.02624793064
-0.02910860796
-0.03219107534
-0.03545084476
-0.03884254744
-0.04231938164
-0.0458326376
-0.0493312846
-0.05276161074
-0.05606690898
-0.0591872049
-0.0620590222
-0.06461518258
-0.06678463527
-0.06849231094
-0.06965899174
-0.0702011845
-0.07003101443
-0.06905609125
-0.06717922069
-0.06429804016
-0.06030454582
-0.05508434746
-0.04851552049
-0.04046689872
-0.03079555814
-0.01934311186
-0.005930244862
0.009651404336
0.02765147004
0.0483796652
0.07223556212
0.09975753837
0.1317068679
0.1692194296
0.2140930337
0.2693591606
0.3404900431
0.4379516091
0.5815337877
0.8106084341
1.249942947
2.17040618
)
;

boundaryField
{
    movingWall
    {
        type            zeroGradient;
    }
    fixedWalls
    {
        type            zeroGradient;
    }
    frontAndBack
    {
        type            empty;
    }
}


// ************************************************************************* //
